 13 TEFF'S       12 LOG G'S       8 FE/H'S        4 INDICES  (11 Aug 2003)
 3000. 3250. 3500. 3750. 4000. 4250. 4500. 4750. 5000. 5250. 5500. 5750. 6000.
-0.5 0.0 0.5 1.0 1.5 2.0 2.5 3.0 3.5 4.0 4.5 5.0
 [Fe/H] = -3.00: Color Index = b-y  
 1.978 1.880 1.700 1.513 1.298 1.085 0.898 0.740 0.622 0.514 0.416 0.340 0.266
 1.872 1.797 1.633 1.439 1.219 1.019 0.837 0.699 0.591 0.492 0.407 0.342 0.274
 1.786 1.665 1.536 1.324 1.136 0.953 0.787 0.662 0.563 0.475 0.401 0.343 0.283
 1.740 1.536 1.398 1.223 1.053 0.888 0.740 0.627 0.541 0.463 0.398 0.344 0.292
 1.711 1.455 1.285 1.124 0.963 0.820 0.699 0.600 0.522 0.457 0.398 0.347 0.302
 1.696 1.407 1.204 1.050 0.902 0.788 0.679 0.585 0.512 0.453 0.400 0.352 0.312
 1.702 1.380 1.155 1.001 0.871 0.758 0.662 0.577 0.510 0.454 0.404 0.359 0.322
 1.730 1.374 1.130 0.971 0.850 0.746 0.657 0.578 0.513 0.458 0.410 0.368 0.332
 1.776 1.386 1.121 0.954 0.841 0.746 0.657 0.584 0.520 0.465 0.418 0.377 0.342
 1.823 1.412 1.125 0.946 0.831 0.746 0.667 0.592 0.530 0.475 0.427 0.387 0.351
 1.795 1.445 1.140 0.944 0.823 0.742 0.672 0.603 0.541 0.487 0.437 0.397 0.361
 1.585 1.453 1.158 0.945 0.818 0.736 0.673 0.611 0.550 0.497 0.450 0.406 0.371
 [Fe/H] = -2.50: Color Index = b-y  
 1.994 1.859 1.657 1.476 1.273 1.072 0.885 0.729 0.613 0.505 0.410 0.337 0.264
 1.870 1.771 1.566 1.375 1.182 1.001 0.826 0.689 0.583 0.485 0.404 0.337 0.272
 1.748 1.637 1.452 1.247 1.084 0.929 0.777 0.654 0.556 0.471 0.399 0.339 0.281
 1.672 1.491 1.319 1.139 0.992 0.856 0.729 0.621 0.536 0.462 0.396 0.341 0.289
 1.623 1.395 1.225 1.043 0.909 0.793 0.688 0.593 0.520 0.457 0.396 0.345 0.298
 1.598 1.344 1.157 0.985 0.843 0.747 0.661 0.578 0.511 0.453 0.398 0.351 0.307
 1.594 1.317 1.120 0.959 0.818 0.719 0.642 0.568 0.507 0.452 0.402 0.358 0.318
 1.616 1.310 1.103 0.947 0.814 0.711 0.633 0.567 0.508 0.455 0.408 0.367 0.329
 1.664 1.327 1.101 0.941 0.818 0.715 0.635 0.571 0.513 0.461 0.415 0.376 0.339
 1.720 1.361 1.110 0.940 0.819 0.723 0.644 0.579 0.522 0.470 0.424 0.385 0.349
 1.725 1.405 1.127 0.945 0.818 0.727 0.653 0.588 0.532 0.480 0.434 0.394 0.359
 1.602 1.440 1.152 0.953 0.819 0.727 0.658 0.597 0.540 0.492 0.445 0.403 0.369
 [Fe/H] = -2.00: Color Index = b-y  
 1.955 1.776 1.565 1.411 1.233 1.058 0.883 0.730 0.612 0.502 0.407 0.332 0.264
 1.824 1.670 1.452 1.288 1.129 0.974 0.821 0.691 0.583 0.484 0.403 0.334 0.272
 1.672 1.540 1.330 1.164 1.019 0.890 0.766 0.654 0.556 0.469 0.399 0.337 0.280
 1.568 1.418 1.214 1.059 0.929 0.816 0.714 0.619 0.536 0.459 0.396 0.340 0.288
 1.508 1.316 1.137 0.980 0.854 0.758 0.670 0.591 0.520 0.452 0.396 0.344 0.297
 1.474 1.266 1.101 0.927 0.802 0.713 0.640 0.572 0.508 0.449 0.397 0.349 0.305
 1.463 1.243 1.076 0.921 0.772 0.686 0.620 0.561 0.503 0.449 0.400 0.355 0.315
 1.476 1.237 1.065 0.932 0.776 0.672 0.607 0.553 0.502 0.450 0.405 0.363 0.325
 1.513 1.247 1.065 0.936 0.797 0.680 0.605 0.553 0.503 0.455 0.411 0.371 0.335
 1.559 1.273 1.075 0.939 0.812 0.699 0.614 0.556 0.508 0.461 0.419 0.380 0.344
 1.580 1.312 1.092 0.947 0.819 0.714 0.628 0.565 0.515 0.468 0.428 0.389 0.354
 1.519 1.354 1.116 0.958 0.825 0.722 0.640 0.576 0.524 0.477 0.436 0.399 0.364
 [Fe/H] = -1.50: Color Index = b-y  
 1.929 1.721 1.504 1.325 1.170 1.026 0.869 0.722 0.597 0.488 0.407 0.336 0.271
 1.802 1.596 1.382 1.197 1.057 0.928 0.799 0.678 0.568 0.477 0.403 0.338 0.278
 1.656 1.473 1.266 1.087 0.954 0.842 0.739 0.639 0.546 0.465 0.400 0.342 0.286
 1.531 1.377 1.168 1.000 0.874 0.776 0.690 0.607 0.528 0.457 0.398 0.346 0.293
 1.463 1.310 1.100 0.938 0.817 0.727 0.653 0.583 0.515 0.451 0.398 0.349 0.300
 1.429 1.260 1.077 0.898 0.777 0.692 0.625 0.564 0.506 0.449 0.399 0.352 0.308
 1.413 1.238 1.073 0.886 0.753 0.669 0.606 0.550 0.499 0.448 0.401 0.357 0.315
 1.414 1.230 1.077 0.916 0.746 0.657 0.596 0.544 0.495 0.448 0.404 0.363 0.324
 1.432 1.234 1.077 0.934 0.774 0.653 0.594 0.543 0.494 0.450 0.408 0.369 0.331
 1.461 1.250 1.083 0.942 0.806 0.673 0.598 0.545 0.497 0.454 0.414 0.375 0.339
 1.478 1.275 1.095 0.950 0.822 0.701 0.609 0.549 0.501 0.459 0.420 0.384 0.347
 1.454 1.306 1.115 0.960 0.832 0.720 0.624 0.559 0.508 0.464 0.426 0.390 0.356
 [Fe/H] = -1.00: Color Index = b-y  
 1.849 1.645 1.442 1.267 1.125 1.000 0.867 0.740 0.619 0.505 0.423 0.352 0.286
 1.718 1.519 1.326 1.154 1.019 0.907 0.796 0.691 0.591 0.492 0.419 0.353 0.292
 1.607 1.402 1.227 1.062 0.932 0.830 0.736 0.649 0.565 0.481 0.416 0.356 0.299
 1.507 1.316 1.148 0.995 0.867 0.774 0.691 0.617 0.543 0.472 0.414 0.359 0.306
 1.431 1.277 1.089 0.945 0.824 0.734 0.659 0.592 0.527 0.464 0.411 0.362 0.313
 1.396 1.253 1.069 0.911 0.794 0.707 0.636 0.574 0.515 0.460 0.411 0.364 0.319
 1.380 1.232 1.065 0.891 0.773 0.688 0.620 0.560 0.507 0.457 0.411 0.367 0.326
 1.375 1.222 1.078 0.908 0.760 0.674 0.606 0.553 0.501 0.455 0.413 0.371 0.332
 1.381 1.221 1.088 0.945 0.767 0.663 0.597 0.546 0.497 0.454 0.414 0.376 0.338
 1.392 1.228 1.090 0.960 0.808 0.672 0.599 0.542 0.495 0.453 0.416 0.379 0.344
 1.397 1.241 1.097 0.967 0.836 0.699 0.605 0.541 0.494 0.453 0.417 0.383 0.349
 1.381 1.259 1.109 0.975 0.850 0.730 0.619 0.547 0.495 0.454 0.421 0.387 0.355
 [Fe/H] = -0.50: Color Index = b-y  
 1.770 1.580 1.380 1.219 1.091 0.981 0.867 0.754 0.644 0.537 0.447 0.372 0.303
 1.638 1.467 1.283 1.125 1.002 0.901 0.802 0.706 0.613 0.523 0.441 0.373 0.309
 1.539 1.369 1.204 1.056 0.934 0.838 0.751 0.669 0.586 0.510 0.436 0.374 0.315
 1.485 1.290 1.141 1.005 0.883 0.791 0.713 0.640 0.565 0.498 0.433 0.375 0.321
 1.430 1.239 1.093 0.966 0.846 0.758 0.682 0.617 0.549 0.489 0.430 0.375 0.327
 1.387 1.236 1.068 0.937 0.820 0.734 0.661 0.597 0.537 0.481 0.427 0.377 0.332
 1.368 1.232 1.065 0.914 0.801 0.716 0.643 0.583 0.526 0.474 0.425 0.380 0.336
 1.359 1.223 1.078 0.915 0.787 0.702 0.629 0.570 0.518 0.470 0.423 0.382 0.340
 1.356 1.217 1.088 0.938 0.779 0.691 0.621 0.560 0.511 0.466 0.423 0.385 0.344
 1.355 1.218 1.090 0.959 0.803 0.684 0.616 0.555 0.506 0.464 0.423 0.386 0.349
 1.345 1.223 1.091 0.980 0.844 0.699 0.614 0.552 0.503 0.462 0.423 0.388 0.353
 1.318 1.227 1.097 0.985 0.865 0.738 0.619 0.549 0.500 0.460 0.423 0.389 0.356
 [Fe/H] =  0.00: Color Index = b-y  
 1.656 1.531 1.455 1.291 1.165 1.052 0.930 0.811 0.697 0.572 0.468 0.387 0.316
 1.531 1.433 1.368 1.210 1.088 0.982 0.875 0.770 0.666 0.554 0.465 0.389 0.325
 1.435 1.365 1.297 1.148 1.027 0.926 0.830 0.736 0.642 0.542 0.461 0.391 0.333
 1.386 1.308 1.240 1.101 0.980 0.881 0.795 0.710 0.621 0.531 0.458 0.394 0.340
 1.375 1.264 1.191 1.053 0.936 0.848 0.766 0.687 0.605 0.524 0.457 0.396 0.346
 1.341 1.226 1.150 1.012 0.897 0.814 0.737 0.665 0.592 0.516 0.455 0.399 0.350
 1.314 1.200 1.117 0.981 0.867 0.787 0.713 0.646 0.580 0.511 0.454 0.401 0.355
 1.300 1.180 1.094 0.957 0.843 0.766 0.692 0.629 0.566 0.506 0.453 0.403 0.358
 1.291 1.164 1.075 0.939 0.827 0.749 0.673 0.613 0.554 0.501 0.450 0.405 0.362
 1.281 1.158 1.059 0.938 0.827 0.736 0.657 0.599 0.544 0.493 0.447 0.405 0.364
 1.260 1.156 1.049 0.944 0.833 0.733 0.646 0.583 0.530 0.484 0.443 0.404 0.365
 1.220 1.151 1.049 0.951 0.838 0.734 0.639 0.572 0.518 0.475 0.437 0.401 0.366
 [Fe/H] =  0.50: Color Index = b-y  
 1.705 1.577 1.403 1.264 1.162 1.063 0.941 0.821 0.718 0.624 0.512 0.412 0.332
 1.589 1.488 1.342 1.209 1.108 1.017 0.907 0.799 0.701 0.614 0.514 0.420 0.345
 1.498 1.409 1.287 1.163 1.062 0.976 0.877 0.776 0.690 0.605 0.515 0.426 0.356
 1.441 1.340 1.237 1.125 1.024 0.941 0.851 0.760 0.678 0.598 0.515 0.432 0.365
 1.434 1.281 1.192 1.089 0.993 0.911 0.828 0.745 0.667 0.591 0.513 0.437 0.372
 1.440 1.241 1.154 1.059 0.967 0.885 0.806 0.729 0.655 0.582 0.512 0.440 0.379
 1.411 1.235 1.121 1.033 0.943 0.864 0.787 0.710 0.642 0.574 0.510 0.442 0.384
 1.392 1.258 1.095 1.011 0.922 0.844 0.769 0.695 0.627 0.565 0.506 0.444 0.388
 1.378 1.256 1.102 0.990 0.901 0.823 0.750 0.675 0.612 0.557 0.502 0.444 0.391
 1.362 1.239 1.121 0.984 0.882 0.805 0.728 0.655 0.598 0.547 0.496 0.443 0.393
 1.334 1.232 1.127 1.000 0.876 0.785 0.707 0.635 0.581 0.535 0.487 0.441 0.394
 1.283 1.232 1.125 1.019 0.894 0.770 0.690 0.619 0.566 0.520 0.476 0.437 0.393
 [Fe/H] = -3.00: Color Index = m1   
 0.394 0.323 0.264 0.207 0.157 0.122 0.098 0.083 0.077 0.072 0.063 0.055 0.044
 0.440 0.370 0.310 0.249 0.190 0.140 0.104 0.081 0.068 0.060 0.059 0.054 0.055
 0.480 0.410 0.350 0.289 0.214 0.156 0.107 0.076 0.060 0.053 0.052 0.048 0.057
 0.508 0.438 0.378 0.303 0.235 0.165 0.105 0.071 0.054 0.042 0.044 0.043 0.054
 0.515 0.445 0.385 0.314 0.241 0.167 0.101 0.067 0.048 0.034 0.033 0.038 0.048
 0.518 0.448 0.388 0.313 0.242 0.166 0.097 0.063 0.044 0.031 0.026 0.033 0.042
 0.512 0.442 0.382 0.304 0.230 0.158 0.095 0.061 0.042 0.030 0.024 0.029 0.037
 0.508 0.438 0.378 0.303 0.225 0.152 0.093 0.060 0.042 0.030 0.024 0.027 0.033
 0.506 0.436 0.376 0.302 0.221 0.149 0.093 0.060 0.042 0.032 0.025 0.027 0.032
 0.517 0.447 0.387 0.308 0.225 0.152 0.095 0.063 0.043 0.034 0.028 0.027 0.032
 0.530 0.460 0.400 0.320 0.238 0.160 0.101 0.067 0.046 0.036 0.032 0.030 0.034
 0.540 0.470 0.410 0.334 0.250 0.175 0.113 0.073 0.050 0.039 0.034 0.033 0.036
 [Fe/H] = -2.50: Color Index = m1   
 0.472 0.402 0.342 0.262 0.207 0.148 0.117 0.094 0.081 0.079 0.070 0.062 0.055
 0.524 0.454 0.394 0.299 0.234 0.167 0.124 0.091 0.074 0.069 0.067 0.061 0.060
 0.562 0.492 0.432 0.335 0.258 0.187 0.128 0.088 0.068 0.059 0.060 0.057 0.060
 0.580 0.510 0.450 0.367 0.280 0.203 0.130 0.086 0.062 0.050 0.052 0.052 0.057
 0.575 0.505 0.445 0.378 0.293 0.208 0.132 0.087 0.058 0.042 0.043 0.046 0.052
 0.566 0.496 0.436 0.378 0.301 0.205 0.136 0.089 0.056 0.041 0.039 0.041 0.047
 0.562 0.492 0.432 0.371 0.295 0.204 0.139 0.092 0.058 0.043 0.036 0.038 0.043
 0.581 0.511 0.451 0.361 0.288 0.203 0.144 0.096 0.062 0.046 0.036 0.036 0.040
 0.610 0.540 0.480 0.368 0.289 0.209 0.150 0.101 0.067 0.049 0.038 0.036 0.038
 0.641 0.571 0.511 0.390 0.301 0.224 0.158 0.107 0.073 0.054 0.042 0.038 0.038
 0.672 0.602 0.542 0.425 0.321 0.242 0.171 0.115 0.079 0.060 0.047 0.041 0.041
 0.700 0.630 0.570 0.460 0.350 0.261 0.183 0.125 0.087 0.068 0.052 0.045 0.045
 [Fe/H] = -2.00: Color Index = m1   
 0.734 0.664 0.604 0.482 0.379 0.261 0.182 0.126 0.092 0.084 0.074 0.061 0.050
 0.738 0.668 0.608 0.512 0.403 0.268 0.178 0.121 0.084 0.074 0.074 0.063 0.062
 0.733 0.663 0.603 0.520 0.420 0.274 0.175 0.117 0.077 0.066 0.069 0.063 0.068
 0.712 0.642 0.582 0.510 0.420 0.273 0.175 0.116 0.074 0.058 0.061 0.060 0.068
 0.679 0.609 0.549 0.492 0.405 0.271 0.176 0.118 0.074 0.057 0.051 0.057 0.064
 0.659 0.589 0.529 0.471 0.389 0.270 0.178 0.123 0.079 0.057 0.047 0.051 0.058
 0.655 0.585 0.525 0.466 0.378 0.272 0.187 0.130 0.087 0.060 0.047 0.046 0.053
 0.660 0.590 0.530 0.469 0.379 0.281 0.200 0.141 0.098 0.069 0.049 0.045 0.051
 0.679 0.609 0.549 0.487 0.391 0.293 0.218 0.158 0.112 0.079 0.055 0.048 0.050
 0.708 0.638 0.578 0.507 0.410 0.314 0.242 0.178 0.128 0.090 0.064 0.053 0.051
 0.753 0.683 0.623 0.524 0.441 0.348 0.270 0.202 0.148 0.104 0.075 0.060 0.055
 0.771 0.701 0.641 0.519 0.462 0.387 0.301 0.225 0.165 0.117 0.084 0.067 0.059
 [Fe/H] = -1.50: Color Index = m1   
 0.839 0.769 0.709 0.660 0.580 0.422 0.304 0.209 0.164 0.134 0.111 0.082 0.060
 0.843 0.773 0.713 0.673 0.586 0.427 0.300 0.205 0.157 0.125 0.103 0.084 0.073
 0.843 0.773 0.713 0.680 0.580 0.427 0.298 0.203 0.150 0.118 0.097 0.082 0.079
 0.830 0.760 0.700 0.669 0.565 0.423 0.297 0.203 0.144 0.111 0.093 0.080 0.082
 0.814 0.744 0.684 0.649 0.545 0.420 0.297 0.206 0.143 0.107 0.090 0.080 0.082
 0.789 0.719 0.659 0.609 0.523 0.418 0.298 0.212 0.145 0.107 0.087 0.079 0.079
 0.754 0.684 0.624 0.575 0.507 0.419 0.306 0.220 0.152 0.111 0.088 0.078 0.075
 0.736 0.666 0.606 0.545 0.496 0.424 0.321 0.231 0.165 0.117 0.091 0.076 0.073
 0.735 0.665 0.605 0.534 0.491 0.435 0.341 0.250 0.180 0.129 0.097 0.080 0.074
 0.757 0.687 0.627 0.546 0.497 0.449 0.363 0.272 0.202 0.148 0.108 0.087 0.078
 0.794 0.724 0.664 0.576 0.511 0.471 0.392 0.303 0.230 0.170 0.128 0.098 0.083
 0.836 0.766 0.706 0.610 0.538 0.496 0.423 0.333 0.257 0.196 0.148 0.114 0.089
 [Fe/H] = -1.00: Color Index = m1   
 0.995 0.925 0.865 0.817 0.699 0.553 0.430 0.315 0.239 0.188 0.147 0.116 0.084
 0.986 0.916 0.856 0.812 0.698 0.553 0.428 0.311 0.229 0.178 0.138 0.114 0.098
 0.971 0.901 0.841 0.800 0.695 0.547 0.421 0.309 0.224 0.171 0.132 0.113 0.106
 0.953 0.883 0.823 0.781 0.682 0.540 0.412 0.305 0.220 0.168 0.129 0.111 0.107
 0.926 0.856 0.796 0.757 0.663 0.530 0.407 0.303 0.220 0.166 0.127 0.109 0.105
 0.901 0.831 0.771 0.727 0.639 0.520 0.404 0.304 0.222 0.165 0.127 0.109 0.102
 0.862 0.792 0.732 0.692 0.615 0.512 0.408 0.309 0.227 0.167 0.129 0.110 0.100
 0.833 0.763 0.703 0.652 0.593 0.516 0.417 0.320 0.236 0.175 0.133 0.112 0.100
 0.804 0.734 0.674 0.628 0.580 0.530 0.436 0.337 0.253 0.190 0.142 0.117 0.102
 0.799 0.729 0.669 0.620 0.588 0.553 0.460 0.359 0.275 0.207 0.158 0.127 0.108
 0.820 0.750 0.690 0.627 0.598 0.572 0.488 0.385 0.299 0.227 0.176 0.140 0.117
 0.848 0.778 0.718 0.647 0.618 0.598 0.515 0.418 0.326 0.250 0.193 0.155 0.127
 [Fe/H] = -0.50: Color Index = m1   
 0.734 0.870 1.002 1.039 0.955 0.779 0.624 0.450 0.340 0.269 0.207 0.166 0.120
 0.753 0.866 0.981 1.034 0.941 0.767 0.604 0.440 0.329 0.252 0.195 0.158 0.134
 0.741 0.849 0.948 0.991 0.910 0.744 0.579 0.426 0.317 0.239 0.184 0.152 0.141
 0.683 0.814 0.904 0.936 0.870 0.710 0.559 0.416 0.307 0.231 0.175 0.146 0.141
 0.641 0.781 0.857 0.864 0.814 0.678 0.542 0.410 0.301 0.227 0.173 0.143 0.138
 0.613 0.710 0.787 0.796 0.756 0.651 0.531 0.405 0.301 0.226 0.173 0.143 0.135
 0.582 0.654 0.696 0.732 0.705 0.634 0.527 0.405 0.305 0.230 0.175 0.144 0.133
 0.565 0.630 0.608 0.669 0.678 0.632 0.533 0.410 0.312 0.238 0.180 0.147 0.132
 0.577 0.648 0.553 0.609 0.660 0.650 0.546 0.421 0.323 0.249 0.188 0.152 0.133
 0.626 0.690 0.525 0.578 0.652 0.671 0.571 0.441 0.340 0.263 0.200 0.160 0.137
 0.744 0.768 0.507 0.566 0.649 0.698 0.601 0.466 0.360 0.282 0.219 0.176 0.147
 0.888 0.856 0.512 0.572 0.654 0.733 0.637 0.497 0.391 0.308 0.243 0.196 0.163
 [Fe/H] =  0.00: Color Index = m1   
 0.496 0.571 0.669 0.807 0.923 0.891 0.740 0.566 0.447 0.352 0.274 0.200 0.145
 0.486 0.541 0.643 0.789 0.898 0.866 0.722 0.546 0.429 0.338 0.267 0.210 0.167
 0.476 0.513 0.618 0.765 0.864 0.840 0.694 0.526 0.407 0.321 0.255 0.212 0.179
 0.481 0.489 0.592 0.736 0.826 0.809 0.667 0.509 0.388 0.303 0.242 0.204 0.183
 0.494 0.472 0.571 0.703 0.787 0.771 0.643 0.498 0.374 0.290 0.231 0.194 0.177
 0.507 0.460 0.540 0.666 0.742 0.739 0.626 0.492 0.367 0.280 0.222 0.185 0.169
 0.529 0.457 0.498 0.619 0.684 0.715 0.616 0.491 0.368 0.278 0.218 0.181 0.164
 0.542 0.468 0.449 0.564 0.640 0.706 0.624 0.495 0.374 0.282 0.219 0.182 0.163
 0.561 0.477 0.407 0.517 0.626 0.712 0.641 0.505 0.387 0.294 0.228 0.189 0.168
 0.580 0.488 0.383 0.488 0.625 0.736 0.669 0.523 0.406 0.313 0.243 0.199 0.174
 0.599 0.493 0.364 0.475 0.634 0.760 0.697 0.550 0.431 0.338 0.265 0.214 0.184
 0.602 0.501 0.356 0.469 0.651 0.788 0.730 0.585 0.462 0.366 0.289 0.234 0.199
 [Fe/H] =  0.50: Color Index = m1   
 1.586 1.480 1.362 1.235 1.082 0.924 0.799 0.686 0.563 0.440 0.333 0.240 0.180
 1.498 1.409 1.297 1.177 1.053 0.908 0.775 0.650 0.529 0.414 0.328 0.254 0.201
 1.411 1.328 1.226 1.111 1.009 0.883 0.753 0.622 0.496 0.385 0.313 0.258 0.217
 1.302 1.224 1.135 1.039 0.960 0.855 0.734 0.602 0.470 0.361 0.295 0.251 0.220
 1.179 1.087 1.024 0.956 0.911 0.825 0.721 0.590 0.452 0.341 0.280 0.241 0.221
 0.982 0.913 0.908 0.861 0.867 0.802 0.708 0.581 0.443 0.328 0.268 0.231 0.214
 0.816 0.732 0.760 0.758 0.800 0.786 0.701 0.578 0.438 0.322 0.259 0.223 0.206
 0.715 0.583 0.612 0.671 0.740 0.775 0.696 0.582 0.440 0.324 0.255 0.217 0.199
 0.659 0.495 0.519 0.599 0.690 0.771 0.697 0.592 0.452 0.337 0.259 0.216 0.195
 0.635 0.466 0.466 0.548 0.670 0.775 0.711 0.604 0.471 0.360 0.274 0.224 0.199
 0.638 0.492 0.449 0.530 0.661 0.790 0.734 0.627 0.499 0.389 0.301 0.243 0.213
 0.653 0.552 0.452 0.530 0.667 0.815 0.766 0.661 0.534 0.424 0.336 0.272 0.235
 [Fe/H] = -3.00: Color Index = c1   
 0.567 0.610 0.678 0.730 1.006 0.979 0.950 0.896 1.024 1.144 1.327 1.488 1.750
 0.502 0.542 0.641 0.733 0.862 0.849 0.833 0.797 0.877 1.016 1.173 1.329 1.498
 0.430 0.497 0.591 0.708 0.729 0.729 0.704 0.678 0.741 0.870 1.001 1.161 1.323
 0.322 0.453 0.533 0.672 0.574 0.576 0.587 0.558 0.612 0.718 0.839 0.987 1.142
 0.158 0.370 0.482 0.579 0.421 0.430 0.456 0.447 0.490 0.573 0.687 0.820 0.960
-0.111 0.245 0.416 0.493 0.292 0.315 0.330 0.341 0.371 0.438 0.538 0.660 0.788
-0.557 0.032 0.319 0.426 0.204 0.222 0.241 0.257 0.283 0.324 0.391 0.500 0.621
-1.140-0.313 0.174 0.358 0.139 0.162 0.178 0.196 0.216 0.243 0.289 0.360 0.460
-1.755-0.777-0.053 0.273 0.096 0.117 0.132 0.148 0.167 0.188 0.219 0.266 0.334
-2.301-1.281-0.361 0.152 0.069 0.090 0.099 0.109 0.123 0.140 0.160 0.187 0.240
-2.719-1.730-0.722-0.023 0.036 0.059 0.072 0.082 0.093 0.105 0.117 0.137 0.167
-3.015-2.087-1.081-0.237 0.001 0.030 0.043 0.053 0.063 0.076 0.089 0.106 0.122
 [Fe/H] = -2.50: Color Index = c1   
 0.522 0.534 0.629 0.912 1.016 0.989 0.960 0.900 1.024 1.153 1.334 1.498 1.730
 0.442 0.459 0.573 0.799 0.872 0.859 0.843 0.801 0.882 1.027 1.182 1.339 1.510
 0.369 0.403 0.506 0.683 0.739 0.729 0.714 0.684 0.749 0.882 1.010 1.172 1.333
 0.277 0.361 0.437 0.549 0.584 0.586 0.597 0.562 0.622 0.732 0.849 0.998 1.153
 0.143 0.298 0.382 0.403 0.431 0.440 0.466 0.451 0.499 0.587 0.700 0.832 0.971
-0.081 0.189 0.323 0.285 0.302 0.325 0.340 0.357 0.382 0.453 0.554 0.673 0.799
-0.437 0.009 0.248 0.190 0.214 0.232 0.251 0.268 0.294 0.336 0.407 0.515 0.633
-0.927-0.281 0.125 0.127 0.150 0.172 0.188 0.210 0.228 0.258 0.302 0.373 0.473
-1.489-0.673-0.070 0.084 0.106 0.127 0.142 0.158 0.177 0.199 0.229 0.276 0.344
-2.019-1.130-0.340 0.049 0.072 0.100 0.108 0.119 0.133 0.150 0.170 0.203 0.250
-2.398-1.579-0.678 0.002 0.033 0.068 0.081 0.091 0.101 0.111 0.125 0.145 0.176
-2.621-1.959-1.030-0.058-0.002 0.039 0.052 0.062 0.071 0.082 0.095 0.114 0.131
 [Fe/H] = -2.00: Color Index = c1   
 0.516 0.577 0.878 0.920 0.864 0.849 0.865 0.910 1.014 1.154 1.335 1.500 1.670
 0.437 0.405 0.719 0.816 0.766 0.753 0.768 0.794 0.880 1.029 1.181 1.345 1.520
 0.392 0.352 0.563 0.698 0.667 0.654 0.666 0.682 0.752 0.887 1.015 1.181 1.342
 0.309 0.304 0.425 0.575 0.550 0.541 0.554 0.571 0.626 0.740 0.857 1.009 1.164
 0.188 0.279 0.331 0.417 0.420 0.427 0.441 0.453 0.503 0.598 0.710 0.843 0.982
 0.014 0.193 0.229 0.303 0.324 0.334 0.345 0.360 0.389 0.464 0.569 0.687 0.812
-0.241 0.049 0.147 0.203 0.257 0.258 0.274 0.290 0.300 0.349 0.425 0.533 0.648
-0.574-0.168 0.028 0.116 0.207 0.204 0.214 0.232 0.242 0.268 0.315 0.390 0.490
-0.956-0.448-0.129 0.052 0.155 0.153 0.169 0.176 0.192 0.210 0.240 0.289 0.358
-1.354-0.775-0.339-0.031 0.108 0.113 0.133 0.144 0.151 0.165 0.187 0.214 0.262
-1.721-1.134-0.557-0.120 0.066 0.092 0.106 0.114 0.120 0.129 0.143 0.160 0.188
-2.033-1.465-0.795-0.167 0.036 0.083 0.090 0.098 0.106 0.112 0.120 0.135 0.146
 [Fe/H] = -1.50: Color Index = c1   
 0.238 0.269 0.367 0.449 0.533 0.621 0.727 0.883 1.004 1.162 1.330 1.516 1.727
 0.215 0.247 0.322 0.391 0.467 0.548 0.641 0.778 0.879 1.032 1.184 1.357 1.543
 0.187 0.218 0.271 0.332 0.397 0.470 0.554 0.657 0.752 0.891 1.030 1.201 1.364
 0.161 0.182 0.224 0.274 0.334 0.394 0.460 0.542 0.627 0.743 0.873 1.030 1.187
 0.131 0.144 0.182 0.226 0.277 0.325 0.374 0.436 0.507 0.606 0.723 0.863 1.007
 0.098 0.112 0.146 0.184 0.227 0.262 0.300 0.344 0.401 0.481 0.586 0.706 0.834
 0.083 0.092 0.121 0.151 0.184 0.215 0.242 0.273 0.311 0.365 0.448 0.558 0.672
 0.029 0.072 0.098 0.121 0.144 0.174 0.200 0.222 0.247 0.280 0.334 0.413 0.516
-0.027 0.055 0.084 0.100 0.115 0.144 0.166 0.182 0.200 0.224 0.256 0.306 0.380
-0.145 0.034 0.070 0.083 0.094 0.118 0.140 0.154 0.169 0.184 0.201 0.230 0.279
-0.285-0.005 0.047 0.058 0.070 0.096 0.118 0.132 0.141 0.151 0.162 0.178 0.204
-0.391-0.052 0.006 0.027 0.043 0.077 0.100 0.117 0.125 0.132 0.139 0.147 0.155
 [Fe/H] = -1.00: Color Index = c1   
 0.410 0.374 0.419 0.472 0.535 0.616 0.728 0.862 1.014 1.153 1.326 1.517 1.721
 0.432 0.328 0.365 0.414 0.474 0.544 0.644 0.750 0.895 1.027 1.187 1.366 1.554
 0.435 0.276 0.312 0.360 0.412 0.473 0.556 0.649 0.760 0.883 1.039 1.204 1.394
 0.422 0.224 0.258 0.303 0.353 0.407 0.467 0.542 0.640 0.740 0.886 1.037 1.199
 0.414 0.183 0.215 0.247 0.292 0.342 0.388 0.447 0.530 0.610 0.737 0.878 1.024
 0.383 0.142 0.176 0.200 0.236 0.276 0.318 0.366 0.424 0.495 0.603 0.722 0.842
 0.307 0.113 0.138 0.164 0.192 0.223 0.260 0.299 0.342 0.393 0.479 0.581 0.695
 0.237 0.095 0.116 0.134 0.159 0.185 0.210 0.241 0.275 0.308 0.368 0.451 0.549
 0.195 0.082 0.096 0.109 0.127 0.150 0.173 0.201 0.223 0.246 0.284 0.341 0.416
 0.138 0.070 0.079 0.090 0.103 0.126 0.148 0.174 0.190 0.208 0.228 0.261 0.315
 0.021 0.056 0.065 0.073 0.081 0.106 0.128 0.153 0.170 0.182 0.193 0.208 0.236
-0.083 0.031 0.056 0.061 0.068 0.091 0.113 0.136 0.156 0.164 0.168 0.169 0.181
 [Fe/H] = -0.50: Color Index = c1   
 0.232 0.334 0.394 0.433 0.503 0.592 0.715 0.865 1.012 1.162 1.347 1.540 1.751
 0.169 0.286 0.334 0.373 0.438 0.522 0.635 0.774 0.894 1.032 1.208 1.395 1.575
 0.132 0.239 0.279 0.320 0.379 0.455 0.556 0.670 0.779 0.899 1.067 1.246 1.393
 0.126 0.193 0.232 0.268 0.323 0.394 0.486 0.582 0.671 0.781 0.923 1.088 1.226
 0.136 0.171 0.198 0.225 0.272 0.344 0.419 0.496 0.573 0.664 0.782 0.930 1.059
 0.155 0.163 0.165 0.188 0.222 0.305 0.355 0.426 0.489 0.563 0.655 0.779 0.897
 0.134 0.154 0.141 0.161 0.178 0.258 0.303 0.359 0.417 0.469 0.542 0.644 0.745
 0.109 0.125 0.123 0.149 0.148 0.217 0.253 0.302 0.347 0.389 0.445 0.523 0.606
 0.068 0.096 0.107 0.140 0.128 0.163 0.221 0.258 0.292 0.321 0.362 0.418 0.480
-0.010 0.048 0.077 0.138 0.105 0.125 0.194 0.228 0.252 0.273 0.296 0.332 0.374
-0.094-0.049 0.034 0.137 0.085 0.102 0.172 0.206 0.228 0.241 0.252 0.267 0.289
-0.221-0.198-0.041 0.141 0.084 0.092 0.154 0.188 0.211 0.214 0.219 0.222 0.227
 [Fe/H] =  0.00: Color Index = c1   
 1.209 1.014 0.850 0.697 0.572 0.523 0.647 0.849 1.026 1.233 1.399 1.610 1.785
 1.126 0.914 0.742 0.619 0.502 0.457 0.568 0.757 0.917 1.108 1.263 1.426 1.582
 1.111 0.818 0.646 0.551 0.444 0.398 0.502 0.668 0.816 0.987 1.126 1.271 1.420
 0.926 0.697 0.554 0.481 0.385 0.342 0.439 0.584 0.720 0.869 0.990 1.121 1.247
 0.715 0.577 0.461 0.420 0.333 0.291 0.378 0.502 0.630 0.759 0.858 0.974 1.087
 0.484 0.435 0.374 0.356 0.288 0.247 0.326 0.423 0.545 0.657 0.739 0.832 0.931
 0.249 0.311 0.296 0.301 0.242 0.206 0.278 0.363 0.463 0.560 0.631 0.700 0.781
 0.077 0.187 0.236 0.254 0.200 0.167 0.238 0.316 0.392 0.469 0.525 0.581 0.643
-0.071 0.064 0.190 0.209 0.166 0.130 0.202 0.282 0.343 0.399 0.438 0.478 0.518
-0.122-0.012 0.169 0.176 0.130 0.100 0.172 0.253 0.305 0.343 0.363 0.381 0.413
-0.148-0.052 0.153 0.158 0.100 0.076 0.150 0.229 0.271 0.296 0.306 0.313 0.327
-0.138-0.070 0.137 0.160 0.086 0.062 0.137 0.213 0.245 0.263 0.263 0.258 0.258
 [Fe/H] =  0.50: Color Index = c1   
-0.168-0.230-0.182 0.200 0.394 0.519 0.622 0.789 0.983 1.206 1.418 1.600 1.800
-0.081-0.205-0.219 0.176 0.334 0.455 0.556 0.712 0.881 1.079 1.257 1.444 1.624
 0.013-0.161-0.233 0.154 0.284 0.394 0.490 0.632 0.782 0.958 1.119 1.283 1.448
 0.124-0.093-0.215 0.141 0.246 0.343 0.427 0.556 0.689 0.846 0.987 1.135 1.278
 0.267 0.001-0.165 0.128 0.218 0.295 0.366 0.486 0.602 0.740 0.862 0.993 1.119
 0.423 0.108-0.088 0.118 0.191 0.251 0.321 0.418 0.519 0.643 0.744 0.856 0.969
 0.493 0.229 0.005 0.110 0.162 0.210 0.282 0.360 0.446 0.547 0.638 0.727 0.824
 0.542 0.372 0.105 0.104 0.134 0.170 0.238 0.314 0.384 0.470 0.541 0.613 0.688
 0.576 0.449 0.221 0.105 0.110 0.139 0.206 0.280 0.341 0.406 0.461 0.512 0.567
 0.578 0.497 0.342 0.108 0.089 0.105 0.175 0.253 0.310 0.354 0.392 0.425 0.461
 0.522 0.526 0.408 0.120 0.076 0.074 0.154 0.229 0.281 0.308 0.336 0.351 0.370
 0.367 0.531 0.449 0.142 0.081 0.055 0.135 0.215 0.270 0.285 0.294 0.292 0.297
 [Fe/H] = -3.00: Color Index = BCv  
-4.910-3.828-2.621-1.714-1.378-0.970-0.669-0.454-0.305-0.202-0.124-0.055 0.018
-4.610-3.596-2.429-1.586-1.247-0.889-0.625-0.437-0.306-0.213-0.138-0.066 0.015
-4.350-3.393-2.264-1.471-1.134-0.821-0.590-0.425-0.308-0.223-0.153-0.085-0.009
-4.110-3.202-2.135-1.380-1.039-0.767-0.564-0.417-0.311-0.233-0.169-0.108-0.043
-3.890-2.992-2.031-1.318-0.967-0.725-0.544-0.412-0.317-0.245-0.185-0.129-0.069
-3.690-2.773-1.980-1.283-0.914-0.693-0.528-0.409-0.322-0.257-0.200-0.155-0.117
-3.510-2.606-1.953-1.291-0.875-0.670-0.517-0.406-0.326-0.266-0.214-0.172-0.137
-3.360-2.476-1.905-1.299-0.843-0.652-0.509-0.405-0.329-0.272-0.225-0.187-0.155
-3.240-2.372-1.848-1.295-0.828-0.643-0.504-0.402-0.329-0.276-0.233-0.199-0.171
-3.130-2.315-1.794-1.283-0.824-0.637-0.498-0.398-0.327-0.276-0.237-0.207-0.183
-3.057-2.272-1.734-1.257-0.829-0.635-0.493-0.393-0.324-0.276-0.238-0.211-0.191
-3.021-2.255-1.689-1.220-0.829-0.634-0.491-0.389-0.319-0.271-0.236-0.211-0.193
 [Fe/H] = -2.50: Color Index = BCv  
-4.925-3.843-2.660-1.758-1.342-0.953-0.663-0.451-0.303-0.199-0.120-0.054 0.011
-4.625-3.611-2.470-1.622-1.208-0.870-0.617-0.433-0.302-0.208-0.134-0.067 0.003
-4.365-3.408-2.303-1.504-1.107-0.805-0.581-0.419-0.303-0.218-0.148-0.083-0.013
-4.125-3.217-2.176-1.410-1.015-0.750-0.553-0.410-0.306-0.229-0.164-0.101-0.032
-3.905-3.007-2.071-1.342-0.954-0.713-0.534-0.403-0.309-0.239-0.179-0.120-0.055
-3.705-2.788-2.016-1.305-0.911-0.686-0.519-0.400-0.313-0.249-0.193-0.148-0.110
-3.525-2.621-1.968-1.306-0.887-0.670-0.511-0.397-0.317-0.257-0.206-0.164-0.129
-3.375-2.491-1.920-1.314-0.867-0.659-0.505-0.396-0.318-0.262-0.215-0.178-0.147
-3.255-2.387-1.863-1.310-0.851-0.651-0.502-0.394-0.317-0.263-0.222-0.189-0.162
-3.145-2.330-1.809-1.298-0.842-0.647-0.499-0.391-0.315-0.262-0.226-0.197-0.174
-3.072-2.287-1.749-1.272-0.842-0.646-0.497-0.389-0.312-0.260-0.225-0.200-0.181
-3.036-2.270-1.704-1.235-0.844-0.646-0.496-0.386-0.308-0.256-0.222-0.199-0.183
 [Fe/H] = -2.00: Color Index = BCv  
-4.940-3.858-2.699-1.803-1.305-0.936-0.656-0.449-0.301-0.195-0.116-0.052 0.005
-4.640-3.626-2.510-1.658-1.170-0.852-0.609-0.429-0.298-0.203-0.130-0.068-0.009
-4.380-3.423-2.341-1.537-1.080-0.789-0.571-0.412-0.298-0.213-0.144-0.081-0.016
-4.140-3.232-2.218-1.439-0.990-0.733-0.542-0.402-0.301-0.224-0.158-0.093-0.022
-3.920-3.022-2.111-1.366-0.940-0.701-0.523-0.394-0.302-0.233-0.173-0.111-0.040
-3.720-2.803-2.053-1.327-0.908-0.678-0.510-0.390-0.305-0.241-0.186-0.141-0.103
-3.540-2.636-1.983-1.321-0.899-0.670-0.504-0.388-0.307-0.248-0.197-0.156-0.121
-3.390-2.506-1.935-1.329-0.890-0.665-0.501-0.386-0.307-0.251-0.206-0.170-0.139
-3.270-2.402-1.878-1.325-0.874-0.660-0.501-0.386-0.306-0.251-0.212-0.180-0.153
-3.160-2.345-1.824-1.313-0.860-0.657-0.501-0.385-0.303-0.248-0.214-0.187-0.164
-3.087-2.302-1.764-1.287-0.855-0.656-0.501-0.384-0.300-0.244-0.212-0.189-0.171
-3.051-2.285-1.719-1.250-0.859-0.659-0.502-0.383-0.298-0.241-0.209-0.187-0.173
 [Fe/H] = -1.50: Color Index = BCv  
-4.970-3.883-2.589-1.747-1.253-0.893-0.627-0.434-0.294-0.188-0.094 0.002 0.111
-4.670-3.651-2.428-1.616-1.135-0.819-0.584-0.414-0.290-0.197-0.116-0.035 0.058
-4.410-3.448-2.284-1.505-1.053-0.764-0.551-0.397-0.288-0.205-0.134-0.064 0.014
-4.170-3.257-2.175-1.420-0.980-0.720-0.528-0.389-0.289-0.213-0.146-0.078 0.000
-3.950-3.047-2.091-1.356-0.942-0.696-0.515-0.383-0.289-0.220-0.159-0.097-0.027
-3.750-2.828-2.046-1.325-0.923-0.683-0.507-0.382-0.293-0.227-0.171-0.126-0.087
-3.570-2.661-2.003-1.336-0.920-0.682-0.507-0.382-0.295-0.232-0.179-0.138-0.104
-3.420-2.531-1.955-1.344-0.921-0.683-0.507-0.382-0.296-0.235-0.187-0.150-0.120
-3.300-2.427-1.898-1.340-0.914-0.684-0.510-0.385-0.296-0.235-0.192-0.159-0.132
-3.190-2.370-1.844-1.328-0.898-0.683-0.515-0.387-0.295-0.232-0.193-0.164-0.142
-3.117-2.327-1.784-1.302-0.883-0.682-0.519-0.391-0.294-0.229-0.192-0.166-0.148
-3.081-2.310-1.739-1.265-0.878-0.683-0.521-0.392-0.294-0.227-0.190-0.164-0.148
 [Fe/H] = -1.00: Color Index = BCv  
-5.000-3.908-2.478-1.692-1.200-0.850-0.598-0.419-0.288-0.180-0.071 0.057 0.217
-4.700-3.676-2.347-1.574-1.100-0.786-0.559-0.398-0.282-0.191-0.103-0.001 0.126
-4.440-3.473-2.227-1.474-1.025-0.739-0.531-0.383-0.278-0.197-0.124-0.047 0.044
-4.200-3.282-2.132-1.401-0.970-0.707-0.514-0.375-0.276-0.201-0.134-0.063 0.022
-3.980-3.072-2.071-1.346-0.945-0.692-0.506-0.372-0.277-0.206-0.145-0.083-0.013
-3.780-2.853-2.040-1.323-0.937-0.687-0.504-0.373-0.280-0.212-0.155-0.110-0.072
-3.600-2.686-2.023-1.351-0.942-0.693-0.509-0.377-0.283-0.216-0.162-0.120-0.087
-3.450-2.556-1.975-1.359-0.953-0.700-0.513-0.379-0.285-0.219-0.168-0.130-0.101
-3.330-2.452-1.918-1.355-0.955-0.707-0.520-0.384-0.287-0.220-0.172-0.138-0.112
-3.220-2.395-1.864-1.343-0.935-0.708-0.528-0.390-0.288-0.217-0.173-0.142-0.120
-3.147-2.352-1.804-1.317-0.910-0.708-0.537-0.397-0.289-0.214-0.172-0.143-0.124
-3.111-2.335-1.759-1.280-0.898-0.707-0.540-0.401-0.291-0.213-0.170-0.142-0.124
 [Fe/H] = -0.50: Color Index = BCv  
-5.100-3.922-2.467-1.411-1.035-0.784-0.578-0.409-0.270-0.155-0.056 0.033 0.118
-4.800-3.756-2.370-1.374-0.999-0.743-0.543-0.388-0.267-0.170-0.087-0.010 0.066
-4.540-3.553-2.296-1.348-0.976-0.716-0.520-0.374-0.265-0.180-0.107-0.037 0.038
-4.300-3.362-2.232-1.334-0.966-0.704-0.509-0.367-0.264-0.185-0.116-0.046 0.032
-4.080-3.152-2.168-1.333-0.956-0.700-0.508-0.368-0.266-0.189-0.124-0.061 0.007
-3.880-2.933-2.131-1.363-0.961-0.704-0.511-0.370-0.269-0.194-0.132-0.086-0.049
-3.700-2.766-2.083-1.391-0.969-0.710-0.516-0.374-0.272-0.198-0.139-0.095-0.061
-3.550-2.636-2.035-1.399-0.982-0.720-0.523-0.379-0.275-0.201-0.144-0.103-0.072
-3.430-2.532-1.978-1.395-0.994-0.732-0.533-0.385-0.279-0.203-0.148-0.109-0.081
-3.320-2.475-1.924-1.383-0.985-0.740-0.545-0.394-0.282-0.203-0.151-0.114-0.087
-3.247-2.432-1.864-1.357-0.955-0.741-0.558-0.406-0.287-0.202-0.152-0.116-0.091
-3.211-2.415-1.819-1.320-0.934-0.740-0.565-0.414-0.292-0.203-0.151-0.115-0.092
 [Fe/H] =  0.00: Color Index = BCv  
-6.607-4.725-2.685-1.520-1.030-0.754-0.547-0.390-0.266-0.157-0.046 0.080 0.230
-6.045-4.361-2.582-1.483-1.017-0.746-0.539-0.382-0.261-0.164-0.076 0.014 0.116
-5.563-4.041-2.485-1.457-1.003-0.737-0.532-0.376-0.259-0.169-0.094-0.025 0.046
-5.112-3.715-2.403-1.442-0.990-0.728-0.526-0.374-0.260-0.173-0.100-0.031 0.041
-4.715-3.418-2.326-1.424-0.984-0.721-0.521-0.372-0.261-0.177-0.107-0.041 0.028
-4.364-3.161-2.248-1.433-0.992-0.727-0.525-0.375-0.264-0.181-0.114-0.064-0.024
-4.091-2.946-2.176-1.441-1.002-0.737-0.533-0.380-0.268-0.185-0.120-0.071-0.034
-3.819-2.816-2.115-1.449-1.014-0.747-0.541-0.387-0.273-0.189-0.125-0.078-0.042
-3.670-2.712-2.058-1.445-1.030-0.762-0.553-0.395-0.278-0.193-0.130-0.083-0.049
-3.560-2.655-2.004-1.433-1.038-0.775-0.567-0.406-0.285-0.197-0.134-0.088-0.055
-3.487-2.612-1.944-1.407-1.016-0.780-0.582-0.421-0.294-0.200-0.137-0.091-0.059
-3.451-2.595-1.899-1.370-0.979-0.776-0.594-0.436-0.305-0.206-0.141-0.095-0.063
 [Fe/H] =  0.50: Color Index = BCv  
-7.532-5.533-3.005-1.660-1.038-0.767-0.552-0.382-0.246-0.135-0.039 0.050 0.139
-6.828-5.073-2.895-1.628-1.022-0.754-0.544-0.380-0.251-0.147-0.058 0.027 0.113
-6.165-4.613-2.787-1.595-1.018-0.750-0.540-0.379-0.254-0.156-0.072 0.005 0.084
-5.664-4.237-2.681-1.562-1.025-0.753-0.541-0.379-0.255-0.160-0.083-0.018 0.041
-5.215-3.908-2.578-1.541-1.036-0.761-0.546-0.382-0.258-0.164-0.089-0.024 0.037
-4.841-3.639-2.463-1.511-1.029-0.752-0.540-0.380-0.261-0.169-0.096-0.040 0.004
-4.489-3.368-2.383-1.498-1.040-0.760-0.546-0.385-0.265-0.173-0.100-0.045-0.004
-4.276-3.176-2.293-1.492-1.054-0.774-0.556-0.390-0.268-0.177-0.107-0.052-0.010
-4.090-3.027-2.220-1.503-1.073-0.789-0.568-0.400-0.275-0.181-0.112-0.058-0.017
-3.960-2.905-2.137-1.516-1.103-0.810-0.582-0.409-0.282-0.187-0.116-0.063-0.023
-3.887-2.862-2.077-1.490-1.108-0.825-0.600-0.424-0.292-0.195-0.125-0.070-0.027
-3.851-2.845-2.032-1.453-1.076-0.829-0.619-0.444-0.303-0.196-0.123-0.068-0.030
