 51 TEFF'S        7 LOG G'S       8 FE/H'S        4 INDICES  (11 Aug 2003) 
 5000. 5250. 5500. 5750. 6000. 6250. 6500. 6750. 7000. 7250. 7500. 7750. 8000.
 8250. 8500. 8750. 9000. 9250. 9500. 9750.10000.10500.11000.11500.12000.12500.
13000.14000.15000.16000.17000.18000.19000.20000.21000.22000.23000.24000.25000.
26000.27000.28000.29000.30000.31000.32000.33000.34000.35000.37500.40000.
 2.0 2.5 3.0 3.5 4.0 4.5 5.0
 [Fe/H] = -3.00: Color Index = b-y  
 0.512 0.453 0.400 0.352 0.312 0.269 0.238 0.203 0.161 0.121 0.086 0.063 0.045
 0.036 0.030 0.028 0.026 0.025 0.024 0.022 0.020 0.016 0.000 0.000 0.000 0.000
 0.000-0.013 0.000 0.000 0.000 0.000 0.000 0.000 0.000 0.000 0.000 0.000 0.000
 0.000 0.000 0.000 0.000 0.000 0.000 0.000 0.000 0.000 0.000 0.000 0.000
 0.510 0.454 0.404 0.359 0.322 0.285 0.252 0.219 0.179 0.140 0.108 0.075 0.052
 0.039 0.028 0.021 0.016 0.013 0.010 0.008 0.005 0.000-0.005-0.010-0.014-0.019
-0.024-0.032-0.039-0.046-0.051-0.056-0.061 0.000 0.000 0.000 0.000 0.000 0.000
 0.000 0.000 0.000 0.000 0.000 0.000 0.000 0.000 0.000 0.000 0.000 0.000
 0.513 0.458 0.410 0.368 0.332 0.299 0.268 0.238 0.201 0.163 0.129 0.098 0.065
 0.048 0.034 0.023 0.015 0.010 0.005 0.001-0.002-0.007-0.013-0.018-0.023-0.028
-0.032-0.041-0.049-0.056-0.062-0.068-0.073-0.078-0.083-0.088-0.093-0.097-0.100
-0.101-0.098 0.000 0.000 0.000 0.000 0.000 0.000 0.000 0.000 0.000 0.000
 0.520 0.465 0.418 0.377 0.342 0.310 0.279 0.252 0.220 0.187 0.152 0.118 0.090
 0.062 0.044 0.030 0.020 0.011 0.005 0.000-0.004-0.011-0.017-0.022-0.027-0.032
-0.037-0.046-0.054-0.061-0.067-0.073-0.079-0.084-0.089-0.093-0.098-0.103-0.107
-0.111-0.115-0.117-0.118-0.118-0.117 0.000 0.000 0.000 0.000 0.000 0.000
 0.530 0.475 0.427 0.387 0.351 0.318 0.289 0.261 0.233 0.205 0.176 0.144 0.114
 0.088 0.061 0.042 0.028 0.018 0.009 0.002-0.003-0.012-0.019-0.025-0.030-0.035
-0.039-0.048-0.056-0.063-0.070-0.076-0.081-0.086-0.091-0.096-0.100-0.105-0.109
-0.113-0.117-0.121-0.124-0.127-0.128-0.129-0.129-0.128-0.127 0.000 0.000
 0.541 0.487 0.437 0.397 0.361 0.329 0.298 0.269 0.241 0.217 0.193 0.168 0.141
 0.113 0.087 0.062 0.041 0.028 0.017 0.009 0.001-0.010-0.018-0.025-0.031-0.036
-0.040-0.049-0.057-0.064-0.071-0.077-0.083-0.088-0.093-0.097-0.102-0.106-0.110
-0.114-0.118-0.122-0.126-0.129-0.131-0.133-0.135-0.135-0.135-0.133-0.133
 0.550 0.497 0.450 0.406 0.371 0.338 0.309 0.280 0.252 0.226 0.200 0.178 0.160
 0.146 0.110 0.088 0.057 0.043 0.030 0.019 0.010-0.004-0.015-0.023-0.030-0.035
-0.040-0.049-0.057-0.065-0.071-0.078-0.083-0.088-0.093-0.098-0.102-0.106-0.111
-0.115-0.119-0.122-0.126-0.129-0.132-0.135-0.137-0.138-0.139-0.138-0.137
 [Fe/H] = -2.50: Color Index = b-y  
 0.511 0.453 0.398 0.351 0.307 0.269 0.238 0.202 0.161 0.120 0.082 0.059 0.046
 0.036 0.030 0.027 0.026 0.025 0.024 0.022 0.020 0.016 0.000 0.000 0.000 0.000
 0.000-0.013 0.000 0.000 0.000 0.000 0.000 0.000 0.000 0.000 0.000 0.000 0.000
 0.000 0.000 0.000 0.000 0.000 0.000 0.000 0.000 0.000 0.000 0.000 0.000
 0.507 0.452 0.402 0.358 0.318 0.284 0.251 0.218 0.178 0.140 0.106 0.071 0.054
 0.039 0.028 0.021 0.016 0.013 0.010 0.008 0.005 0.000-0.005-0.010-0.014-0.019
-0.024-0.032-0.039-0.046-0.051-0.056-0.061 0.000 0.000 0.000 0.000 0.000 0.000
 0.000 0.000 0.000 0.000 0.000 0.000 0.000 0.000 0.000 0.000 0.000 0.000
 0.508 0.455 0.408 0.367 0.329 0.298 0.269 0.236 0.200 0.158 0.126 0.096 0.067
 0.048 0.033 0.023 0.015 0.009 0.005 0.001-0.002-0.008-0.013-0.018-0.023-0.028
-0.032-0.041-0.049-0.056-0.062-0.068-0.073-0.078-0.083-0.088-0.092-0.096-0.100
-0.101 0.000 0.000 0.000 0.000 0.000 0.000 0.000 0.000 0.000 0.000 0.000
 0.513 0.461 0.415 0.376 0.339 0.307 0.279 0.251 0.220 0.185 0.147 0.117 0.090
 0.062 0.044 0.030 0.019 0.011 0.005 0.000-0.004-0.011-0.017-0.023-0.028-0.032
-0.037-0.046-0.053-0.061-0.067-0.073-0.079-0.084-0.089-0.093-0.098-0.102-0.107
-0.111-0.114-0.117-0.118-0.118-0.117 0.000 0.000 0.000 0.000 0.000 0.000
 0.522 0.470 0.424 0.385 0.349 0.317 0.289 0.261 0.233 0.204 0.175 0.142 0.116
 0.087 0.060 0.042 0.028 0.017 0.009 0.002-0.003-0.012-0.019-0.025-0.030-0.035
-0.039-0.048-0.056-0.063-0.070-0.076-0.081-0.086-0.091-0.096-0.100-0.105-0.109
-0.113-0.117-0.121-0.124-0.127-0.128-0.129-0.129-0.128-0.127 0.000 0.000
 0.532 0.480 0.434 0.394 0.359 0.326 0.296 0.268 0.242 0.217 0.192 0.168 0.138
 0.112 0.087 0.062 0.041 0.028 0.017 0.008 0.001-0.010-0.018-0.025-0.031-0.036
-0.040-0.049-0.057-0.064-0.071-0.077-0.083-0.088-0.093-0.097-0.102-0.106-0.110
-0.114-0.118-0.122-0.125-0.129-0.131-0.133-0.135-0.135-0.135-0.133-0.133
 0.540 0.492 0.445 0.403 0.369 0.336 0.307 0.279 0.252 0.225 0.200 0.178 0.156
 0.133 0.110 0.088 0.057 0.042 0.030 0.019 0.010-0.004-0.015-0.023-0.030-0.035
-0.040-0.049-0.057-0.065-0.071-0.078-0.083-0.088-0.093-0.098-0.102-0.106-0.111
-0.115-0.119-0.122-0.126-0.129-0.132-0.135-0.137-0.138-0.139-0.138-0.137
 [Fe/H] = -2.00: Color Index = b-y  
 0.508 0.449 0.397 0.349 0.305 0.271 0.238 0.199 0.158 0.117 0.080 0.060 0.047
 0.036 0.030 0.027 0.026 0.025 0.023 0.022 0.020 0.015 0.000 0.000 0.000 0.000
 0.000-0.013 0.000 0.000 0.000 0.000 0.000 0.000 0.000 0.000 0.000 0.000 0.000
 0.000 0.000 0.000 0.000 0.000 0.000 0.000 0.000 0.000 0.000 0.000 0.000
 0.503 0.449 0.400 0.355 0.315 0.284 0.250 0.215 0.174 0.138 0.105 0.075 0.054
 0.039 0.028 0.020 0.016 0.012 0.010 0.007 0.005 0.000-0.005-0.010-0.015-0.019
-0.024-0.032-0.039-0.046-0.051-0.056-0.061 0.000 0.000 0.000 0.000 0.000 0.000
 0.000 0.000 0.000 0.000 0.000 0.000 0.000 0.000 0.000 0.000 0.000 0.000
 0.502 0.450 0.405 0.363 0.325 0.295 0.264 0.233 0.196 0.159 0.127 0.094 0.067
 0.048 0.033 0.023 0.015 0.009 0.004 0.001-0.003-0.008-0.013-0.018-0.023-0.028
-0.032-0.041-0.049-0.056-0.062-0.068-0.073-0.078-0.083-0.087-0.092-0.096-0.099
-0.100 0.000 0.000 0.000 0.000 0.000 0.000 0.000 0.000 0.000 0.000 0.000
 0.503 0.455 0.411 0.371 0.335 0.306 0.275 0.247 0.216 0.185 0.149 0.117 0.090
 0.061 0.043 0.030 0.019 0.011 0.004-0.001-0.005-0.012-0.018-0.023-0.028-0.032
-0.037-0.046-0.053-0.061-0.067-0.073-0.079-0.084-0.089-0.093-0.098-0.102-0.106
-0.110-0.114-0.117-0.118 0.000 0.000 0.000 0.000 0.000 0.000 0.000 0.000
 0.508 0.461 0.419 0.380 0.344 0.315 0.286 0.258 0.232 0.205 0.173 0.142 0.116
 0.087 0.059 0.041 0.028 0.017 0.009 0.002-0.004-0.012-0.019-0.025-0.030-0.035
-0.039-0.048-0.056-0.063-0.070-0.076-0.081-0.086-0.091-0.096-0.100-0.105-0.109
-0.113-0.117-0.120-0.124-0.126-0.128-0.129 0.000 0.000 0.000 0.000 0.000
 0.515 0.468 0.428 0.389 0.354 0.323 0.294 0.266 0.241 0.217 0.190 0.165 0.138
 0.111 0.086 0.061 0.040 0.027 0.017 0.008 0.001-0.010-0.019-0.025-0.031-0.036
-0.041-0.049-0.057-0.064-0.071-0.077-0.083-0.088-0.093-0.097-0.102-0.106-0.110
-0.114-0.118-0.121-0.125-0.128-0.131-0.133-0.135-0.135-0.135-0.133-0.133
 0.524 0.477 0.436 0.399 0.364 0.334 0.303 0.275 0.249 0.223 0.200 0.178 0.158
 0.132 0.109 0.087 0.057 0.042 0.029 0.019 0.010-0.005-0.015-0.023-0.030-0.036
-0.041-0.049-0.057-0.065-0.071-0.078-0.083-0.088-0.093-0.098-0.102-0.107-0.111
-0.115-0.118-0.122-0.126-0.129-0.132-0.134-0.136-0.138-0.139-0.138-0.137
 [Fe/H] = -1.50: Color Index = b-y  
 0.506 0.449 0.399 0.352 0.308 0.272 0.236 0.199 0.160 0.119 0.082 0.060 0.046
 0.035 0.029 0.026 0.025 0.024 0.023 0.021 0.019 0.015 0.000 0.000 0.000 0.000
 0.000-0.013 0.000 0.000 0.000 0.000 0.000 0.000 0.000 0.000 0.000 0.000 0.000
 0.000 0.000 0.000 0.000 0.000 0.000 0.000 0.000 0.000 0.000 0.000 0.000
 0.499 0.448 0.401 0.357 0.315 0.282 0.247 0.213 0.175 0.141 0.105 0.071 0.054
 0.038 0.027 0.020 0.015 0.012 0.009 0.006 0.004-0.001-0.005-0.010-0.015-0.019
-0.024-0.032-0.040-0.046-0.052-0.056-0.060 0.000 0.000 0.000 0.000 0.000 0.000
 0.000 0.000 0.000 0.000 0.000 0.000 0.000 0.000 0.000 0.000 0.000 0.000
 0.495 0.448 0.404 0.363 0.324 0.292 0.260 0.228 0.192 0.158 0.126 0.095 0.066
 0.047 0.033 0.022 0.014 0.008 0.004 0.000-0.003-0.009-0.014-0.019-0.023-0.028
-0.033-0.041-0.049-0.056-0.062-0.068-0.073-0.078-0.083-0.087-0.090-0.094-0.097
-0.099 0.000 0.000 0.000 0.000 0.000 0.000 0.000 0.000 0.000 0.000 0.000
 0.494 0.450 0.408 0.369 0.331 0.301 0.272 0.244 0.213 0.180 0.146 0.117 0.088
 0.061 0.043 0.029 0.019 0.010 0.004-0.001-0.006-0.013-0.018-0.023-0.028-0.033
-0.037-0.046-0.054-0.061-0.067-0.073-0.079-0.084-0.089-0.093-0.097-0.101-0.105
-0.109-0.113-0.116-0.117-0.117-0.116 0.000 0.000 0.000 0.000 0.000 0.000
 0.497 0.454 0.414 0.375 0.339 0.310 0.282 0.255 0.226 0.198 0.169 0.139 0.114
 0.086 0.059 0.041 0.027 0.017 0.008 0.001-0.004-0.013-0.020-0.026-0.031-0.035
-0.040-0.048-0.056-0.063-0.070-0.076-0.081-0.087-0.091-0.096-0.100-0.104-0.108
-0.112-0.116-0.119-0.123-0.125-0.127-0.128-0.129-0.128-0.127 0.000 0.000
 0.501 0.459 0.420 0.384 0.347 0.317 0.288 0.262 0.237 0.212 0.187 0.161 0.135
 0.110 0.085 0.060 0.040 0.027 0.016 0.008 0.000-0.011-0.019-0.026-0.031-0.036
-0.041-0.049-0.057-0.064-0.071-0.077-0.083-0.088-0.093-0.097-0.102-0.106-0.110
-0.113-0.117-0.121-0.124-0.127-0.130-0.132-0.134-0.135-0.135-0.133-0.133
 0.508 0.464 0.426 0.390 0.356 0.328 0.297 0.270 0.245 0.221 0.198 0.175 0.153
 0.131 0.108 0.086 0.056 0.041 0.029 0.018 0.009-0.005-0.016-0.024-0.030-0.036
-0.041-0.050-0.057-0.065-0.071-0.077-0.083-0.088-0.093-0.098-0.102-0.106-0.110
-0.114-0.118-0.121-0.125-0.128-0.131-0.134-0.136-0.137-0.138-0.138-0.137
 [Fe/H] = -1.00: Color Index = b-y  
 0.515 0.460 0.411 0.364 0.319 0.283 0.245 0.205 0.162 0.119 0.083 0.062 0.046
 0.036 0.029 0.025 0.024 0.023 0.022 0.020 0.018 0.014 0.000 0.000 0.000 0.000
 0.000-0.014 0.000 0.000 0.000 0.000 0.000 0.000 0.000 0.000 0.000 0.000 0.000
 0.000 0.000 0.000 0.000 0.000 0.000 0.000 0.000 0.000 0.000 0.000 0.000
 0.507 0.457 0.411 0.367 0.326 0.291 0.255 0.217 0.177 0.143 0.105 0.074 0.053
 0.038 0.027 0.019 0.014 0.011 0.008 0.005 0.003-0.002-0.006-0.011-0.016-0.020
-0.025-0.033-0.040-0.047-0.052-0.056-0.060 0.000 0.000 0.000 0.000 0.000 0.000
 0.000 0.000 0.000 0.000 0.000 0.000 0.000 0.000 0.000 0.000 0.000 0.000
 0.501 0.455 0.413 0.371 0.332 0.299 0.266 0.230 0.192 0.161 0.127 0.094 0.065
 0.047 0.033 0.021 0.014 0.007 0.003-0.001-0.004-0.010-0.015-0.020-0.024-0.029
-0.033-0.042-0.050-0.057-0.063-0.069-0.074-0.078-0.082-0.085-0.089-0.092-0.095
-0.096 0.000 0.000 0.000 0.000 0.000 0.000 0.000 0.000 0.000 0.000 0.000
 0.497 0.454 0.414 0.376 0.338 0.307 0.275 0.242 0.209 0.178 0.146 0.118 0.087
 0.060 0.043 0.029 0.018 0.010 0.003-0.002-0.007-0.014-0.019-0.024-0.029-0.034
-0.038-0.046-0.054-0.061-0.068-0.074-0.079-0.084-0.089-0.093-0.096-0.100-0.104
-0.107-0.111-0.114-0.115-0.116-0.115 0.000 0.000 0.000 0.000 0.000 0.000
 0.495 0.453 0.416 0.379 0.344 0.314 0.282 0.253 0.224 0.194 0.165 0.139 0.113
 0.084 0.058 0.040 0.027 0.016 0.008 0.001-0.005-0.014-0.021-0.027-0.032-0.036
-0.041-0.049-0.056-0.064-0.070-0.076-0.082-0.087-0.091-0.096-0.100-0.104-0.107
-0.111-0.114-0.118-0.121-0.124-0.126-0.127-0.127-0.127-0.126 0.000 0.000
 0.494 0.453 0.417 0.383 0.349 0.318 0.289 0.260 0.235 0.210 0.184 0.159 0.134
 0.109 0.083 0.058 0.039 0.027 0.016 0.007 0.000-0.012-0.020-0.027-0.032-0.037
-0.042-0.050-0.058-0.065-0.071-0.077-0.083-0.088-0.093-0.097-0.101-0.105-0.109
-0.112-0.116-0.119-0.123-0.126-0.129-0.131-0.133-0.134-0.134-0.133-0.134
 0.495 0.454 0.421 0.387 0.355 0.325 0.296 0.268 0.243 0.221 0.199 0.175 0.151
 0.129 0.107 0.085 0.055 0.041 0.028 0.018 0.009-0.006-0.017-0.025-0.031-0.037
-0.042-0.050-0.058-0.065-0.071-0.078-0.083-0.088-0.093-0.098-0.102-0.106-0.110
-0.114-0.117-0.120-0.124-0.127-0.130-0.132-0.135-0.136-0.137-0.138-0.137
 [Fe/H] = -0.50: Color Index = b-y  
 0.537 0.481 0.427 0.377 0.332 0.293 0.254 0.209 0.161 0.115 0.082 0.062 0.046
 0.035 0.028 0.024 0.022 0.021 0.020 0.018 0.016 0.013 0.000 0.000 0.000 0.000
 0.000-0.015 0.000 0.000 0.000 0.000 0.000 0.000 0.000 0.000 0.000 0.000 0.000
 0.000 0.000 0.000 0.000 0.000 0.000 0.000 0.000 0.000 0.000 0.000 0.000
 0.526 0.474 0.425 0.380 0.336 0.299 0.262 0.222 0.183 0.141 0.100 0.074 0.053
 0.037 0.026 0.018 0.012 0.009 0.005 0.003 0.001-0.004-0.008-0.013-0.017-0.022
-0.026-0.034-0.042-0.048-0.053-0.057-0.059 0.000 0.000 0.000 0.000 0.000 0.000
 0.000 0.000 0.000 0.000 0.000 0.000 0.000 0.000 0.000 0.000 0.000 0.000
 0.518 0.470 0.423 0.382 0.340 0.305 0.270 0.232 0.196 0.160 0.125 0.091 0.065
 0.046 0.032 0.021 0.012 0.005 0.001-0.003-0.007-0.012-0.017-0.022-0.026-0.031
-0.035-0.043-0.051-0.058-0.064-0.070-0.074-0.078-0.081-0.084-0.087-0.090-0.092
-0.093 0.000 0.000 0.000 0.000 0.000 0.000 0.000 0.000 0.000 0.000 0.000
 0.511 0.466 0.423 0.385 0.344 0.311 0.277 0.242 0.207 0.175 0.143 0.115 0.084
 0.059 0.041 0.028 0.017 0.008 0.002-0.004-0.009-0.016-0.022-0.027-0.031-0.035
-0.040-0.048-0.056-0.063-0.069-0.075-0.080-0.085-0.089-0.092-0.095-0.098-0.102
-0.105-0.109-0.111-0.113-0.113-0.113 0.000 0.000 0.000 0.000 0.000 0.000
 0.506 0.464 0.423 0.386 0.349 0.317 0.284 0.251 0.220 0.190 0.165 0.138 0.111
 0.081 0.055 0.039 0.026 0.015 0.006-0.001-0.007-0.016-0.023-0.029-0.034-0.038
-0.042-0.050-0.058-0.065-0.071-0.077-0.083-0.087-0.092-0.096-0.099-0.103-0.106
-0.109-0.112-0.116-0.119-0.122-0.124-0.125-0.125-0.125-0.125 0.000 0.000
 0.503 0.462 0.423 0.388 0.353 0.322 0.291 0.261 0.233 0.203 0.181 0.157 0.132
 0.107 0.080 0.055 0.038 0.025 0.015 0.006-0.002-0.013-0.022-0.029-0.034-0.039
-0.043-0.051-0.059-0.066-0.072-0.078-0.084-0.089-0.093-0.097-0.101-0.105-0.108
-0.111-0.114-0.117-0.121-0.124-0.127-0.129-0.130-0.131-0.132-0.132-0.134
 0.500 0.460 0.423 0.389 0.356 0.324 0.293 0.267 0.242 0.217 0.195 0.172 0.150
 0.127 0.104 0.082 0.053 0.039 0.027 0.016 0.008-0.007-0.018-0.026-0.033-0.038
-0.043-0.052-0.059-0.066-0.072-0.078-0.084-0.089-0.094-0.098-0.102-0.106-0.109
-0.113-0.116-0.119-0.122-0.125-0.128-0.130-0.132-0.134-0.135-0.136-0.137
 [Fe/H] =  0.00: Color Index = b-y  
 0.592 0.516 0.455 0.399 0.350 0.302 0.256 0.206 0.152 0.116 0.087 0.065 0.046
 0.033 0.025 0.021 0.019 0.017 0.015 0.014 0.012 0.008 0.004 0.000 0.000 0.000
 0.000-0.017 0.000 0.000 0.000 0.000 0.000 0.000 0.000 0.000 0.000 0.000 0.000
 0.000 0.000 0.000 0.000 0.000 0.000 0.000 0.000 0.000 0.000 0.000 0.000
 0.580 0.511 0.454 0.401 0.355 0.310 0.269 0.225 0.182 0.141 0.103 0.075 0.053
 0.036 0.023 0.015 0.009 0.004 0.001-0.002-0.004-0.009-0.013-0.018-0.022-0.026
-0.030-0.038-0.045-0.051-0.055-0.057-0.058 0.000 0.000 0.000 0.000 0.000 0.000
 0.000 0.000 0.000 0.000 0.000 0.000 0.000 0.000 0.000 0.000 0.000 0.000
 0.566 0.506 0.453 0.403 0.358 0.315 0.278 0.240 0.201 0.166 0.125 0.095 0.065
 0.045 0.029 0.017 0.009 0.002-0.004-0.008-0.011-0.017-0.022-0.027-0.031-0.035
-0.039-0.047-0.055-0.061-0.067-0.072-0.076-0.079-0.081-0.083-0.085-0.087-0.089
-0.088 0.000 0.000 0.000 0.000 0.000 0.000 0.000 0.000 0.000 0.000 0.000
 0.554 0.501 0.450 0.405 0.362 0.319 0.284 0.249 0.213 0.183 0.151 0.117 0.082
 0.057 0.039 0.025 0.014 0.005-0.002-0.008-0.013-0.021-0.026-0.031-0.036-0.040
-0.044-0.052-0.059-0.066-0.072-0.077-0.082-0.087-0.090-0.093-0.095-0.097-0.100
-0.103-0.106-0.108-0.109-0.109-0.109 0.000 0.000 0.000 0.000 0.000 0.000
 0.544 0.493 0.447 0.405 0.364 0.323 0.288 0.254 0.222 0.194 0.167 0.139 0.109
 0.077 0.053 0.036 0.023 0.012 0.003-0.004-0.010-0.020-0.027-0.033-0.038-0.042
-0.046-0.054-0.061-0.068-0.074-0.080-0.085-0.089-0.093-0.097-0.100-0.102-0.105
-0.107-0.110-0.113-0.116-0.118-0.120-0.120-0.121-0.121-0.122 0.000 0.000
 0.530 0.484 0.443 0.404 0.365 0.325 0.293 0.261 0.231 0.204 0.181 0.155 0.131
 0.104 0.076 0.052 0.035 0.023 0.012 0.003-0.005-0.017-0.026-0.033-0.038-0.043
-0.047-0.055-0.062-0.069-0.075-0.080-0.085-0.090-0.095-0.098-0.102-0.105-0.107
-0.110-0.112-0.115-0.118-0.121-0.123-0.125-0.126-0.127-0.128 0.000-0.132
 0.518 0.475 0.437 0.401 0.366 0.325 0.296 0.267 0.239 0.215 0.193 0.170 0.149
 0.125 0.102 0.078 0.050 0.036 0.024 0.014 0.005-0.010-0.021-0.030-0.036-0.042
-0.047-0.055-0.062-0.068-0.075-0.080-0.086-0.090-0.095-0.099-0.103-0.106-0.109
-0.111-0.114-0.117-0.119-0.122-0.125-0.127-0.128-0.130-0.131 0.000-0.134
 [Fe/H] =  0.50: Color Index = b-y  
 0.655 0.582 0.512 0.440 0.379 0.329 0.276 0.216 0.163 0.122 0.089 0.065 0.044
 0.029 0.019 0.014 0.010 0.008 0.006 0.004 0.002-0.002 0.000 0.000 0.000 0.000
 0.000 0.000 0.000 0.000 0.000 0.000 0.000 0.000 0.000 0.000 0.000 0.000 0.000
 0.000 0.000 0.000 0.000 0.000 0.000 0.000 0.000 0.000 0.000 0.000 0.000
 0.642 0.574 0.510 0.442 0.384 0.339 0.291 0.239 0.192 0.142 0.103 0.075 0.053
 0.033 0.019 0.009 0.001-0.004-0.008-0.011-0.014-0.019-0.024-0.028-0.032-0.036
-0.039-0.046-0.052-0.057-0.059 0.000 0.000 0.000 0.000 0.000 0.000 0.000 0.000
 0.000 0.000 0.000 0.000 0.000 0.000 0.000 0.000 0.000 0.000 0.000 0.000
 0.627 0.565 0.506 0.444 0.388 0.345 0.302 0.258 0.216 0.173 0.126 0.090 0.064
 0.043 0.026 0.012 0.002-0.006-0.012-0.017-0.021-0.027-0.032-0.037-0.041-0.045
-0.049-0.056-0.062-0.068-0.073-0.077-0.080-0.081-0.082-0.082-0.083-0.084 0.000
 0.000 0.000 0.000 0.000 0.000 0.000 0.000 0.000 0.000 0.000 0.000 0.000
 0.612 0.557 0.502 0.444 0.391 0.350 0.309 0.271 0.232 0.195 0.155 0.115 0.079
 0.056 0.037 0.021 0.008-0.002-0.009-0.016-0.021-0.030-0.036-0.041-0.045-0.050
-0.053-0.060-0.067-0.073-0.078-0.083-0.087-0.091-0.093-0.094-0.096-0.097-0.099
-0.101-0.102-0.102-0.102 0.000 0.000 0.000 0.000 0.000 0.000 0.000 0.000
 0.598 0.547 0.496 0.443 0.393 0.351 0.314 0.281 0.245 0.208 0.175 0.143 0.106
 0.073 0.050 0.033 0.018 0.006-0.003-0.011-0.018-0.028-0.036-0.042-0.047-0.051
-0.055-0.062-0.069-0.074-0.080-0.085-0.090-0.094-0.097-0.099-0.101-0.103-0.105
-0.107-0.109-0.111-0.112-0.112-0.113-0.113-0.113 0.000 0.000 0.000 0.000
 0.581 0.535 0.487 0.441 0.394 0.353 0.318 0.286 0.252 0.217 0.187 0.159 0.130
 0.101 0.071 0.048 0.031 0.018 0.007-0.003-0.011-0.023-0.033-0.040-0.046-0.051
-0.055-0.063-0.069-0.075-0.080-0.085-0.090-0.094-0.098-0.101-0.104-0.106-0.108
-0.109-0.111-0.113-0.115-0.117-0.118-0.119-0.119-0.119-0.120-0.123 0.000
 0.566 0.520 0.476 0.437 0.393 0.352 0.320 0.289 0.256 0.224 0.196 0.171 0.148
 0.124 0.098 0.072 0.046 0.032 0.019 0.009-0.001-0.015-0.027-0.036-0.043-0.049
-0.054-0.062-0.069-0.075-0.080-0.085-0.090-0.094-0.098-0.102-0.105-0.107-0.109
-0.111-0.113-0.115-0.117-0.118-0.120-0.121-0.122-0.123-0.123-0.125-0.128
 [Fe/H] = -3.00: Color Index = m1   
 0.044 0.031 0.026 0.033 0.042 0.053 0.062 0.072 0.079 0.088 0.093 0.097 0.097
 0.093 0.090 0.085 0.081 0.078 0.075 0.073 0.072 0.070 0.000 0.000 0.000 0.000
 0.000 0.063 0.000 0.000 0.000 0.000 0.000 0.000 0.000 0.000 0.000 0.000 0.000
 0.000 0.000 0.000 0.000 0.000 0.000 0.000 0.000 0.000 0.000 0.000 0.000
 0.042 0.030 0.024 0.029 0.037 0.047 0.059 0.071 0.083 0.093 0.104 0.113 0.114
 0.111 0.108 0.102 0.097 0.093 0.090 0.087 0.085 0.082 0.080 0.078 0.077 0.076
 0.075 0.073 0.072 0.070 0.068 0.067 0.065 0.000 0.000 0.000 0.000 0.000 0.000
 0.000 0.000 0.000 0.000 0.000 0.000 0.000 0.000 0.000 0.000 0.000 0.000
 0.042 0.030 0.024 0.027 0.033 0.044 0.057 0.070 0.083 0.096 0.111 0.123 0.130
 0.130 0.129 0.124 0.119 0.114 0.109 0.104 0.101 0.096 0.093 0.091 0.089 0.087
 0.086 0.084 0.082 0.080 0.078 0.076 0.075 0.073 0.072 0.070 0.069 0.068 0.067
 0.065 0.061 0.000 0.000 0.000 0.000 0.000 0.000 0.000 0.000 0.000 0.000
 0.042 0.032 0.025 0.027 0.032 0.042 0.055 0.068 0.082 0.096 0.112 0.127 0.141
 0.149 0.151 0.148 0.145 0.139 0.133 0.127 0.122 0.115 0.110 0.106 0.104 0.101
 0.099 0.096 0.094 0.091 0.089 0.087 0.085 0.083 0.081 0.079 0.078 0.077 0.076
 0.074 0.073 0.071 0.068 0.065 0.063 0.000 0.000 0.000 0.000 0.000 0.000
 0.043 0.034 0.028 0.027 0.032 0.041 0.053 0.066 0.081 0.095 0.111 0.128 0.145
 0.161 0.170 0.173 0.172 0.168 0.162 0.156 0.150 0.140 0.132 0.126 0.122 0.119
 0.116 0.112 0.108 0.105 0.102 0.099 0.097 0.094 0.092 0.090 0.088 0.086 0.085
 0.083 0.082 0.080 0.078 0.076 0.073 0.071 0.068 0.066 0.063 0.000 0.000
 0.046 0.036 0.032 0.030 0.034 0.041 0.051 0.063 0.078 0.093 0.109 0.126 0.144
 0.163 0.178 0.191 0.199 0.197 0.194 0.190 0.184 0.171 0.160 0.152 0.146 0.141
 0.137 0.131 0.126 0.121 0.118 0.114 0.111 0.108 0.105 0.102 0.099 0.097 0.095
 0.094 0.092 0.090 0.088 0.086 0.084 0.081 0.078 0.075 0.072 0.065 0.061
 0.050 0.039 0.034 0.033 0.036 0.040 0.049 0.060 0.073 0.088 0.104 0.122 0.140
 0.160 0.179 0.195 0.219 0.223 0.225 0.223 0.219 0.207 0.195 0.184 0.175 0.168
 0.162 0.154 0.147 0.142 0.137 0.132 0.128 0.124 0.120 0.117 0.113 0.111 0.108
 0.106 0.104 0.102 0.099 0.097 0.094 0.091 0.088 0.085 0.082 0.074 0.067
 [Fe/H] = -2.50: Color Index = m1   
 0.056 0.041 0.039 0.041 0.047 0.056 0.065 0.075 0.084 0.090 0.095 0.097 0.097
 0.093 0.090 0.085 0.081 0.078 0.075 0.073 0.072 0.070 0.000 0.000 0.000 0.000
 0.000 0.063 0.000 0.000 0.000 0.000 0.000 0.000 0.000 0.000 0.000 0.000 0.000
 0.000 0.000 0.000 0.000 0.000 0.000 0.000 0.000 0.000 0.000 0.000 0.000
 0.058 0.043 0.036 0.038 0.043 0.052 0.063 0.075 0.088 0.099 0.106 0.113 0.113
 0.111 0.108 0.102 0.097 0.093 0.090 0.087 0.085 0.082 0.079 0.078 0.077 0.076
 0.075 0.073 0.071 0.070 0.068 0.066 0.065 0.000 0.000 0.000 0.000 0.000 0.000
 0.000 0.000 0.000 0.000 0.000 0.000 0.000 0.000 0.000 0.000 0.000 0.000
 0.062 0.046 0.036 0.036 0.040 0.049 0.061 0.074 0.088 0.101 0.114 0.124 0.130
 0.131 0.129 0.124 0.119 0.114 0.108 0.104 0.101 0.096 0.093 0.090 0.089 0.087
 0.086 0.083 0.082 0.080 0.078 0.076 0.074 0.073 0.071 0.070 0.069 0.068 0.067
 0.065 0.000 0.000 0.000 0.000 0.000 0.000 0.000 0.000 0.000 0.000 0.000
 0.067 0.049 0.038 0.036 0.038 0.047 0.059 0.072 0.087 0.101 0.116 0.131 0.142
 0.149 0.151 0.149 0.145 0.139 0.133 0.127 0.122 0.115 0.110 0.106 0.103 0.101
 0.099 0.096 0.093 0.091 0.089 0.087 0.085 0.083 0.081 0.079 0.078 0.076 0.075
 0.074 0.072 0.071 0.068 0.065 0.063 0.000 0.000 0.000 0.000 0.000 0.000
 0.073 0.054 0.042 0.038 0.038 0.046 0.057 0.069 0.084 0.099 0.115 0.131 0.147
 0.161 0.170 0.173 0.172 0.168 0.162 0.156 0.150 0.140 0.132 0.126 0.122 0.119
 0.116 0.111 0.108 0.105 0.102 0.099 0.096 0.094 0.092 0.089 0.088 0.086 0.084
 0.083 0.081 0.080 0.078 0.076 0.073 0.071 0.068 0.065 0.063 0.000 0.000
 0.079 0.060 0.047 0.041 0.041 0.046 0.055 0.066 0.081 0.096 0.112 0.129 0.147
 0.164 0.178 0.191 0.199 0.197 0.194 0.189 0.184 0.171 0.160 0.152 0.145 0.140
 0.137 0.130 0.125 0.121 0.117 0.114 0.110 0.107 0.104 0.102 0.099 0.097 0.095
 0.093 0.092 0.090 0.088 0.086 0.083 0.081 0.078 0.075 0.072 0.065 0.061
 0.087 0.068 0.052 0.045 0.045 0.045 0.052 0.063 0.077 0.091 0.107 0.125 0.144
 0.162 0.179 0.196 0.220 0.223 0.225 0.223 0.219 0.207 0.195 0.184 0.175 0.168
 0.162 0.153 0.147 0.142 0.137 0.132 0.128 0.124 0.120 0.116 0.113 0.110 0.108
 0.106 0.103 0.101 0.099 0.097 0.094 0.091 0.088 0.085 0.082 0.074 0.067
 [Fe/H] = -2.00: Color Index = m1   
 0.079 0.057 0.047 0.051 0.058 0.066 0.074 0.080 0.089 0.097 0.104 0.102 0.097
 0.094 0.090 0.085 0.081 0.077 0.075 0.073 0.072 0.070 0.000 0.000 0.000 0.000
 0.000 0.063 0.000 0.000 0.000 0.000 0.000 0.000 0.000 0.000 0.000 0.000 0.000
 0.000 0.000 0.000 0.000 0.000 0.000 0.000 0.000 0.000 0.000 0.000 0.000
 0.087 0.060 0.047 0.046 0.053 0.061 0.070 0.080 0.091 0.102 0.110 0.113 0.114
 0.111 0.108 0.102 0.097 0.093 0.089 0.087 0.084 0.081 0.079 0.078 0.076 0.075
 0.074 0.073 0.071 0.069 0.068 0.066 0.064 0.000 0.000 0.000 0.000 0.000 0.000
 0.000 0.000 0.000 0.000 0.000 0.000 0.000 0.000 0.000 0.000 0.000 0.000
 0.098 0.069 0.049 0.045 0.051 0.058 0.068 0.080 0.092 0.104 0.118 0.128 0.131
 0.131 0.129 0.124 0.119 0.113 0.108 0.104 0.101 0.096 0.093 0.090 0.088 0.087
 0.085 0.083 0.081 0.079 0.078 0.076 0.074 0.072 0.071 0.070 0.068 0.067 0.066
 0.064 0.000 0.000 0.000 0.000 0.000 0.000 0.000 0.000 0.000 0.000 0.000
 0.112 0.079 0.055 0.048 0.050 0.056 0.066 0.079 0.092 0.105 0.119 0.133 0.143
 0.151 0.152 0.149 0.144 0.139 0.132 0.127 0.122 0.115 0.110 0.106 0.103 0.101
 0.099 0.096 0.093 0.091 0.088 0.086 0.084 0.082 0.080 0.079 0.077 0.076 0.074
 0.073 0.072 0.070 0.067 0.000 0.000 0.000 0.000 0.000 0.000 0.000 0.000
 0.128 0.090 0.064 0.053 0.051 0.056 0.066 0.078 0.090 0.104 0.118 0.134 0.150
 0.162 0.171 0.173 0.173 0.168 0.161 0.155 0.150 0.139 0.131 0.126 0.122 0.118
 0.116 0.111 0.107 0.104 0.101 0.099 0.096 0.093 0.091 0.089 0.087 0.085 0.084
 0.082 0.081 0.079 0.077 0.075 0.073 0.070 0.000 0.000 0.000 0.000 0.000
 0.148 0.104 0.075 0.060 0.055 0.058 0.066 0.076 0.088 0.101 0.116 0.133 0.150
 0.166 0.180 0.192 0.199 0.197 0.194 0.189 0.183 0.170 0.159 0.151 0.145 0.140
 0.136 0.130 0.125 0.121 0.117 0.113 0.110 0.107 0.104 0.101 0.099 0.097 0.095
 0.093 0.091 0.089 0.087 0.085 0.083 0.080 0.077 0.075 0.072 0.065 0.061
 0.165 0.117 0.084 0.067 0.059 0.059 0.065 0.074 0.085 0.098 0.113 0.130 0.147
 0.164 0.181 0.197 0.221 0.224 0.225 0.223 0.219 0.207 0.194 0.183 0.174 0.167
 0.161 0.153 0.146 0.141 0.136 0.132 0.127 0.123 0.120 0.116 0.113 0.110 0.107
 0.105 0.103 0.101 0.098 0.096 0.093 0.091 0.088 0.085 0.081 0.073 0.067
 [Fe/H] = -1.50: Color Index = m1   
 0.145 0.107 0.087 0.079 0.079 0.083 0.086 0.089 0.094 0.098 0.100 0.100 0.098
 0.094 0.090 0.085 0.080 0.077 0.075 0.073 0.071 0.069 0.000 0.000 0.000 0.000
 0.000 0.062 0.000 0.000 0.000 0.000 0.000 0.000 0.000 0.000 0.000 0.000 0.000
 0.000 0.000 0.000 0.000 0.000 0.000 0.000 0.000 0.000 0.000 0.000 0.000
 0.152 0.111 0.088 0.078 0.075 0.080 0.085 0.092 0.100 0.108 0.112 0.115 0.115
 0.112 0.108 0.102 0.097 0.093 0.089 0.086 0.084 0.081 0.079 0.077 0.076 0.075
 0.074 0.072 0.071 0.069 0.067 0.065 0.063 0.000 0.000 0.000 0.000 0.000 0.000
 0.000 0.000 0.000 0.000 0.000 0.000 0.000 0.000 0.000 0.000 0.000 0.000
 0.165 0.117 0.091 0.076 0.073 0.076 0.082 0.092 0.102 0.112 0.122 0.128 0.132
 0.132 0.130 0.124 0.118 0.113 0.108 0.103 0.100 0.096 0.092 0.090 0.088 0.087
 0.085 0.083 0.081 0.079 0.077 0.075 0.073 0.072 0.070 0.068 0.067 0.065 0.064
 0.062 0.000 0.000 0.000 0.000 0.000 0.000 0.000 0.000 0.000 0.000 0.000
 0.180 0.129 0.097 0.080 0.074 0.074 0.080 0.091 0.102 0.113 0.126 0.137 0.146
 0.152 0.152 0.149 0.144 0.139 0.132 0.126 0.121 0.114 0.109 0.106 0.103 0.101
 0.099 0.095 0.093 0.090 0.088 0.086 0.084 0.081 0.079 0.078 0.076 0.074 0.073
 0.072 0.070 0.068 0.066 0.064 0.061 0.000 0.000 0.000 0.000 0.000 0.000
 0.202 0.148 0.108 0.087 0.078 0.074 0.079 0.090 0.101 0.112 0.126 0.139 0.153
 0.165 0.173 0.174 0.173 0.168 0.161 0.155 0.149 0.139 0.131 0.125 0.121 0.118
 0.115 0.110 0.107 0.104 0.101 0.098 0.095 0.093 0.090 0.088 0.086 0.084 0.083
 0.081 0.079 0.078 0.076 0.074 0.072 0.069 0.067 0.064 0.062 0.000 0.000
 0.230 0.170 0.128 0.098 0.083 0.077 0.082 0.089 0.099 0.110 0.124 0.139 0.154
 0.169 0.182 0.194 0.200 0.197 0.194 0.188 0.182 0.169 0.159 0.151 0.144 0.140
 0.136 0.129 0.124 0.120 0.116 0.113 0.109 0.106 0.103 0.100 0.098 0.096 0.094
 0.092 0.090 0.088 0.086 0.084 0.082 0.079 0.076 0.074 0.071 0.064 0.061
 0.257 0.196 0.148 0.114 0.089 0.077 0.081 0.087 0.097 0.108 0.122 0.136 0.152
 0.169 0.185 0.200 0.222 0.224 0.225 0.222 0.218 0.206 0.193 0.182 0.173 0.166
 0.161 0.152 0.146 0.140 0.135 0.131 0.127 0.123 0.119 0.115 0.112 0.109 0.107
 0.104 0.102 0.099 0.097 0.095 0.092 0.090 0.087 0.084 0.081 0.073 0.067
 [Fe/H] = -1.00: Color Index = m1   
 0.222 0.165 0.127 0.109 0.102 0.102 0.103 0.105 0.109 0.111 0.109 0.106 0.101
 0.095 0.090 0.085 0.080 0.077 0.074 0.072 0.071 0.069 0.000 0.000 0.000 0.000
 0.000 0.062 0.000 0.000 0.000 0.000 0.000 0.000 0.000 0.000 0.000 0.000 0.000
 0.000 0.000 0.000 0.000 0.000 0.000 0.000 0.000 0.000 0.000 0.000 0.000
 0.227 0.167 0.129 0.110 0.100 0.100 0.104 0.110 0.115 0.120 0.122 0.122 0.119
 0.114 0.109 0.103 0.097 0.092 0.089 0.086 0.084 0.081 0.078 0.077 0.076 0.075
 0.074 0.072 0.070 0.068 0.067 0.064 0.062 0.000 0.000 0.000 0.000 0.000 0.000
 0.000 0.000 0.000 0.000 0.000 0.000 0.000 0.000 0.000 0.000 0.000 0.000
 0.236 0.175 0.133 0.112 0.100 0.097 0.101 0.109 0.117 0.125 0.132 0.136 0.137
 0.135 0.131 0.125 0.118 0.113 0.107 0.103 0.100 0.095 0.092 0.090 0.088 0.086
 0.085 0.083 0.080 0.079 0.076 0.074 0.072 0.070 0.069 0.067 0.065 0.063 0.062
 0.060 0.000 0.000 0.000 0.000 0.000 0.000 0.000 0.000 0.000 0.000 0.000
 0.253 0.190 0.142 0.117 0.102 0.095 0.098 0.107 0.117 0.127 0.136 0.145 0.152
 0.156 0.154 0.150 0.144 0.138 0.131 0.126 0.121 0.113 0.109 0.105 0.102 0.100
 0.098 0.095 0.092 0.090 0.087 0.085 0.083 0.081 0.078 0.076 0.074 0.073 0.071
 0.069 0.068 0.066 0.064 0.062 0.060 0.000 0.000 0.000 0.000 0.000 0.000
 0.275 0.207 0.158 0.127 0.108 0.098 0.098 0.106 0.116 0.126 0.137 0.149 0.160
 0.170 0.176 0.176 0.174 0.167 0.161 0.154 0.148 0.137 0.130 0.125 0.121 0.117
 0.115 0.110 0.106 0.103 0.100 0.097 0.094 0.092 0.089 0.087 0.085 0.083 0.081
 0.079 0.077 0.075 0.074 0.072 0.070 0.067 0.065 0.062 0.060 0.000 0.000
 0.299 0.227 0.176 0.140 0.117 0.105 0.102 0.107 0.115 0.124 0.136 0.149 0.162
 0.175 0.187 0.197 0.201 0.198 0.193 0.188 0.182 0.168 0.157 0.149 0.143 0.139
 0.135 0.129 0.124 0.119 0.115 0.112 0.108 0.105 0.102 0.099 0.097 0.094 0.092
 0.090 0.088 0.086 0.084 0.082 0.079 0.077 0.075 0.072 0.069 0.063 0.060
 0.326 0.250 0.193 0.155 0.127 0.110 0.107 0.109 0.114 0.123 0.135 0.148 0.161
 0.176 0.191 0.204 0.224 0.226 0.225 0.222 0.217 0.204 0.192 0.181 0.172 0.165
 0.160 0.151 0.145 0.139 0.134 0.130 0.126 0.121 0.118 0.114 0.111 0.108 0.105
 0.102 0.100 0.097 0.095 0.093 0.090 0.087 0.085 0.082 0.079 0.071 0.066
 [Fe/H] = -0.50: Color Index = m1   
 0.301 0.226 0.173 0.143 0.135 0.131 0.129 0.130 0.135 0.132 0.127 0.120 0.110
 0.101 0.094 0.087 0.081 0.078 0.074 0.072 0.071 0.068 0.000 0.000 0.000 0.000
 0.000 0.061 0.000 0.000 0.000 0.000 0.000 0.000 0.000 0.000 0.000 0.000 0.000
 0.000 0.000 0.000 0.000 0.000 0.000 0.000 0.000 0.000 0.000 0.000 0.000
 0.305 0.230 0.175 0.144 0.133 0.130 0.131 0.134 0.139 0.141 0.139 0.136 0.129
 0.121 0.113 0.105 0.098 0.093 0.089 0.086 0.084 0.080 0.078 0.076 0.075 0.074
 0.073 0.072 0.070 0.068 0.066 0.064 0.061 0.000 0.000 0.000 0.000 0.000 0.000
 0.000 0.000 0.000 0.000 0.000 0.000 0.000 0.000 0.000 0.000 0.000 0.000
 0.312 0.238 0.180 0.147 0.132 0.130 0.130 0.134 0.140 0.145 0.149 0.150 0.148
 0.143 0.135 0.127 0.120 0.114 0.108 0.103 0.100 0.095 0.091 0.089 0.087 0.086
 0.084 0.082 0.080 0.078 0.076 0.074 0.072 0.070 0.067 0.065 0.063 0.061 0.059
 0.057 0.000 0.000 0.000 0.000 0.000 0.000 0.000 0.000 0.000 0.000 0.000
 0.323 0.249 0.188 0.152 0.133 0.128 0.127 0.131 0.140 0.147 0.154 0.160 0.164
 0.165 0.159 0.153 0.146 0.139 0.131 0.125 0.121 0.113 0.108 0.104 0.102 0.099
 0.098 0.094 0.092 0.089 0.087 0.084 0.082 0.080 0.078 0.075 0.073 0.071 0.069
 0.067 0.065 0.063 0.061 0.059 0.056 0.000 0.000 0.000 0.000 0.000 0.000
 0.340 0.263 0.200 0.160 0.137 0.127 0.126 0.129 0.138 0.146 0.155 0.164 0.173
 0.180 0.183 0.179 0.175 0.168 0.161 0.154 0.148 0.137 0.129 0.124 0.120 0.116
 0.114 0.109 0.105 0.102 0.099 0.096 0.094 0.091 0.088 0.086 0.083 0.081 0.079
 0.077 0.075 0.073 0.071 0.069 0.066 0.064 0.061 0.059 0.057 0.000 0.000
 0.360 0.282 0.219 0.176 0.147 0.132 0.127 0.129 0.136 0.145 0.154 0.165 0.176
 0.187 0.196 0.203 0.203 0.199 0.193 0.187 0.181 0.166 0.156 0.148 0.142 0.137
 0.134 0.128 0.122 0.118 0.114 0.111 0.107 0.104 0.101 0.098 0.095 0.092 0.090
 0.087 0.085 0.083 0.081 0.079 0.076 0.074 0.071 0.068 0.066 0.060 0.058
 0.391 0.308 0.243 0.196 0.163 0.146 0.137 0.133 0.136 0.144 0.153 0.164 0.176
 0.189 0.201 0.213 0.229 0.228 0.227 0.222 0.216 0.203 0.190 0.179 0.170 0.163
 0.158 0.150 0.143 0.138 0.133 0.128 0.124 0.120 0.116 0.113 0.109 0.106 0.103
 0.100 0.097 0.095 0.092 0.089 0.087 0.084 0.081 0.078 0.075 0.068 0.063
 [Fe/H] =  0.00: Color Index = m1   
 0.367 0.280 0.222 0.185 0.169 0.158 0.149 0.153 0.155 0.157 0.154 0.142 0.128
 0.114 0.103 0.094 0.087 0.082 0.078 0.076 0.073 0.070 0.068 0.067 0.000 0.000
 0.000 0.062 0.000 0.000 0.000 0.000 0.000 0.000 0.000 0.000 0.000 0.000 0.000
 0.000 0.000 0.000 0.000 0.000 0.000 0.000 0.000 0.000 0.000 0.000 0.000
 0.368 0.278 0.218 0.181 0.164 0.154 0.149 0.154 0.158 0.163 0.168 0.159 0.147
 0.135 0.123 0.112 0.104 0.098 0.093 0.089 0.086 0.082 0.080 0.078 0.076 0.075
 0.074 0.072 0.071 0.069 0.067 0.065 0.061 0.000 0.000 0.000 0.000 0.000 0.000
 0.000 0.000 0.000 0.000 0.000 0.000 0.000 0.000 0.000 0.000 0.000 0.000
 0.374 0.282 0.219 0.182 0.163 0.154 0.151 0.157 0.163 0.169 0.176 0.173 0.167
 0.158 0.146 0.135 0.125 0.118 0.111 0.106 0.102 0.097 0.093 0.090 0.088 0.086
 0.085 0.083 0.081 0.079 0.077 0.075 0.073 0.071 0.068 0.065 0.062 0.059 0.056
 0.052 0.000 0.000 0.000 0.000 0.000 0.000 0.000 0.000 0.000 0.000 0.000
 0.387 0.294 0.228 0.189 0.168 0.156 0.154 0.161 0.167 0.172 0.180 0.183 0.185
 0.180 0.171 0.162 0.152 0.143 0.135 0.128 0.122 0.115 0.109 0.106 0.103 0.100
 0.098 0.095 0.092 0.089 0.087 0.085 0.082 0.080 0.078 0.076 0.073 0.071 0.068
 0.066 0.063 0.059 0.056 0.053 0.051 0.000 0.000 0.000 0.000 0.000 0.000
 0.406 0.313 0.243 0.199 0.174 0.161 0.158 0.163 0.168 0.174 0.182 0.187 0.194
 0.198 0.196 0.190 0.181 0.172 0.163 0.156 0.149 0.137 0.130 0.124 0.120 0.117
 0.114 0.109 0.106 0.102 0.099 0.096 0.093 0.091 0.088 0.086 0.083 0.081 0.078
 0.076 0.073 0.071 0.068 0.065 0.061 0.058 0.055 0.053 0.052 0.000 0.000
 0.431 0.338 0.265 0.214 0.184 0.168 0.162 0.165 0.169 0.175 0.181 0.189 0.197
 0.205 0.213 0.215 0.211 0.203 0.196 0.188 0.181 0.167 0.156 0.148 0.142 0.137
 0.133 0.127 0.122 0.118 0.114 0.110 0.106 0.103 0.100 0.097 0.094 0.092 0.089
 0.086 0.084 0.081 0.078 0.075 0.072 0.069 0.066 0.063 0.060 0.000 0.053
 0.462 0.366 0.289 0.234 0.199 0.179 0.168 0.169 0.171 0.174 0.181 0.188 0.197
 0.207 0.218 0.227 0.232 0.235 0.230 0.224 0.217 0.202 0.189 0.178 0.169 0.162
 0.157 0.149 0.142 0.137 0.132 0.127 0.123 0.118 0.115 0.111 0.108 0.105 0.101
 0.098 0.095 0.092 0.089 0.086 0.083 0.080 0.076 0.073 0.070 0.000 0.058
 [Fe/H] =  0.50: Color Index = m1   
 0.443 0.328 0.268 0.231 0.214 0.200 0.199 0.194 0.193 0.189 0.180 0.172 0.158
 0.139 0.122 0.110 0.100 0.094 0.089 0.086 0.083 0.078 0.000 0.000 0.000 0.000
 0.000 0.000 0.000 0.000 0.000 0.000 0.000 0.000 0.000 0.000 0.000 0.000 0.000
 0.000 0.000 0.000 0.000 0.000 0.000 0.000 0.000 0.000 0.000 0.000 0.000
 0.438 0.322 0.259 0.223 0.206 0.195 0.192 0.193 0.201 0.203 0.199 0.189 0.177
 0.160 0.143 0.129 0.118 0.110 0.104 0.099 0.096 0.091 0.087 0.084 0.082 0.080
 0.079 0.077 0.075 0.074 0.073 0.000 0.000 0.000 0.000 0.000 0.000 0.000 0.000
 0.000 0.000 0.000 0.000 0.000 0.000 0.000 0.000 0.000 0.000 0.000 0.000
 0.440 0.324 0.255 0.217 0.199 0.188 0.187 0.192 0.202 0.208 0.209 0.206 0.198
 0.183 0.167 0.152 0.140 0.130 0.122 0.116 0.111 0.105 0.101 0.097 0.094 0.092
 0.090 0.087 0.085 0.083 0.082 0.081 0.080 0.077 0.074 0.070 0.064 0.059 0.000
 0.000 0.000 0.000 0.000 0.000 0.000 0.000 0.000 0.000 0.000 0.000 0.000
 0.452 0.337 0.259 0.216 0.195 0.185 0.183 0.190 0.201 0.209 0.215 0.218 0.218
 0.206 0.193 0.179 0.166 0.154 0.145 0.137 0.131 0.122 0.116 0.112 0.108 0.106
 0.103 0.099 0.096 0.093 0.090 0.089 0.088 0.086 0.085 0.083 0.080 0.076 0.071
 0.066 0.060 0.054 0.048 0.000 0.000 0.000 0.000 0.000 0.000 0.000 0.000
 0.471 0.360 0.274 0.224 0.199 0.187 0.184 0.192 0.200 0.208 0.215 0.222 0.227
 0.226 0.219 0.208 0.195 0.183 0.173 0.164 0.156 0.144 0.135 0.130 0.125 0.122
 0.118 0.113 0.109 0.105 0.102 0.099 0.097 0.095 0.093 0.091 0.089 0.086 0.083
 0.079 0.075 0.070 0.064 0.059 0.053 0.049 0.045 0.000 0.000 0.000 0.000
 0.499 0.389 0.301 0.243 0.213 0.196 0.191 0.196 0.201 0.207 0.214 0.222 0.230
 0.235 0.239 0.235 0.226 0.215 0.205 0.195 0.186 0.171 0.160 0.152 0.146 0.141
 0.137 0.130 0.124 0.120 0.115 0.111 0.108 0.105 0.103 0.101 0.098 0.096 0.093
 0.090 0.086 0.082 0.077 0.072 0.067 0.062 0.057 0.053 0.049 0.045 0.000
 0.534 0.424 0.336 0.272 0.235 0.213 0.198 0.201 0.205 0.210 0.215 0.223 0.231
 0.237 0.244 0.251 0.256 0.248 0.240 0.230 0.221 0.205 0.191 0.180 0.172 0.165
 0.160 0.151 0.144 0.138 0.132 0.127 0.123 0.119 0.116 0.113 0.110 0.107 0.104
 0.100 0.097 0.093 0.089 0.084 0.079 0.074 0.069 0.064 0.060 0.052 0.048
 [Fe/H] = -3.00: Color Index = c1   
 0.371 0.438 0.538 0.660 0.788 0.916 1.048 1.193 1.333 1.473 1.562 1.599 1.604
 1.567 1.500 1.415 1.326 1.241 1.161 1.088 1.021 0.902 0.000 0.000 0.000 0.000
 0.000 0.375 0.000 0.000 0.000 0.000 0.000 0.000 0.000 0.000 0.000 0.000 0.000
 0.000 0.000 0.000 0.000 0.000 0.000 0.000 0.000 0.000 0.000 0.000 0.000
 0.283 0.324 0.391 0.500 0.621 0.744 0.867 1.002 1.130 1.255 1.377 1.454 1.493
 1.493 1.464 1.416 1.355 1.290 1.225 1.163 1.103 0.994 0.899 0.815 0.741 0.674
 0.614 0.509 0.417 0.334 0.259 0.192 0.132 0.000 0.000 0.000 0.000 0.000 0.000
 0.000 0.000 0.000 0.000 0.000 0.000 0.000 0.000 0.000 0.000 0.000 0.000
 0.216 0.243 0.289 0.360 0.460 0.575 0.693 0.815 0.936 1.052 1.160 1.263 1.340
 1.367 1.368 1.350 1.315 1.271 1.223 1.173 1.122 1.026 0.937 0.858 0.787 0.723
 0.666 0.566 0.480 0.404 0.336 0.275 0.220 0.172 0.130 0.093 0.058 0.023-0.014
-0.061-0.117 0.000 0.000 0.000 0.000 0.000 0.000 0.000 0.000 0.000 0.000
 0.167 0.188 0.219 0.266 0.334 0.422 0.525 0.639 0.750 0.856 0.958 1.050 1.145
 1.205 1.232 1.238 1.226 1.202 1.172 1.136 1.097 1.017 0.938 0.864 0.797 0.735
 0.680 0.583 0.501 0.429 0.366 0.308 0.255 0.209 0.169 0.133 0.101 0.072 0.045
 0.018-0.009-0.040-0.073-0.104-0.131 0.000 0.000 0.000 0.000 0.000 0.000
 0.123 0.140 0.160 0.187 0.240 0.309 0.390 0.480 0.575 0.667 0.761 0.853 0.938
 1.008 1.062 1.090 1.097 1.093 1.079 1.058 1.032 0.973 0.907 0.842 0.780 0.722
 0.669 0.575 0.496 0.427 0.367 0.312 0.263 0.218 0.178 0.144 0.113 0.085 0.060
 0.037 0.014-0.009-0.032-0.056-0.080-0.102-0.122-0.139-0.153 0.000 0.000
 0.093 0.105 0.117 0.137 0.167 0.211 0.270 0.340 0.417 0.495 0.577 0.662 0.743
 0.810 0.867 0.909 0.938 0.950 0.951 0.943 0.930 0.894 0.847 0.794 0.740 0.687
 0.637 0.548 0.472 0.406 0.349 0.298 0.251 0.209 0.171 0.137 0.107 0.080 0.056
 0.034 0.013-0.007-0.027-0.047-0.067-0.086-0.104-0.121-0.135-0.162-0.175
 0.063 0.076 0.089 0.106 0.122 0.143 0.177 0.225 0.283 0.343 0.411 0.487 0.558
 0.621 0.674 0.719 0.761 0.783 0.793 0.797 0.795 0.781 0.753 0.717 0.675 0.631
 0.587 0.505 0.432 0.370 0.315 0.267 0.224 0.184 0.149 0.117 0.088 0.062 0.039
 0.019-0.001-0.020-0.038-0.056-0.073-0.090-0.106-0.121-0.134-0.159-0.174
 [Fe/H] = -2.50: Color Index = c1   
 0.382 0.453 0.554 0.673 0.799 0.926 1.058 1.203 1.343 1.483 1.572 1.609 1.606
 1.569 1.502 1.417 1.327 1.241 1.161 1.087 1.018 0.898 0.000 0.000 0.000 0.000
 0.000 0.369 0.000 0.000 0.000 0.000 0.000 0.000 0.000 0.000 0.000 0.000 0.000
 0.000 0.000 0.000 0.000 0.000 0.000 0.000 0.000 0.000 0.000 0.000 0.000
 0.294 0.336 0.407 0.515 0.633 0.754 0.877 1.012 1.140 1.265 1.387 1.464 1.494
 1.494 1.466 1.417 1.356 1.290 1.225 1.162 1.102 0.992 0.895 0.810 0.735 0.668
 0.608 0.503 0.412 0.330 0.255 0.188 0.127 0.000 0.000 0.000 0.000 0.000 0.000
 0.000 0.000 0.000 0.000 0.000 0.000 0.000 0.000 0.000 0.000 0.000 0.000
 0.228 0.258 0.302 0.373 0.473 0.585 0.703 0.825 0.946 1.062 1.170 1.273 1.341
 1.368 1.369 1.351 1.316 1.271 1.222 1.172 1.121 1.024 0.934 0.854 0.782 0.718
 0.660 0.560 0.475 0.400 0.333 0.272 0.217 0.169 0.127 0.089 0.053 0.018-0.019
-0.065 0.000 0.000 0.000 0.000 0.000 0.000 0.000 0.000 0.000 0.000 0.000
 0.177 0.199 0.229 0.276 0.344 0.432 0.535 0.649 0.760 0.866 0.968 1.060 1.146
 1.207 1.233 1.239 1.226 1.201 1.171 1.135 1.096 1.015 0.935 0.861 0.793 0.731
 0.675 0.578 0.496 0.425 0.362 0.305 0.253 0.206 0.166 0.130 0.098 0.069 0.042
 0.015-0.012-0.042-0.074-0.104-0.132 0.000 0.000 0.000 0.000 0.000 0.000
 0.133 0.150 0.170 0.203 0.250 0.318 0.399 0.489 0.584 0.680 0.774 0.861 0.939
 1.009 1.063 1.090 1.097 1.092 1.079 1.057 1.031 0.971 0.906 0.840 0.777 0.718
 0.665 0.571 0.491 0.423 0.363 0.309 0.260 0.216 0.176 0.142 0.111 0.083 0.058
 0.034 0.011-0.011-0.034-0.058-0.081-0.103-0.122-0.139-0.153 0.000 0.000
 0.101 0.111 0.125 0.145 0.176 0.220 0.279 0.349 0.426 0.508 0.590 0.670 0.744
 0.810 0.866 0.909 0.938 0.950 0.950 0.942 0.929 0.893 0.845 0.792 0.738 0.684
 0.634 0.544 0.468 0.403 0.346 0.295 0.249 0.207 0.169 0.135 0.105 0.079 0.054
 0.032 0.011-0.009-0.029-0.048-0.068-0.087-0.105-0.121-0.135-0.162-0.175
 0.071 0.082 0.095 0.114 0.131 0.152 0.186 0.234 0.292 0.356 0.424 0.493 0.559
 0.621 0.674 0.719 0.761 0.783 0.793 0.797 0.795 0.780 0.752 0.716 0.674 0.629
 0.585 0.502 0.429 0.367 0.313 0.265 0.222 0.183 0.147 0.115 0.087 0.061 0.038
 0.017-0.002-0.021-0.039-0.057-0.074-0.091-0.106-0.121-0.134-0.159-0.175
 [Fe/H] = -2.00: Color Index = c1   
 0.389 0.464 0.569 0.687 0.812 0.936 1.066 1.212 1.350 1.483 1.572 1.610 1.611
 1.573 1.507 1.421 1.330 1.242 1.160 1.085 1.015 0.892 0.000 0.000 0.000 0.000
 0.000 0.360 0.000 0.000 0.000 0.000 0.000 0.000 0.000 0.000 0.000 0.000 0.000
 0.000 0.000 0.000 0.000 0.000 0.000 0.000 0.000 0.000 0.000 0.000 0.000
 0.300 0.349 0.425 0.533 0.648 0.767 0.888 1.023 1.156 1.276 1.385 1.463 1.497
 1.497 1.469 1.421 1.358 1.291 1.225 1.161 1.100 0.988 0.889 0.802 0.726 0.659
 0.598 0.494 0.404 0.322 0.248 0.181 0.120 0.000 0.000 0.000 0.000 0.000 0.000
 0.000 0.000 0.000 0.000 0.000 0.000 0.000 0.000 0.000 0.000 0.000 0.000
 0.242 0.268 0.315 0.390 0.490 0.600 0.716 0.840 0.960 1.075 1.179 1.271 1.344
 1.371 1.371 1.353 1.317 1.271 1.222 1.170 1.119 1.021 0.930 0.848 0.775 0.709
 0.651 0.551 0.467 0.393 0.326 0.266 0.212 0.164 0.121 0.082 0.045 0.011-0.026
-0.070 0.000 0.000 0.000 0.000 0.000 0.000 0.000 0.000 0.000 0.000 0.000
 0.192 0.210 0.240 0.289 0.358 0.447 0.548 0.658 0.771 0.874 0.979 1.068 1.149
 1.209 1.234 1.240 1.227 1.202 1.170 1.134 1.094 1.012 0.932 0.856 0.787 0.724
 0.667 0.569 0.488 0.418 0.356 0.299 0.248 0.202 0.162 0.126 0.093 0.064 0.036
 0.010-0.017-0.046-0.076 0.000 0.000 0.000 0.000 0.000 0.000 0.000 0.000
 0.151 0.165 0.187 0.214 0.262 0.326 0.408 0.498 0.596 0.685 0.780 0.869 0.942
 1.011 1.064 1.091 1.097 1.093 1.078 1.056 1.029 0.969 0.903 0.836 0.772 0.713
 0.658 0.563 0.484 0.417 0.357 0.304 0.256 0.212 0.173 0.138 0.107 0.079 0.054
 0.030 0.007-0.015-0.037-0.060-0.082-0.103 0.000 0.000 0.000 0.000 0.000
 0.120 0.129 0.143 0.160 0.188 0.233 0.294 0.363 0.441 0.517 0.595 0.675 0.748
 0.812 0.868 0.911 0.938 0.950 0.950 0.942 0.928 0.891 0.843 0.789 0.734 0.680
 0.629 0.538 0.462 0.397 0.340 0.290 0.245 0.203 0.166 0.132 0.103 0.076 0.052
 0.029 0.008-0.012-0.032-0.051-0.070-0.088-0.105-0.121-0.135-0.162-0.175
 0.106 0.112 0.120 0.135 0.146 0.161 0.198 0.246 0.310 0.371 0.436 0.500 0.564
 0.624 0.676 0.720 0.762 0.783 0.793 0.796 0.794 0.779 0.750 0.713 0.671 0.626
 0.581 0.497 0.424 0.361 0.308 0.261 0.218 0.180 0.145 0.113 0.085 0.059 0.036
 0.015-0.005-0.024-0.042-0.059-0.076-0.092-0.107-0.121-0.134-0.160-0.175
 [Fe/H] = -1.50: Color Index = c1   
 0.401 0.481 0.586 0.706 0.834 0.956 1.083 1.225 1.354 1.487 1.577 1.616 1.612
 1.579 1.514 1.431 1.336 1.245 1.160 1.083 1.011 0.883 0.000 0.000 0.000 0.000
 0.000 0.347 0.000 0.000 0.000 0.000 0.000 0.000 0.000 0.000 0.000 0.000 0.000
 0.000 0.000 0.000 0.000 0.000 0.000 0.000 0.000 0.000 0.000 0.000 0.000
 0.311 0.365 0.448 0.558 0.672 0.788 0.908 1.034 1.156 1.276 1.393 1.471 1.499
 1.501 1.476 1.427 1.364 1.295 1.226 1.160 1.097 0.982 0.880 0.791 0.713 0.645
 0.585 0.481 0.392 0.312 0.238 0.170 0.108 0.000 0.000 0.000 0.000 0.000 0.000
 0.000 0.000 0.000 0.000 0.000 0.000 0.000 0.000 0.000 0.000 0.000 0.000
 0.247 0.280 0.334 0.413 0.516 0.624 0.736 0.853 0.967 1.080 1.183 1.280 1.346
 1.373 1.376 1.357 1.321 1.274 1.223 1.170 1.117 1.016 0.923 0.839 0.764 0.697
 0.638 0.538 0.455 0.382 0.317 0.257 0.203 0.155 0.111 0.071 0.034-0.001-0.036
-0.078 0.000 0.000 0.000 0.000 0.000 0.000 0.000 0.000 0.000 0.000 0.000
 0.200 0.224 0.256 0.306 0.380 0.471 0.570 0.677 0.779 0.883 0.984 1.073 1.153
 1.211 1.237 1.242 1.229 1.204 1.171 1.133 1.092 1.008 0.926 0.849 0.777 0.713
 0.655 0.557 0.476 0.407 0.346 0.290 0.240 0.195 0.155 0.118 0.085 0.055 0.027
 0.001-0.024-0.051-0.080-0.108-0.134 0.000 0.000 0.000 0.000 0.000 0.000
 0.169 0.184 0.201 0.230 0.279 0.344 0.424 0.511 0.608 0.699 0.790 0.875 0.946
 1.015 1.067 1.093 1.098 1.094 1.079 1.055 1.027 0.965 0.898 0.830 0.765 0.704
 0.649 0.552 0.473 0.406 0.348 0.296 0.248 0.205 0.167 0.132 0.101 0.073 0.047
 0.023 0.000-0.021-0.042-0.064-0.085-0.105-0.124-0.140-0.154 0.000 0.000
 0.141 0.151 0.162 0.178 0.204 0.248 0.303 0.371 0.449 0.528 0.606 0.684 0.753
 0.816 0.870 0.913 0.939 0.950 0.950 0.942 0.927 0.888 0.839 0.784 0.728 0.673
 0.621 0.529 0.452 0.387 0.332 0.282 0.238 0.197 0.161 0.127 0.098 0.071 0.047
 0.024 0.003-0.017-0.036-0.055-0.073-0.090-0.107-0.122-0.136-0.162-0.175
 0.125 0.132 0.139 0.147 0.155 0.175 0.210 0.260 0.317 0.381 0.447 0.511 0.571
 0.629 0.680 0.722 0.763 0.783 0.793 0.796 0.794 0.777 0.747 0.710 0.666 0.621
 0.575 0.489 0.416 0.353 0.300 0.253 0.212 0.174 0.140 0.109 0.081 0.055 0.032
 0.011-0.009-0.028-0.045-0.062-0.079-0.094-0.109-0.123-0.135-0.160-0.175
 [Fe/H] = -1.00: Color Index = c1   
 0.424 0.495 0.603 0.722 0.842 0.968 1.094 1.218 1.351 1.484 1.572 1.610 1.612
 1.580 1.520 1.441 1.348 1.255 1.165 1.083 1.007 0.873 0.000 0.000 0.000 0.000
 0.000 0.328 0.000 0.000 0.000 0.000 0.000 0.000 0.000 0.000 0.000 0.000 0.000
 0.000 0.000 0.000 0.000 0.000 0.000 0.000 0.000 0.000 0.000 0.000 0.000
 0.342 0.393 0.479 0.581 0.695 0.804 0.917 1.045 1.159 1.274 1.392 1.465 1.498
 1.500 1.477 1.435 1.373 1.305 1.234 1.163 1.097 0.975 0.869 0.776 0.696 0.627
 0.567 0.464 0.376 0.297 0.224 0.155 0.091 0.000 0.000 0.000 0.000 0.000 0.000
 0.000 0.000 0.000 0.000 0.000 0.000 0.000 0.000 0.000 0.000 0.000 0.000
 0.275 0.308 0.368 0.451 0.549 0.647 0.751 0.862 0.974 1.079 1.183 1.281 1.345
 1.372 1.376 1.361 1.326 1.282 1.230 1.174 1.118 1.012 0.914 0.826 0.749 0.681
 0.621 0.521 0.438 0.367 0.303 0.244 0.191 0.142 0.097 0.055 0.017-0.017-0.051
-0.091 0.000 0.000 0.000 0.000 0.000 0.000 0.000 0.000 0.000 0.000 0.000
 0.223 0.246 0.284 0.341 0.416 0.501 0.598 0.699 0.796 0.893 0.988 1.074 1.156
 1.211 1.237 1.244 1.231 1.208 1.176 1.137 1.093 1.005 0.919 0.838 0.764 0.698
 0.639 0.540 0.460 0.392 0.332 0.278 0.229 0.184 0.144 0.107 0.073 0.042 0.014
-0.011-0.035-0.061-0.088-0.114-0.138 0.000 0.000 0.000 0.000 0.000 0.000
 0.190 0.208 0.228 0.261 0.315 0.378 0.457 0.545 0.637 0.717 0.801 0.879 0.950
 1.018 1.068 1.093 1.100 1.095 1.081 1.058 1.028 0.962 0.892 0.821 0.754 0.691
 0.634 0.536 0.457 0.391 0.334 0.283 0.237 0.195 0.157 0.123 0.092 0.063 0.036
 0.012-0.010-0.030-0.050-0.070-0.090-0.109-0.127-0.142-0.154 0.000 0.000
 0.170 0.182 0.193 0.208 0.236 0.278 0.334 0.400 0.471 0.546 0.620 0.692 0.759
 0.820 0.873 0.914 0.940 0.951 0.951 0.942 0.927 0.886 0.834 0.777 0.719 0.663
 0.609 0.515 0.437 0.373 0.319 0.270 0.227 0.188 0.152 0.120 0.090 0.063 0.038
 0.015-0.006-0.025-0.044-0.061-0.078-0.095-0.111-0.125-0.138-0.162-0.175
 0.156 0.164 0.168 0.169 0.181 0.204 0.238 0.284 0.335 0.399 0.456 0.519 0.580
 0.635 0.683 0.724 0.764 0.783 0.792 0.796 0.794 0.776 0.744 0.704 0.660 0.613
 0.566 0.478 0.403 0.341 0.288 0.242 0.202 0.165 0.132 0.102 0.074 0.049 0.026
 0.005-0.016-0.034-0.052-0.068-0.084-0.099-0.112-0.125-0.137-0.161-0.175
 [Fe/H] = -0.50: Color Index = c1   
 0.489 0.563 0.655 0.779 0.897 0.971 1.065 1.207 1.344 1.478 1.557 1.596 1.604
 1.576 1.520 1.446 1.357 1.266 1.174 1.087 1.006 0.863 0.000 0.000 0.000 0.000
 0.000 0.305 0.000 0.000 0.000 0.000 0.000 0.000 0.000 0.000 0.000 0.000 0.000
 0.000 0.000 0.000 0.000 0.000 0.000 0.000 0.000 0.000 0.000 0.000 0.000
 0.417 0.469 0.542 0.644 0.745 0.819 0.914 1.032 1.151 1.275 1.390 1.451 1.489
 1.495 1.473 1.435 1.380 1.314 1.245 1.173 1.103 0.971 0.857 0.759 0.676 0.606
 0.545 0.442 0.354 0.276 0.203 0.133 0.066 0.000 0.000 0.000 0.000 0.000 0.000
 0.000 0.000 0.000 0.000 0.000 0.000 0.000 0.000 0.000 0.000 0.000 0.000
 0.347 0.389 0.445 0.523 0.606 0.675 0.758 0.864 0.974 1.079 1.182 1.279 1.339
 1.366 1.371 1.358 1.329 1.288 1.238 1.184 1.127 1.012 0.906 0.812 0.730 0.660
 0.599 0.499 0.417 0.347 0.284 0.226 0.173 0.123 0.075 0.032-0.007-0.040-0.072
-0.109 0.000 0.000 0.000 0.000 0.000 0.000 0.000 0.000 0.000 0.000 0.000
 0.292 0.321 0.362 0.418 0.480 0.550 0.619 0.708 0.802 0.896 0.988 1.074 1.155
 1.207 1.232 1.238 1.230 1.210 1.180 1.143 1.100 1.007 0.914 0.827 0.749 0.679
 0.619 0.518 0.438 0.371 0.313 0.260 0.212 0.168 0.127 0.089 0.053 0.021-0.006
-0.029-0.052-0.075-0.100-0.123-0.145 0.000 0.000 0.000 0.000 0.000 0.000
 0.252 0.273 0.296 0.332 0.374 0.428 0.491 0.563 0.644 0.725 0.798 0.875 0.951
 1.018 1.066 1.089 1.096 1.094 1.083 1.060 1.032 0.965 0.889 0.813 0.741 0.675
 0.616 0.516 0.436 0.371 0.315 0.266 0.221 0.181 0.143 0.109 0.077 0.047 0.019
-0.005-0.026-0.044-0.063-0.081-0.099-0.117-0.132-0.146-0.157 0.000 0.000
 0.228 0.241 0.252 0.267 0.289 0.324 0.373 0.431 0.499 0.567 0.629 0.692 0.762
 0.821 0.874 0.914 0.938 0.949 0.950 0.942 0.929 0.888 0.832 0.771 0.709 0.649
 0.593 0.496 0.418 0.354 0.300 0.254 0.212 0.174 0.139 0.107 0.078 0.050 0.025
 0.001-0.020-0.039-0.056-0.072-0.088-0.103-0.117-0.130-0.142-0.163-0.174
 0.211 0.214 0.219 0.222 0.227 0.241 0.276 0.318 0.369 0.421 0.474 0.528 0.587
 0.638 0.685 0.724 0.763 0.782 0.791 0.795 0.794 0.777 0.743 0.700 0.652 0.602
 0.553 0.462 0.386 0.323 0.271 0.227 0.187 0.152 0.120 0.091 0.064 0.039 0.015
-0.007-0.027-0.046-0.063-0.078-0.093-0.107-0.119-0.131-0.142-0.163-0.175
 [Fe/H] =  0.00: Color Index = c1   
 0.545 0.657 0.739 0.832 0.931 1.040 1.153 1.259 1.370 1.474 1.538 1.574 1.586
 1.563 1.513 1.443 1.361 1.272 1.179 1.089 1.004 0.853 0.727 0.624 0.000 0.000
 0.000 0.275 0.000 0.000 0.000 0.000 0.000 0.000 0.000 0.000 0.000 0.000 0.000
 0.000 0.000 0.000 0.000 0.000 0.000 0.000 0.000 0.000 0.000 0.000 0.000
 0.463 0.560 0.631 0.700 0.781 0.875 0.979 1.075 1.172 1.274 1.380 1.438 1.473
 1.480 1.463 1.428 1.378 1.319 1.252 1.180 1.108 0.970 0.848 0.744 0.657 0.584
 0.522 0.416 0.328 0.249 0.173 0.100 0.027 0.000 0.000 0.000 0.000 0.000 0.000
 0.000 0.000 0.000 0.000 0.000 0.000 0.000 0.000 0.000 0.000 0.000 0.000
 0.392 0.469 0.525 0.581 0.643 0.721 0.814 0.898 0.986 1.071 1.176 1.266 1.324
 1.352 1.358 1.348 1.321 1.286 1.242 1.189 1.133 1.016 0.903 0.801 0.714 0.640
 0.577 0.474 0.391 0.321 0.258 0.201 0.146 0.093 0.042-0.003-0.039-0.070-0.100
-0.134 0.000 0.000 0.000 0.000 0.000 0.000 0.000 0.000 0.000 0.000 0.000
 0.343 0.399 0.438 0.478 0.518 0.581 0.656 0.733 0.813 0.894 0.980 1.068 1.148
 1.196 1.220 1.227 1.219 1.203 1.178 1.144 1.104 1.012 0.914 0.820 0.735 0.661
 0.597 0.493 0.412 0.346 0.288 0.236 0.189 0.144 0.102 0.061 0.023-0.008-0.033
-0.055-0.075-0.096-0.117-0.138-0.155 0.000 0.000 0.000 0.000 0.000 0.000
 0.305 0.343 0.363 0.381 0.413 0.455 0.513 0.576 0.655 0.732 0.806 0.878 0.946
 1.014 1.057 1.078 1.086 1.085 1.075 1.058 1.033 0.968 0.891 0.809 0.730 0.659
 0.595 0.491 0.411 0.346 0.290 0.242 0.199 0.159 0.122 0.086 0.052 0.020-0.007
-0.030-0.049-0.066-0.082-0.099-0.114-0.129-0.142-0.153-0.161 0.000 0.000
 0.271 0.296 0.306 0.313 0.327 0.355 0.400 0.450 0.515 0.577 0.639 0.704 0.762
 0.817 0.868 0.906 0.929 0.940 0.942 0.937 0.926 0.889 0.834 0.770 0.702 0.636
 0.576 0.474 0.393 0.329 0.276 0.230 0.190 0.153 0.119 0.088 0.058 0.029 0.002
-0.022-0.043-0.060-0.076-0.090-0.104-0.117-0.129-0.140-0.149 0.000-0.174
 0.245 0.263 0.263 0.258 0.258 0.273 0.307 0.343 0.387 0.439 0.493 0.541 0.590
 0.637 0.682 0.719 0.756 0.774 0.783 0.789 0.789 0.775 0.744 0.700 0.648 0.593
 0.538 0.442 0.363 0.300 0.248 0.205 0.167 0.133 0.102 0.073 0.047 0.021-0.004
-0.027-0.047-0.066-0.082-0.096-0.109-0.121-0.132-0.142-0.151 0.000-0.177
 [Fe/H] =  0.50: Color Index = c1   
 0.519 0.643 0.744 0.856 0.969 1.076 1.166 1.259 1.342 1.433 1.504 1.543 1.556
 1.543 1.501 1.436 1.358 1.270 1.177 1.084 0.995 0.837 0.000 0.000 0.000 0.000
 0.000 0.000 0.000 0.000 0.000 0.000 0.000 0.000 0.000 0.000 0.000 0.000 0.000
 0.000 0.000 0.000 0.000 0.000 0.000 0.000 0.000 0.000 0.000 0.000 0.000
 0.446 0.547 0.638 0.727 0.824 0.916 1.003 1.086 1.153 1.256 1.349 1.411 1.442
 1.457 1.447 1.416 1.370 1.314 1.250 1.179 1.105 0.962 0.835 0.729 0.641 0.567
 0.502 0.392 0.299 0.212 0.130 0.000 0.000 0.000 0.000 0.000 0.000 0.000 0.000
 0.000 0.000 0.000 0.000 0.000 0.000 0.000 0.000 0.000 0.000 0.000 0.000
 0.384 0.470 0.541 0.613 0.688 0.763 0.842 0.914 0.975 1.055 1.163 1.251 1.297
 1.328 1.339 1.331 1.309 1.277 1.235 1.186 1.131 1.011 0.894 0.789 0.699 0.623
 0.558 0.451 0.365 0.291 0.225 0.163 0.102 0.044-0.009-0.051-0.082-0.108 0.000
 0.000 0.000 0.000 0.000 0.000 0.000 0.000 0.000 0.000 0.000 0.000 0.000
 0.341 0.406 0.461 0.512 0.567 0.622 0.692 0.748 0.810 0.885 0.963 1.054 1.130
 1.174 1.200 1.208 1.204 1.190 1.167 1.137 1.100 1.009 0.909 0.811 0.722 0.645
 0.579 0.471 0.387 0.317 0.258 0.204 0.154 0.105 0.058 0.014-0.023-0.052-0.074
-0.091-0.108-0.125-0.142 0.000 0.000 0.000 0.000 0.000 0.000 0.000 0.000
 0.310 0.354 0.392 0.425 0.461 0.497 0.549 0.604 0.667 0.729 0.794 0.859 0.933
 0.999 1.038 1.059 1.070 1.070 1.061 1.046 1.025 0.964 0.887 0.803 0.720 0.644
 0.578 0.469 0.385 0.318 0.261 0.213 0.168 0.127 0.086 0.047 0.010-0.023-0.050
-0.070-0.086-0.099-0.112-0.125-0.137-0.147-0.156 0.000 0.000 0.000 0.000
 0.281 0.308 0.336 0.351 0.370 0.392 0.435 0.484 0.535 0.591 0.643 0.694 0.748
 0.804 0.855 0.891 0.913 0.923 0.925 0.923 0.915 0.882 0.830 0.765 0.694 0.625
 0.560 0.452 0.368 0.302 0.248 0.202 0.161 0.124 0.090 0.056 0.022-0.009-0.038
-0.062-0.080-0.095-0.108-0.119-0.130-0.140-0.148-0.156-0.162-0.171 0.000
 0.270 0.285 0.294 0.292 0.297 0.303 0.333 0.364 0.408 0.463 0.503 0.543 0.583
 0.625 0.667 0.706 0.741 0.757 0.767 0.774 0.776 0.766 0.738 0.696 0.642 0.584
 0.526 0.422 0.339 0.274 0.222 0.178 0.140 0.106 0.075 0.046 0.017-0.011-0.037
-0.062-0.083-0.100-0.114-0.126-0.136-0.145-0.153-0.160-0.166-0.176-0.180
 [Fe/H] = -3.00: Color Index = BCv  
-0.322-0.257-0.200-0.155-0.117-0.083-0.052-0.022 0.001 0.013 0.016 0.011-0.004
-0.031-0.068-0.113-0.163-0.216-0.271-0.326-0.380-0.480-0.578-0.680-0.781-0.878
-0.973-1.164-1.322-1.480-1.629-1.770-1.904-2.035-2.159-2.272-2.375-2.469-2.551
-2.606-2.669-2.777-2.881-2.940-2.997-3.085-3.173-3.241-3.307-3.502-3.697
-0.326-0.266-0.214-0.172-0.137-0.105-0.076-0.048-0.025-0.009-0.001-0.003-0.014
-0.035-0.066-0.106-0.153-0.204-0.257-0.311-0.365-0.472-0.578-0.681-0.781-0.878
-0.973-1.153-1.322-1.480-1.629-1.770-1.904-2.035-2.159-2.272-2.375-2.469-2.551
-2.606-2.669-2.777-2.881-2.940-2.997-3.085-3.173-3.241-3.307-3.502-3.697
-0.329-0.272-0.225-0.187-0.155-0.126-0.100-0.077-0.056-0.037-0.024-0.022-0.030
-0.047-0.072-0.107-0.149-0.197-0.248-0.301-0.355-0.463-0.570-0.674-0.775-0.874
-0.970-1.152-1.324-1.485-1.635-1.777-1.912-2.039-2.159-2.272-2.375-2.469-2.551
-2.606-2.669-2.777-2.881-2.940-2.997-3.085-3.173-3.241-3.307-3.502-3.697
-0.329-0.276-0.233-0.199-0.171-0.146-0.124-0.103-0.084-0.068-0.056-0.048-0.049
-0.061-0.083-0.113-0.151-0.195-0.244-0.295-0.348-0.455-0.563-0.668-0.771-0.870
-0.967-1.152-1.326-1.489-1.642-1.786-1.923-2.052-2.174-2.289-2.398-2.501-2.596
-2.682-2.759-2.823-2.881-2.935-2.997-3.085-3.173-3.241-3.307-3.502-3.697
-0.327-0.276-0.237-0.207-0.183-0.163-0.145-0.127-0.111-0.096-0.085-0.077-0.075
-0.083-0.100-0.125-0.157-0.197-0.242-0.291-0.343-0.449-0.556-0.662-0.765-0.865
-0.963-1.150-1.326-1.491-1.646-1.792-1.930-2.060-2.184-2.301-2.412-2.518-2.617
-2.710-2.795-2.872-2.941-3.002-3.059-3.115-3.173-3.238-3.307-3.502-3.697
-0.324-0.276-0.238-0.211-0.191-0.175-0.162-0.149-0.137-0.125-0.115-0.111-0.110
-0.109-0.116-0.139-0.170-0.204-0.244-0.289-0.338-0.442-0.549-0.655-0.759-0.860
-0.958-1.146-1.323-1.489-1.645-1.793-1.932-2.063-2.188-2.307-2.420-2.527-2.628
-2.723-2.812-2.894-2.970-3.037-3.099-3.156-3.212-3.270-3.330-3.502-3.697
-0.319-0.271-0.236-0.211-0.193-0.182-0.174-0.166-0.159-0.152-0.145-0.138-0.134
-0.136-0.145-0.164-0.190-0.218-0.252-0.292-0.337-0.436-0.541-0.646-0.751-0.852
-0.951-1.140-1.317-1.485-1.642-1.791-1.931-2.063-2.189-2.309-2.422-2.530-2.632
-2.728-2.819-2.904-2.982-3.054-3.120-3.180-3.237-3.293-3.351-3.509-3.691
 [Fe/H] = -2.50: Color Index = BCv  
-0.313-0.249-0.193-0.148-0.110-0.075-0.043-0.015 0.007 0.018 0.021 0.015-0.001
-0.028-0.065-0.109-0.159-0.212-0.266-0.321-0.374-0.474-0.572-0.674-0.775-0.871
-0.966-1.158-1.316-1.474-1.623-1.763-1.897-2.028-2.151-2.264-2.367-2.458-2.543
-2.626-2.707-2.794-2.877-2.951-3.025-3.110-3.190-3.255-3.317-3.500-3.695
-0.317-0.257-0.206-0.164-0.129-0.098-0.069-0.041-0.019-0.003 0.004 0.001-0.010
-0.032-0.062-0.103-0.149-0.199-0.252-0.305-0.359-0.466-0.572-0.674-0.775-0.872
-0.966-1.146-1.316-1.474-1.623-1.763-1.897-2.028-2.151-2.264-2.367-2.458-2.543
-2.626-2.707-2.794-2.877-2.951-3.025-3.110-3.190-3.255-3.317-3.500-3.695
-0.318-0.262-0.215-0.178-0.147-0.118-0.093-0.070-0.050-0.030-0.018-0.017-0.025
-0.042-0.068-0.103-0.146-0.193-0.244-0.297-0.350-0.458-0.564-0.668-0.769-0.868
-0.964-1.146-1.318-1.479-1.629-1.772-1.906-2.033-2.151-2.264-2.367-2.458-2.543
-2.626-2.707-2.794-2.877-2.951-3.025-3.110-3.190-3.255-3.317-3.500-3.695
-0.317-0.263-0.222-0.189-0.162-0.138-0.116-0.095-0.077-0.061-0.050-0.043-0.044
-0.057-0.079-0.109-0.147-0.191-0.240-0.291-0.344-0.451-0.558-0.663-0.765-0.864
-0.961-1.146-1.321-1.484-1.637-1.781-1.918-2.046-2.168-2.283-2.391-2.494-2.589
-2.675-2.753-2.815-2.877-2.948-3.025-3.110-3.190-3.255-3.317-3.500-3.695
-0.315-0.262-0.226-0.197-0.174-0.154-0.137-0.119-0.104-0.090-0.079-0.071-0.069
-0.078-0.095-0.121-0.154-0.193-0.238-0.287-0.339-0.445-0.552-0.657-0.760-0.861
-0.958-1.145-1.321-1.486-1.641-1.787-1.925-2.056-2.179-2.296-2.407-2.512-2.611
-2.704-2.789-2.866-2.936-2.996-3.056-3.123-3.190-3.253-3.317-3.500-3.695
-0.312-0.260-0.225-0.200-0.181-0.166-0.153-0.141-0.129-0.117-0.108-0.104-0.104
-0.103-0.111-0.135-0.166-0.201-0.241-0.286-0.334-0.438-0.546-0.651-0.755-0.856
-0.954-1.141-1.318-1.484-1.641-1.789-1.928-2.059-2.184-2.303-2.416-2.522-2.623
-2.718-2.806-2.889-2.965-3.033-3.095-3.153-3.210-3.268-3.328-3.500-3.695
-0.308-0.256-0.222-0.199-0.183-0.173-0.165-0.158-0.151-0.144-0.137-0.131-0.128
-0.130-0.139-0.159-0.185-0.214-0.249-0.289-0.334-0.433-0.538-0.643-0.748-0.849
-0.947-1.136-1.313-1.481-1.638-1.787-1.928-2.060-2.185-2.305-2.418-2.526-2.628
-2.724-2.815-2.900-2.978-3.050-3.116-3.177-3.235-3.292-3.349-3.508-3.689
 [Fe/H] = -2.00: Color Index = BCv  
-0.305-0.241-0.186-0.141-0.103-0.067-0.035-0.008 0.012 0.023 0.025 0.019 0.003
-0.025-0.061-0.106-0.155-0.207-0.261-0.315-0.369-0.468-0.565-0.667-0.768-0.865
-0.960-1.152-1.310-1.468-1.617-1.756-1.889-2.020-2.144-2.256-2.359-2.447-2.536
-2.645-2.746-2.810-2.873-2.962-3.053-3.134-3.208-3.269-3.327-3.498-3.693
-0.307-0.248-0.197-0.156-0.121-0.091-0.063-0.035-0.012 0.002 0.008 0.006-0.006
-0.028-0.059-0.099-0.145-0.195-0.247-0.300-0.354-0.460-0.565-0.668-0.768-0.865
-0.960-1.140-1.310-1.468-1.617-1.756-1.889-2.020-2.144-2.256-2.359-2.447-2.536
-2.645-2.746-2.810-2.873-2.962-3.053-3.134-3.208-3.269-3.327-3.498-3.693
-0.307-0.251-0.206-0.170-0.139-0.110-0.085-0.063-0.043-0.024-0.012-0.012-0.021
-0.038-0.064-0.100-0.142-0.189-0.240-0.292-0.346-0.452-0.558-0.662-0.763-0.861
-0.957-1.140-1.312-1.473-1.624-1.766-1.900-2.026-2.144-2.256-2.359-2.447-2.536
-2.645-2.746-2.810-2.873-2.962-3.053-3.134-3.208-3.269-3.327-3.498-3.693
-0.306-0.251-0.212-0.180-0.153-0.129-0.108-0.088-0.070-0.054-0.043-0.037-0.039
-0.053-0.075-0.105-0.143-0.187-0.236-0.287-0.340-0.446-0.553-0.657-0.759-0.858
-0.955-1.140-1.315-1.478-1.632-1.776-1.912-2.041-2.162-2.277-2.385-2.487-2.581
-2.668-2.746-2.808-2.873-2.962-3.053-3.134-3.208-3.269-3.327-3.498-3.693
-0.303-0.248-0.214-0.187-0.164-0.145-0.128-0.111-0.096-0.083-0.073-0.065-0.063
-0.073-0.091-0.117-0.150-0.189-0.234-0.283-0.335-0.441-0.548-0.653-0.756-0.856
-0.953-1.139-1.315-1.481-1.636-1.783-1.921-2.051-2.174-2.291-2.402-2.507-2.605
-2.698-2.783-2.860-2.931-2.991-3.053-3.131-3.208-3.269-3.327-3.498-3.693
-0.300-0.244-0.212-0.189-0.171-0.156-0.144-0.132-0.121-0.110-0.101-0.097-0.097
-0.097-0.106-0.130-0.162-0.197-0.237-0.282-0.331-0.435-0.542-0.647-0.751-0.851
-0.949-1.136-1.313-1.480-1.637-1.785-1.924-2.055-2.180-2.299-2.411-2.518-2.618
-2.713-2.801-2.884-2.960-3.029-3.092-3.151-3.208-3.266-3.327-3.498-3.693
-0.298-0.241-0.209-0.187-0.173-0.163-0.156-0.149-0.143-0.136-0.130-0.124-0.122
-0.124-0.134-0.154-0.181-0.211-0.245-0.286-0.331-0.430-0.535-0.640-0.744-0.845
-0.943-1.132-1.309-1.477-1.635-1.784-1.924-2.056-2.182-2.302-2.415-2.522-2.624
-2.720-2.811-2.896-2.974-3.046-3.113-3.174-3.233-3.290-3.348-3.507-3.687
 [Fe/H] = -1.50: Color Index = BCv  
-0.293-0.227-0.171-0.126-0.087-0.051-0.020 0.006 0.025 0.034 0.035 0.028 0.012
-0.016-0.052-0.096-0.145-0.196-0.249-0.302-0.355-0.454-0.550-0.651-0.752-0.848
-0.943-1.137-1.294-1.452-1.600-1.738-1.870-2.001-2.125-2.236-2.338-2.426-2.516
-2.626-2.728-2.796-2.859-2.934-3.014-3.099-3.180-3.246-3.309-3.492-3.687
-0.295-0.232-0.179-0.138-0.104-0.075-0.048-0.020 0.003 0.015 0.020 0.017 0.004
-0.019-0.050-0.090-0.135-0.185-0.236-0.288-0.341-0.446-0.550-0.652-0.752-0.849
-0.943-1.124-1.294-1.452-1.600-1.738-1.870-2.001-2.125-2.236-2.338-2.426-2.516
-2.626-2.728-2.796-2.859-2.934-3.014-3.099-3.180-3.246-3.309-3.492-3.687
-0.296-0.235-0.187-0.150-0.120-0.093-0.068-0.046-0.026-0.009 0.001 0.001-0.009
-0.028-0.055-0.090-0.133-0.179-0.229-0.281-0.334-0.439-0.544-0.646-0.747-0.845
-0.941-1.124-1.296-1.457-1.609-1.750-1.883-2.008-2.125-2.235-2.338-2.426-2.516
-2.626-2.728-2.796-2.859-2.934-3.014-3.099-3.180-3.246-3.309-3.492-3.687
-0.296-0.235-0.192-0.159-0.132-0.109-0.089-0.070-0.054-0.038-0.027-0.022-0.026
-0.041-0.064-0.096-0.134-0.178-0.226-0.276-0.328-0.434-0.539-0.643-0.744-0.843
-0.939-1.125-1.299-1.463-1.617-1.762-1.898-2.025-2.146-2.260-2.367-2.468-2.562
-2.649-2.728-2.794-2.859-2.934-3.014-3.099-3.180-3.246-3.309-3.492-3.687
-0.295-0.232-0.193-0.164-0.142-0.123-0.108-0.092-0.079-0.067-0.057-0.050-0.049
-0.059-0.079-0.106-0.140-0.180-0.225-0.273-0.324-0.430-0.536-0.640-0.742-0.842
-0.939-1.124-1.300-1.467-1.622-1.769-1.908-2.037-2.160-2.276-2.386-2.490-2.588
-2.680-2.766-2.844-2.916-2.979-3.042-3.111-3.180-3.245-3.309-3.492-3.687
-0.294-0.229-0.192-0.166-0.148-0.133-0.122-0.111-0.102-0.092-0.084-0.080-0.080
-0.083-0.094-0.118-0.151-0.187-0.227-0.273-0.321-0.425-0.531-0.636-0.738-0.838
-0.936-1.122-1.299-1.467-1.624-1.772-1.912-2.044-2.168-2.286-2.398-2.504-2.604
-2.698-2.786-2.869-2.946-3.016-3.081-3.140-3.199-3.259-3.320-3.492-3.687
-0.294-0.227-0.190-0.164-0.148-0.139-0.133-0.127-0.122-0.117-0.112-0.108-0.107
-0.110-0.119-0.141-0.169-0.200-0.235-0.276-0.322-0.421-0.525-0.630-0.734-0.834
-0.932-1.119-1.296-1.464-1.622-1.772-1.913-2.046-2.171-2.291-2.404-2.511-2.613
-2.708-2.799-2.883-2.961-3.034-3.102-3.165-3.225-3.283-3.342-3.502-3.681
 [Fe/H] = -1.00: Color Index = BCv  
-0.280-0.212-0.155-0.110-0.072-0.035-0.004 0.020 0.037 0.045 0.045 0.038 0.021
-0.007-0.043-0.087-0.135-0.185-0.237-0.290-0.342-0.440-0.535-0.635-0.735-0.831
-0.927-1.121-1.278-1.436-1.583-1.719-1.850-1.982-2.106-2.216-2.316-2.404-2.495
-2.607-2.710-2.782-2.845-2.907-2.975-3.064-3.153-3.224-3.292-3.487-3.680
-0.283-0.216-0.162-0.120-0.087-0.059-0.033-0.005 0.017 0.029 0.032 0.028 0.014
-0.010-0.042-0.081-0.126-0.174-0.225-0.276-0.328-0.432-0.535-0.636-0.735-0.832
-0.927-1.108-1.278-1.436-1.583-1.719-1.850-1.982-2.106-2.216-2.316-2.404-2.495
-2.607-2.710-2.782-2.845-2.907-2.975-3.064-3.153-3.224-3.292-3.487-3.680
-0.285-0.219-0.168-0.130-0.101-0.075-0.052-0.029-0.009 0.007 0.015 0.013 0.002
-0.017-0.045-0.081-0.123-0.170-0.219-0.270-0.322-0.426-0.529-0.631-0.731-0.829
-0.924-1.108-1.280-1.442-1.593-1.734-1.866-1.990-2.106-2.215-2.316-2.404-2.495
-2.607-2.710-2.782-2.845-2.907-2.975-3.064-3.153-3.224-3.292-3.487-3.680
-0.287-0.220-0.172-0.138-0.112-0.089-0.070-0.053-0.038-0.022-0.011-0.008-0.013
-0.029-0.053-0.086-0.125-0.169-0.216-0.266-0.317-0.421-0.526-0.628-0.729-0.828
-0.924-1.109-1.284-1.448-1.602-1.747-1.883-2.010-2.130-2.243-2.349-2.449-2.543
-2.630-2.710-2.780-2.845-2.907-2.975-3.064-3.153-3.224-3.292-3.487-3.680
-0.288-0.217-0.173-0.142-0.120-0.102-0.087-0.073-0.061-0.050-0.042-0.034-0.034
-0.046-0.067-0.095-0.130-0.170-0.215-0.263-0.314-0.418-0.524-0.627-0.728-0.827
-0.924-1.109-1.285-1.452-1.608-1.755-1.894-2.024-2.146-2.262-2.371-2.474-2.571
-2.663-2.749-2.828-2.901-2.967-3.030-3.091-3.153-3.221-3.292-3.487-3.680
-0.289-0.214-0.172-0.143-0.124-0.110-0.100-0.090-0.082-0.074-0.068-0.063-0.063
-0.068-0.081-0.107-0.140-0.177-0.218-0.264-0.312-0.414-0.520-0.624-0.726-0.825
-0.922-1.109-1.285-1.453-1.611-1.760-1.900-2.032-2.156-2.274-2.385-2.490-2.590
-2.684-2.772-2.855-2.932-3.003-3.069-3.130-3.190-3.251-3.314-3.487-3.680
-0.291-0.213-0.170-0.142-0.124-0.115-0.110-0.105-0.101-0.097-0.094-0.092-0.092
-0.095-0.105-0.128-0.157-0.189-0.225-0.267-0.313-0.411-0.515-0.620-0.723-0.823
-0.920-1.107-1.284-1.452-1.610-1.760-1.901-2.035-2.161-2.280-2.393-2.500-2.601
-2.696-2.786-2.870-2.949-3.022-3.091-3.155-3.217-3.276-3.336-3.497-3.676
 [Fe/H] = -0.50: Color Index = BCv  
-0.269-0.194-0.132-0.086-0.049-0.011 0.021 0.043 0.057 0.064 0.063 0.055 0.037
 0.008-0.028-0.071-0.118-0.167-0.217-0.268-0.319-0.414-0.508-0.608-0.707-0.803
-0.898-1.093-1.248-1.406-1.552-1.686-1.814-1.946-2.070-2.178-2.278-2.368-2.460
-2.572-2.676-2.750-2.816-2.882-2.954-3.044-3.134-3.207-3.278-3.476-3.668
-0.272-0.198-0.139-0.095-0.061-0.034-0.009 0.019 0.041 0.050 0.051 0.046 0.032
 0.007-0.025-0.065-0.109-0.157-0.206-0.256-0.307-0.408-0.508-0.608-0.707-0.804
-0.898-1.079-1.248-1.406-1.552-1.686-1.814-1.946-2.070-2.178-2.278-2.368-2.460
-2.572-2.676-2.750-2.816-2.882-2.954-3.044-3.134-3.207-3.278-3.476-3.668
-0.275-0.201-0.144-0.103-0.072-0.047-0.025-0.001 0.019 0.032 0.038 0.035 0.023
 0.003-0.026-0.063-0.106-0.152-0.201-0.251-0.301-0.403-0.504-0.604-0.702-0.799
-0.895-1.078-1.251-1.413-1.563-1.704-1.835-1.956-2.070-2.177-2.278-2.368-2.460
-2.572-2.676-2.750-2.816-2.882-2.954-3.044-3.134-3.207-3.278-3.476-3.668
-0.279-0.203-0.148-0.109-0.081-0.058-0.040-0.025-0.011 0.006 0.017 0.017 0.009
-0.007-0.032-0.066-0.106-0.150-0.198-0.247-0.298-0.400-0.502-0.603-0.702-0.800
-0.895-1.079-1.254-1.419-1.574-1.719-1.854-1.980-2.098-2.209-2.314-2.413-2.507
-2.595-2.676-2.748-2.816-2.882-2.954-3.044-3.134-3.207-3.278-3.476-3.668
-0.282-0.203-0.151-0.114-0.087-0.068-0.054-0.042-0.031-0.019-0.010-0.005-0.008
-0.022-0.044-0.073-0.109-0.152-0.198-0.246-0.296-0.398-0.501-0.602-0.702-0.800
-0.896-1.081-1.257-1.424-1.581-1.728-1.867-1.997-2.119-2.233-2.341-2.443-2.539
-2.631-2.717-2.797-2.871-2.938-3.003-3.068-3.134-3.204-3.278-3.476-3.668
-0.287-0.202-0.152-0.116-0.091-0.075-0.065-0.057-0.050-0.044-0.039-0.034-0.034
-0.041-0.057-0.084-0.118-0.156-0.199-0.246-0.295-0.396-0.500-0.602-0.703-0.801
-0.897-1.082-1.258-1.426-1.584-1.733-1.874-2.006-2.131-2.248-2.359-2.463-2.561
-2.654-2.742-2.825-2.903-2.975-3.042-3.106-3.169-3.233-3.298-3.476-3.668
-0.292-0.203-0.151-0.115-0.092-0.079-0.072-0.068-0.066-0.063-0.062-0.062-0.065
-0.068-0.078-0.101-0.132-0.166-0.205-0.248-0.295-0.394-0.497-0.599-0.701-0.800
-0.897-1.082-1.258-1.426-1.585-1.736-1.878-2.012-2.138-2.257-2.370-2.476-2.576
-2.670-2.759-2.843-2.923-2.997-3.067-3.133-3.196-3.258-3.320-3.485-3.666
 [Fe/H] =  0.00: Color Index = BCv  
-0.264-0.181-0.114-0.064-0.024 0.016 0.049 0.070 0.082 0.088 0.086 0.076 0.058
 0.030-0.006-0.048-0.093-0.141-0.190-0.240-0.289-0.382-0.473-0.570-0.668-0.763
-0.858-1.053-1.206-1.362-1.506-1.637-1.763-1.894-2.017-2.125-2.225-2.316-2.410
-2.522-2.626-2.702-2.772-2.844-2.921-3.010-3.099-3.176-3.251-3.452-3.647
-0.268-0.185-0.120-0.071-0.034-0.005 0.020 0.049 0.071 0.078 0.077 0.071 0.056
 0.031-0.001-0.041-0.085-0.132-0.180-0.228-0.277-0.375-0.473-0.571-0.668-0.764
-0.858-1.038-1.206-1.362-1.506-1.637-1.763-1.894-2.017-2.125-2.225-2.316-2.410
-2.522-2.626-2.702-2.772-2.844-2.921-3.010-3.099-3.176-3.251-3.452-3.647
-0.273-0.189-0.125-0.078-0.042-0.016 0.007 0.033 0.054 0.065 0.068 0.063 0.050
 0.028-0.001-0.038-0.081-0.128-0.176-0.224-0.273-0.371-0.470-0.567-0.664-0.760
-0.854-1.036-1.208-1.369-1.519-1.658-1.786-1.905-2.017-2.124-2.225-2.316-2.410
-2.522-2.626-2.702-2.772-2.844-2.921-3.010-3.099-3.176-3.251-3.452-3.647
-0.278-0.193-0.130-0.083-0.049-0.024-0.005 0.010 0.023 0.040 0.051 0.049 0.039
 0.021-0.004-0.038-0.079-0.125-0.173-0.222-0.272-0.371-0.470-0.568-0.664-0.760
-0.854-1.037-1.212-1.377-1.531-1.675-1.809-1.934-2.050-2.159-2.262-2.362-2.456
-2.544-2.626-2.700-2.772-2.844-2.921-3.010-3.099-3.176-3.251-3.452-3.647
-0.285-0.197-0.134-0.088-0.055-0.032-0.016-0.004 0.006 0.020 0.030 0.032 0.026
 0.011-0.012-0.043-0.080-0.124-0.171-0.220-0.270-0.371-0.471-0.570-0.667-0.762
-0.856-1.040-1.215-1.382-1.539-1.687-1.825-1.954-2.075-2.188-2.294-2.395-2.490
-2.582-2.668-2.748-2.823-2.893-2.961-3.029-3.099-3.174-3.251-3.452-3.647
-0.294-0.200-0.137-0.091-0.059-0.038-0.024-0.015-0.009-0.005-0.002 0.003 0.004
-0.006-0.024-0.051-0.085-0.126-0.171-0.219-0.268-0.370-0.472-0.571-0.669-0.765
-0.859-1.042-1.218-1.385-1.544-1.694-1.835-1.967-2.091-2.207-2.317-2.420-2.517
-2.609-2.697-2.780-2.858-2.931-3.000-3.066-3.131-3.198-3.267-3.452-3.647
-0.305-0.206-0.141-0.095-0.063-0.042-0.030-0.024-0.022-0.021-0.021-0.023-0.027
-0.030-0.040-0.064-0.096-0.133-0.174-0.220-0.268-0.368-0.471-0.572-0.671-0.768
-0.862-1.045-1.220-1.387-1.547-1.698-1.840-1.974-2.101-2.220-2.332-2.437-2.536
-2.630-2.718-2.802-2.881-2.955-3.026-3.093-3.159-3.224-3.289-3.460-3.645
 [Fe/H] =  0.50: Color Index = BCv  
-0.261-0.169-0.096-0.040 0.004 0.048 0.082 0.103 0.114 0.118 0.114 0.102 0.083
 0.056 0.022-0.019-0.063-0.108-0.155-0.204-0.252-0.342-0.431-0.527-0.623-0.718
-0.810-0.976-1.151-1.304-1.446-1.596-1.738-1.848-1.950-2.057-2.160-2.253-2.348
-2.458-2.561-2.638-2.717-2.828-2.933-2.997-3.059-3.150-3.243-3.427-3.627
-0.265-0.173-0.100-0.045-0.004 0.029 0.057 0.085 0.106 0.113 0.110 0.101 0.084
 0.059 0.027-0.012-0.055-0.100-0.147-0.193-0.240-0.335-0.431-0.528-0.623-0.717
-0.810-0.986-1.151-1.304-1.446-1.596-1.738-1.848-1.950-2.057-2.160-2.253-2.348
-2.458-2.561-2.638-2.717-2.828-2.933-2.997-3.059-3.150-3.243-3.427-3.627
-0.268-0.177-0.107-0.052-0.010 0.019 0.044 0.072 0.094 0.103 0.103 0.096 0.082
 0.060 0.031-0.007-0.049-0.094-0.141-0.189-0.238-0.333-0.428-0.524-0.619-0.713
-0.806-0.984-1.155-1.314-1.461-1.596-1.723-1.840-1.950-2.058-2.160-2.253-2.348
-2.458-2.561-2.638-2.717-2.828-2.933-2.997-3.059-3.150-3.243-3.427-3.627
-0.275-0.181-0.112-0.058-0.017 0.013 0.035 0.051 0.065 0.082 0.093 0.089 0.076
 0.057 0.031-0.004-0.046-0.091-0.138-0.187-0.237-0.334-0.430-0.526-0.621-0.714
-0.806-0.987-1.160-1.322-1.476-1.619-1.751-1.873-1.987-2.093-2.195-2.295-2.389
-2.477-2.561-2.635-2.717-2.828-2.933-2.997-3.059-3.150-3.243-3.427-3.627
-0.282-0.187-0.116-0.063-0.023 0.006 0.027 0.039 0.049 0.065 0.077 0.076 0.066
 0.049 0.025-0.006-0.043-0.088-0.136-0.185-0.235-0.335-0.434-0.530-0.624-0.717
-0.809-0.990-1.163-1.329-1.486-1.633-1.770-1.898-2.017-2.127-2.231-2.330-2.425
-2.517-2.605-2.685-2.761-2.834-2.906-2.980-3.059-3.151-3.243-3.427-3.627
-0.292-0.195-0.125-0.070-0.027 0.001 0.019 0.032 0.039 0.043 0.045 0.050 0.051
 0.038 0.018-0.010-0.045-0.087-0.133-0.182-0.233-0.335-0.435-0.533-0.629-0.722
-0.814-0.994-1.168-1.335-1.492-1.642-1.783-1.915-2.038-2.153-2.260-2.360-2.455
-2.547-2.635-2.719-2.798-2.872-2.943-3.014-3.084-3.157-3.232-3.427-3.627
-0.303-0.196-0.123-0.068-0.030-0.004 0.013 0.024 0.030 0.031 0.029 0.024 0.018
 0.014 0.003-0.021-0.053-0.090-0.132-0.180-0.231-0.334-0.436-0.536-0.633-0.727
-0.819-0.998-1.172-1.339-1.497-1.648-1.792-1.925-2.051-2.169-2.280-2.384-2.481
-2.573-2.660-2.744-2.824-2.900-2.973-3.042-3.111-3.180-3.251-3.433-3.627
