  18.470   .891 -1.1503  3.5960  4.6959    .600  -.222   .575
  18.455   .889 -1.1468  3.5965  4.6953    .601  -.221   .576
  18.439   .887 -1.1432  3.5970  4.6947    .602  -.220   .577
  18.424   .885 -1.1397  3.5976  4.6941    .603  -.220   .578
  18.408   .882 -1.1362  3.5981  4.6935    .604  -.219   .579
  18.393   .880 -1.1327  3.5987  4.6928    .605  -.218   .580
  18.378   .878 -1.1292  3.5992  4.6922    .606  -.218   .581
  18.363   .876 -1.1257  3.5997  4.6916    .607  -.217   .582
  18.348   .874 -1.1222  3.6003  4.6910    .608  -.216   .583
  18.333   .871 -1.1187  3.6008  4.6904    .609  -.215   .583
  18.318   .869 -1.1152  3.6013  4.6898    .610  -.215   .584
  18.303   .867 -1.1117  3.6019  4.6891    .611  -.214   .585
  18.289   .865 -1.1082  3.6024  4.6885    .612  -.213   .586
  18.274   .863 -1.1048  3.6029  4.6879    .613  -.213   .587
  18.260   .860 -1.1013  3.6034  4.6873    .614  -.212   .588
  18.246   .858 -1.0978  3.6040  4.6867    .615  -.211   .589
  18.232   .856 -1.0944  3.6045  4.6861    .616  -.210   .590
  18.218   .854 -1.0909  3.6050  4.6854    .617  -.210   .591
  18.204   .852 -1.0875  3.6055  4.6848    .618  -.209   .591
  18.190   .850 -1.0840  3.6061  4.6842    .619  -.208   .592
  18.176   .847 -1.0806  3.6066  4.6836    .620  -.208   .593
  18.163   .845 -1.0771  3.6071  4.6830    .621  -.207   .594
  18.149   .843 -1.0737  3.6076  4.6824    .622  -.206   .595
  18.136   .841 -1.0703  3.6082  4.6818    .623  -.206   .596
  18.123   .839 -1.0669  3.6087  4.6811    .624  -.205   .597
  18.109   .837 -1.0634  3.6092  4.6805    .625  -.204   .598
  18.096   .835 -1.0600  3.6097  4.6799    .626  -.203   .599
  18.083   .833 -1.0566  3.6102  4.6793    .627  -.203   .600
  18.070   .830 -1.0532  3.6108  4.6787    .628  -.202   .600
  18.057   .828 -1.0498  3.6113  4.6781    .629  -.201   .601
  18.044   .826 -1.0464  3.6118  4.6774    .630  -.201   .602
  18.032   .824 -1.0430  3.6123  4.6768    .631  -.200   .603
  18.019   .822 -1.0396  3.6128  4.6762    .632  -.199   .604
  18.006   .820 -1.0362  3.6133  4.6756    .633  -.199   .605
  17.994   .818 -1.0329  3.6139  4.6750    .634  -.198   .606
  17.981   .816 -1.0295  3.6144  4.6744    .635  -.197   .607
  17.969   .814 -1.0261  3.6149  4.6738    .636  -.197   .608
  17.956   .812 -1.0227  3.6154  4.6731    .637  -.196   .609
  17.944   .810 -1.0194  3.6159  4.6725    .638  -.195   .610
  17.932   .808 -1.0160  3.6164  4.6719    .639  -.194   .610
  17.919   .806 -1.0126  3.6169  4.6713    .640  -.194   .611
  17.907   .804 -1.0093  3.6174  4.6707    .641  -.193   .612
  17.895   .801 -1.0059  3.6179  4.6701    .642  -.192   .613
  17.883   .799 -1.0026  3.6184  4.6694    .643  -.192   .614
  17.871   .797  -.9993  3.6190  4.6688    .644  -.191   .615
  17.858   .795  -.9959  3.6195  4.6682    .645  -.190   .616
  17.846   .793  -.9926  3.6200  4.6676    .646  -.190   .617
  17.834   .791  -.9892  3.6205  4.6670    .647  -.189   .618
  17.822   .789  -.9859  3.6210  4.6664    .648  -.188   .619
  17.810   .787  -.9826  3.6215  4.6657    .649  -.188   .620
  17.798   .785  -.9793  3.6220  4.6651    .650  -.187   .621
  17.786   .783  -.9760  3.6225  4.6645    .651  -.186   .621
  17.774   .781  -.9726  3.6230  4.6639    .652  -.186   .622
  17.762   .779  -.9693  3.6235  4.6633    .653  -.185   .623
  17.750   .777  -.9660  3.6240  4.6627    .654  -.184   .624
  17.738   .775  -.9627  3.6245  4.6620    .655  -.184   .625
  17.726   .773  -.9594  3.6250  4.6614    .656  -.183   .626
  17.713   .772  -.9561  3.6255  4.6608    .657  -.182   .627
  17.701   .770  -.9528  3.6260  4.6602    .658  -.182   .628
  17.689   .768  -.9496  3.6265  4.6596    .659  -.181   .629
  17.677   .766  -.9463  3.6270  4.6590    .660  -.180   .630
  17.665   .764  -.9430  3.6275  4.6583    .661  -.180   .631
  17.653   .762  -.9397  3.6280  4.6577    .662  -.179   .632
  17.641   .760  -.9364  3.6285  4.6571    .663  -.178   .633
  17.628   .758  -.9332  3.6290  4.6565    .664  -.178   .633
  17.616   .756  -.9299  3.6294  4.6559    .665  -.177   .634
  17.604   .754  -.9266  3.6299  4.6552    .666  -.177   .635
  17.592   .752  -.9234  3.6304  4.6546    .667  -.176   .636
  17.580   .750  -.9201  3.6309  4.6540    .668  -.175   .637
  17.568   .748  -.9169  3.6314  4.6534    .669  -.175   .638
  17.556   .747  -.9136  3.6319  4.6527    .670  -.174   .639
  17.544   .745  -.9104  3.6324  4.6521    .671  -.173   .640
  17.532   .743  -.9071  3.6329  4.6515    .672  -.173   .641
  17.520   .741  -.9039  3.6334  4.6509    .673  -.172   .642
  17.508   .739  -.9006  3.6339  4.6502    .674  -.171   .643
  17.496   .737  -.8974  3.6343  4.6496    .675  -.171   .644
  17.484   .735  -.8942  3.6348  4.6490    .676  -.170   .645
  17.472   .734  -.8909  3.6353  4.6484    .677  -.169   .646
  17.460   .732  -.8877  3.6358  4.6477    .678  -.169   .647
  17.448   .730  -.8845  3.6363  4.6471    .679  -.168   .647
  17.436   .728  -.8812  3.6368  4.6465    .680  -.167   .648
  17.424   .726  -.8780  3.6373  4.6459    .681  -.167   .649
  17.412   .724  -.8748  3.6377  4.6452    .682  -.166   .650
  17.400   .723  -.8716  3.6382  4.6446    .683  -.166   .651
  17.388   .721  -.8684  3.6387  4.6440    .684  -.165   .652
  17.377   .719  -.8652  3.6392  4.6433    .685  -.164   .653
  17.365   .717  -.8620  3.6397  4.6427    .686  -.164   .654
  17.353   .716  -.8588  3.6402  4.6421    .687  -.163   .655
  17.341   .714  -.8556  3.6406  4.6415    .688  -.162   .656
  17.329   .712  -.8524  3.6411  4.6408    .689  -.162   .657
  17.318   .710  -.8492  3.6416  4.6402    .690  -.161   .658
  17.306   .709  -.8460  3.6421  4.6395    .691  -.161   .659
  17.294   .707  -.8428  3.6426  4.6389    .692  -.160   .660
  17.283   .705  -.8396  3.6430  4.6383    .693  -.159   .661
  17.271   .703  -.8364  3.6435  4.6376    .694  -.159   .662
  17.259   .702  -.8332  3.6440  4.6370    .695  -.158   .663
  17.248   .700  -.8300  3.6445  4.6364    .696  -.157   .664
  17.236   .698  -.8268  3.6449  4.6357    .697  -.157   .665
  17.225   .697  -.8237  3.6454  4.6351    .698  -.156   .666
  17.213   .695  -.8205  3.6459  4.6344    .699  -.156   .667
  17.201   .693  -.8171  3.6464  4.6337    .700  -.155   .668
  17.188   .691  -.8137  3.6470  4.6331    .701  -.154   .669
  17.175   .690  -.8102  3.6475  4.6324    .702  -.154   .670
  17.162   .688  -.8068  3.6481  4.6318    .703  -.153   .671
  17.150   .686  -.8033  3.6486  4.6311    .704  -.152   .672
  17.137   .684  -.7999  3.6492  4.6305    .705  -.152   .673
  17.124   .682  -.7965  3.6497  4.6298    .706  -.151   .674
  17.112   .680  -.7931  3.6502  4.6292    .707  -.151   .675
  17.099   .678  -.7896  3.6508  4.6285    .708  -.150   .676
  17.086   .677  -.7862  3.6513  4.6278    .709  -.149   .676
  17.074   .675  -.7828  3.6519  4.6272    .710  -.149   .677
  17.061   .673  -.7794  3.6524  4.6265    .711  -.148   .678
  17.049   .671  -.7759  3.6530  4.6259    .712  -.148   .679
  17.036   .670  -.7725  3.6535  4.6252    .713  -.147   .680
  17.024   .668  -.7691  3.6541  4.6246    .714  -.146   .681
  17.011   .666  -.7657  3.6546  4.6239    .715  -.146   .682
  16.999   .665  -.7623  3.6551  4.6232    .716  -.145   .683
  16.986   .663  -.7589  3.6557  4.6226    .717  -.144   .684
  16.974   .661  -.7555  3.6562  4.6219    .718  -.144   .685
  16.961   .660  -.7521  3.6568  4.6213    .719  -.143   .686
  16.949   .658  -.7487  3.6573  4.6206    .720  -.143   .687
  16.937   .657  -.7453  3.6578  4.6199    .721  -.142   .688
  16.924   .655  -.7419  3.6584  4.6193    .722  -.141   .689
  16.912   .654  -.7385  3.6589  4.6186    .723  -.141   .690
  16.900   .652  -.7351  3.6594  4.6180    .724  -.140   .691
  16.887   .651  -.7317  3.6600  4.6173    .725  -.140   .692
  16.875   .649  -.7283  3.6605  4.6166    .726  -.139   .693
  16.863   .648  -.7250  3.6610  4.6160    .727  -.138   .694
  16.851   .646  -.7216  3.6616  4.6153    .728  -.138   .695
  16.839   .645  -.7182  3.6621  4.6146    .729  -.137   .696
  16.827   .643  -.7148  3.6626  4.6140    .730  -.137   .697
  16.814   .642  -.7114  3.6632  4.6133    .731  -.136   .699
  16.802   .640  -.7081  3.6637  4.6126    .732  -.135   .700
  16.790   .639  -.7047  3.6642  4.6120    .733  -.135   .701
  16.778   .637  -.7013  3.6648  4.6113    .734  -.134   .702
  16.766   .636  -.6979  3.6653  4.6106    .735  -.134   .703
  16.754   .635  -.6946  3.6658  4.6100    .736  -.133   .704
  16.742   .633  -.6912  3.6664  4.6093    .737  -.133   .705
  16.730   .632  -.6879  3.6669  4.6086    .738  -.132   .706
  16.718   .630  -.6845  3.6674  4.6079    .739  -.131   .707
  16.706   .629  -.6811  3.6679  4.6073    .740  -.131   .708
  16.694   .628  -.6778  3.6685  4.6066    .741  -.130   .709
  16.682   .626  -.6744  3.6690  4.6059    .742  -.130   .710
  16.670   .625  -.6711  3.6695  4.6052    .743  -.129   .711
  16.659   .624  -.6677  3.6700  4.6046    .744  -.128   .712
  16.647   .622  -.6643  3.6705  4.6039    .745  -.128   .713
  16.635   .621  -.6610  3.6711  4.6032    .746  -.127   .714
  16.623   .620  -.6576  3.6716  4.6025    .747  -.127   .715
  16.611   .618  -.6543  3.6721  4.6018    .748  -.126   .716
  16.600   .617  -.6510  3.6726  4.6012    .749  -.126   .717
  16.588   .616  -.6476  3.6732  4.6005    .750  -.125   .718
  16.576   .614  -.6443  3.6737  4.5998    .751  -.124   .719
  16.564   .613  -.6409  3.6742  4.5991    .752  -.124   .720
  16.553   .612  -.6376  3.6747  4.5984    .753  -.123   .721
  16.541   .611  -.6342  3.6752  4.5978    .754  -.123   .722
  16.529   .609  -.6309  3.6757  4.5971    .755  -.122   .723
  16.518   .608  -.6276  3.6763  4.5964    .756  -.121   .724
  16.506   .607  -.6242  3.6768  4.5957    .757  -.121   .725
  16.495   .605  -.6209  3.6773  4.5950    .758  -.120   .726
  16.483   .604  -.6175  3.6778  4.5943    .759  -.120   .727
  16.471   .603  -.6142  3.6783  4.5936    .760  -.119   .729
  16.460   .602  -.6109  3.6788  4.5929    .761  -.119   .730
  16.448   .600  -.6075  3.6794  4.5922    .762  -.118   .731
  16.437   .599  -.6042  3.6799  4.5915    .763  -.117   .732
  16.425   .598  -.6009  3.6804  4.5908    .764  -.117   .733
  16.414   .597  -.5976  3.6809  4.5902    .765  -.116   .734
  16.403   .595  -.5942  3.6814  4.5895    .766  -.116   .735
  16.391   .594  -.5909  3.6819  4.5888    .767  -.115   .736
  16.380   .593  -.5876  3.6824  4.5881    .768  -.115   .737
  16.368   .592  -.5842  3.6829  4.5874    .769  -.114   .738
  16.357   .591  -.5809  3.6834  4.5867    .770  -.114   .739
  16.346   .589  -.5776  3.6839  4.5860    .771  -.113   .740
  16.334   .588  -.5743  3.6845  4.5852    .772  -.112   .741
  16.323   .587  -.5709  3.6850  4.5845    .773  -.112   .742
  16.312   .586  -.5676  3.6855  4.5838    .774  -.111   .744
  16.300   .585  -.5643  3.6860  4.5831    .775  -.111   .745
  16.289   .583  -.5610  3.6865  4.5824    .776  -.110   .746
  16.278   .582  -.5577  3.6870  4.5817    .777  -.110   .747
  16.267   .581  -.5543  3.6875  4.5810    .778  -.109   .748
  16.255   .580  -.5510  3.6880  4.5803    .779  -.108   .749
  16.244   .579  -.5477  3.6885  4.5796    .780  -.108   .750
  16.233   .578  -.5444  3.6890  4.5789    .781  -.107   .751
  16.222   .576  -.5410  3.6895  4.5781    .782  -.107   .752
  16.211   .575  -.5377  3.6900  4.5774    .783  -.106   .753
  16.200   .574  -.5344  3.6905  4.5767    .784  -.106   .755
  16.188   .573  -.5311  3.6910  4.5760    .785  -.105   .756
  16.177   .572  -.5278  3.6915  4.5753    .786  -.105   .757
  16.165   .570  -.5240  3.6921  4.5743    .787  -.104   .758
  16.152   .569  -.5203  3.6927  4.5734    .788  -.103   .759
  16.140   .568  -.5166  3.6932  4.5724    .789  -.103   .761
  16.127   .567  -.5128  3.6938  4.5715    .790  -.102   .762
  16.115   .565  -.5091  3.6944  4.5705    .791  -.102   .763
  16.102   .564  -.5053  3.6950  4.5696    .792  -.101   .765
  16.090   .563  -.5016  3.6955  4.5686    .793  -.101   .766
  16.078   .561  -.4978  3.6961  4.5677    .794  -.100   .767
  16.065   .560  -.4941  3.6967  4.5667    .795  -.100   .769
  16.053   .559  -.4903  3.6973  4.5658    .796  -.099   .770
  16.040   .558  -.4866  3.6979  4.5648    .797  -.099   .771
  16.028   .556  -.4828  3.6984  4.5638    .798  -.098   .773
  16.016   .555  -.4791  3.6990  4.5629    .799  -.097   .774
  16.003   .554  -.4753  3.6996  4.5619    .800  -.097   .775
  15.992   .553  -.4720  3.7001  4.5610    .801  -.096   .777
  15.982   .552  -.4686  3.7006  4.5600    .802  -.096   .778
  15.971   .551  -.4653  3.7010  4.5591    .803  -.095   .779
  15.960   .550  -.4619  3.7015  4.5582    .804  -.095   .781
  15.949   .549  -.4586  3.7020  4.5573    .805  -.094   .782
  15.939   .548  -.4553  3.7025  4.5563    .806  -.094   .783
  15.928   .547  -.4519  3.7030  4.5554    .807  -.093   .785
  15.917   .546  -.4486  3.7034  4.5545    .808  -.093   .786
  15.907   .545  -.4453  3.7039  4.5535    .809  -.092   .787
  15.896   .544  -.4419  3.7044  4.5526    .810  -.092   .789
  15.886   .543  -.4386  3.7049  4.5516    .811  -.091   .790
  15.875   .542  -.4353  3.7053  4.5507    .812  -.090   .791
  15.864   .541  -.4320  3.7058  4.5498    .813  -.090   .793
  15.854   .540  -.4286  3.7063  4.5488    .814  -.089   .794
  15.843   .539  -.4253  3.7067  4.5479    .815  -.089   .795
  15.833   .538  -.4220  3.7072  4.5469    .816  -.088   .797
  15.823   .537  -.4187  3.7077  4.5460    .817  -.088   .798
  15.812   .536  -.4154  3.7082  4.5450    .818  -.087   .799
  15.802   .535  -.4120  3.7086  4.5441    .819  -.087   .801
  15.791   .534  -.4087  3.7091  4.5431    .820  -.086   .802
  15.781   .533  -.4054  3.7095  4.5421    .821  -.086   .803
  15.771   .532  -.4021  3.7100  4.5412    .822  -.085   .805
  15.760   .531  -.3988  3.7105  4.5402    .823  -.085   .806
  15.750   .530  -.3955  3.7109  4.5393    .824  -.084   .808
  15.740   .529  -.3922  3.7114  4.5383    .825  -.084   .809
  15.729   .528  -.3889  3.7119  4.5373    .826  -.083   .810
  15.719   .527  -.3856  3.7123  4.5363    .827  -.082   .812
  15.709   .526  -.3823  3.7128  4.5354    .828  -.082   .813
  15.699   .525  -.3790  3.7132  4.5344    .829  -.081   .815
  15.689   .524  -.3757  3.7137  4.5334    .830  -.081   .816
  15.679   .523  -.3724  3.7142  4.5324    .831  -.080   .817
  15.668   .522  -.3691  3.7146  4.5314    .832  -.080   .819
  15.658   .521  -.3658  3.7151  4.5305    .833  -.079   .820
  15.648   .520  -.3625  3.7155  4.5295    .834  -.079   .822
  15.638   .519  -.3592  3.7160  4.5285    .835  -.078   .823
  15.628   .519  -.3559  3.7164  4.5275    .836  -.078   .825
  15.618   .518  -.3526  3.7169  4.5265    .837  -.077   .826
  15.608   .517  -.3493  3.7173  4.5255    .838  -.077   .827
  15.598   .516  -.3460  3.7178  4.5245    .839  -.076   .829
  15.588   .515  -.3427  3.7182  4.5235    .840  -.076   .830
  15.578   .514  -.3394  3.7187  4.5225    .841  -.075   .832
  15.568   .513  -.3361  3.7191  4.5215    .842  -.075   .833
  15.558   .512  -.3329  3.7196  4.5205    .843  -.074   .835
  15.548   .511  -.3296  3.7200  4.5194    .844  -.074   .836
  15.538   .510  -.3263  3.7204  4.5184    .845  -.073   .838
  15.529   .509  -.3230  3.7209  4.5174    .846  -.073   .839
  15.519   .509  -.3197  3.7213  4.5164    .847  -.072   .841
  15.509   .508  -.3164  3.7218  4.5154    .848  -.072   .842
  15.499   .507  -.3131  3.7222  4.5143    .849  -.071   .844
  15.489   .506  -.3098  3.7226  4.5133    .850  -.071   .845
  15.480   .505  -.3066  3.7231  4.5123    .851  -.070   .847
  15.470   .504  -.3033  3.7235  4.5112    .852  -.070   .848
  15.459   .503  -.2996  3.7240  4.5099    .853  -.069   .850
  15.449   .502  -.2960  3.7244  4.5086    .854  -.069   .852
  15.438   .501  -.2923  3.7249  4.5072    .855  -.068   .854
  15.427   .501  -.2886  3.7253  4.5059    .856  -.068   .855
  15.416   .500  -.2849  3.7257  4.5045    .857  -.067   .857
  15.406   .499  -.2813  3.7262  4.5032    .858  -.067   .859
  15.395   .498  -.2776  3.7266  4.5018    .859  -.066   .861
  15.385   .497  -.2739  3.7271  4.5005    .860  -.066   .863
  15.374   .496  -.2702  3.7275  4.4991    .861  -.065   .865
  15.363   .495  -.2666  3.7279  4.4977    .862  -.064   .866
  15.353   .494  -.2629  3.7284  4.4963    .863  -.064   .868
  15.342   .494  -.2592  3.7288  4.4949    .864  -.063   .870
  15.332   .493  -.2555  3.7292  4.4936    .865  -.063   .872
  15.321   .492  -.2518  3.7297  4.4922    .866  -.062   .874
  15.311   .491  -.2482  3.7301  4.4908    .867  -.062   .876
  15.300   .490  -.2445  3.7305  4.4893    .868  -.061   .878
  15.290   .489  -.2408  3.7310  4.4879    .869  -.061   .880
  15.279   .489  -.2371  3.7314  4.4865    .870  -.060   .882
  15.269   .488  -.2334  3.7318  4.4851    .871  -.060   .884
  15.258   .487  -.2298  3.7323  4.4837    .872  -.059   .886
  15.248   .486  -.2261  3.7327  4.4822    .873  -.059   .888
  15.238   .485  -.2224  3.7331  4.4808    .874  -.058   .890
  15.227   .484  -.2187  3.7335  4.4793    .875  -.058   .892
  15.217   .483  -.2150  3.7339  4.4779    .876  -.057   .894
  15.206   .483  -.2113  3.7344  4.4764    .877  -.057   .896
  15.196   .482  -.2076  3.7348  4.4750    .878  -.057   .898
  15.186   .481  -.2040  3.7352  4.4735    .879  -.056   .900
  15.175   .480  -.2003  3.7356  4.4720    .880  -.056   .902
  15.165   .479  -.1966  3.7360  4.4705    .881  -.055   .904
  15.154   .479  -.1929  3.7365  4.4691    .882  -.055   .906
  15.144   .478  -.1892  3.7369  4.4676    .883  -.054   .908
  15.134   .477  -.1855  3.7373  4.4661    .884  -.054   .910
  15.123   .476  -.1818  3.7377  4.4646    .885  -.053   .912
  15.113   .475  -.1781  3.7381  4.4630    .886  -.053   .914
  15.102   .474  -.1744  3.7385  4.4615    .887  -.052   .916
  15.092   .474  -.1707  3.7389  4.4600    .888  -.052   .918
  15.082   .473  -.1669  3.7393  4.4585    .889  -.051   .921
  15.071   .472  -.1632  3.7397  4.4569    .890  -.051   .923
  15.061   .471  -.1595  3.7402  4.4554    .891  -.050   .925
  15.050   .470  -.1558  3.7406  4.4538    .892  -.050   .927
  15.040   .470  -.1521  3.7410  4.4522    .893  -.049   .929
  15.030   .469  -.1484  3.7414  4.4507    .894  -.049   .932
  15.019   .468  -.1446  3.7418  4.4491    .895  -.048   .934
  15.009   .467  -.1409  3.7422  4.4475    .896  -.048   .936
  14.997   .466  -.1366  3.7426  4.4453    .897  -.047   .939
  14.985   .466  -.1323  3.7430  4.4431    .898  -.047   .942
  14.973   .465  -.1280  3.7434  4.4410    .899  -.046   .945
  14.961   .464  -.1237  3.7438  4.4388    .900  -.046   .948
  14.952   .463  -.1202  3.7442  4.4370    .901  -.045   .950
  14.942   .463  -.1167  3.7445  4.4352    .902  -.045   .953
  14.933   .462  -.1133  3.7448  4.4334    .903  -.044   .955
  14.923   .461  -.1098  3.7451  4.4316    .904  -.044   .958
  14.914   .461  -.1063  3.7454  4.4298    .905  -.043   .960
  14.905   .460  -.1029  3.7457  4.4280    .906  -.043   .963
  14.895   .460  -.0994  3.7460  4.4262    .907  -.042   .965
  14.886   .459  -.0960  3.7463  4.4244    .908  -.042   .968
  14.876   .458  -.0925  3.7466  4.4227    .909  -.041   .970
  14.867   .458  -.0891  3.7469  4.4209    .910  -.041   .973
  14.858   .457  -.0857  3.7472  4.4191    .911  -.040   .975
  14.848   .457  -.0822  3.7475  4.4174    .912  -.040   .978
  14.839   .456  -.0788  3.7478  4.4156    .913  -.040   .980
  14.830   .455  -.0754  3.7481  4.4138    .914  -.039   .983
  14.821   .455  -.0720  3.7484  4.4121    .915  -.039   .985
  14.812   .454  -.0686  3.7487  4.4103    .916  -.038   .988
  14.802   .454  -.0653  3.7490  4.4085    .917  -.038   .990
  14.793   .453  -.0619  3.7493  4.4068    .918  -.037   .993
  14.784   .453  -.0585  3.7496  4.4050    .919  -.037   .995
  14.775   .452  -.0551  3.7499  4.4033    .920  -.036   .998
  14.766   .451  -.0518  3.7502  4.4015    .921  -.036  1.001
  14.757   .451  -.0484  3.7505  4.3998    .922  -.035  1.003
  14.748   .450  -.0451  3.7507  4.3980    .923  -.035  1.006
  14.739   .450  -.0417  3.7510  4.3963    .924  -.034  1.008
  14.730   .449  -.0384  3.7513  4.3945    .925  -.034  1.011
  14.721   .449  -.0351  3.7516  4.3928    .926  -.033  1.013
  14.712   .448  -.0318  3.7519  4.3910    .927  -.033  1.016
  14.703   .447  -.0285  3.7521  4.3893    .928  -.032  1.019
  14.694   .447  -.0252  3.7524  4.3876    .929  -.032  1.021
  14.685   .446  -.0219  3.7527  4.3858    .930  -.032  1.024
  14.677   .446  -.0186  3.7529  4.3841    .931  -.031  1.026
  14.668   .445  -.0153  3.7532  4.3823    .932  -.031  1.029
  14.659   .445  -.0120  3.7535  4.3806    .933  -.030  1.032
  14.650   .444  -.0087  3.7537  4.3789    .934  -.030  1.034
  14.641   .444  -.0054  3.7540  4.3771    .935  -.029  1.037
  14.633   .443  -.0022  3.7542  4.3754    .936  -.029  1.039
  14.624   .443   .0013  3.7544  4.3730    .937  -.028  1.043
  14.615   .443   .0048  3.7546  4.3707    .938  -.028  1.046
  14.606   .442   .0082  3.7547  4.3684    .939  -.027  1.050
  14.597   .442   .0116  3.7549  4.3661    .940  -.027  1.053
  14.588   .442   .0151  3.7551  4.3637    .941  -.026  1.056
  14.579   .441   .0185  3.7552  4.3614    .942  -.026  1.060
  14.570   .441   .0219  3.7554  4.3591    .943  -.025  1.063
  14.561   .441   .0252  3.7555  4.3567    .944  -.025  1.067
  14.552   .440   .0286  3.7557  4.3544    .945  -.025  1.070
  14.544   .440   .0320  3.7558  4.3520    .946  -.024  1.073
  14.535   .440   .0353  3.7560  4.3497    .947  -.024  1.077
  14.526   .439   .0386  3.7561  4.3474    .948  -.023  1.080
  14.518   .439   .0420  3.7562  4.3450    .949  -.023  1.084
  14.509   .439   .0453  3.7564  4.3427    .950  -.022  1.087
  14.501   .439   .0486  3.7565  4.3404    .951  -.022  1.091
  14.492   .438   .0518  3.7566  4.3380    .952  -.021  1.094
  14.484   .438   .0551  3.7567  4.3357    .953  -.021  1.098
  14.475   .438   .0584  3.7569  4.3333    .954  -.020  1.101
  14.467   .438   .0616  3.7570  4.3310    .955  -.020  1.105
  14.459   .437   .0648  3.7571  4.3286    .956  -.020  1.109
  14.450   .437   .0681  3.7572  4.3263    .957  -.019  1.112
  14.442   .437   .0713  3.7573  4.3240    .958  -.019  1.116
  14.434   .437   .0746  3.7574  4.3215    .959  -.018  1.120
  14.425   .437   .0781  3.7575  4.3188    .960  -.018  1.124
  14.416   .436   .0816  3.7576  4.3161    .961  -.017  1.128
  14.407   .436   .0851  3.7577  4.3134    .962  -.017  1.132
  14.398   .436   .0886  3.7578  4.3107    .963  -.016  1.136
  14.389   .436   .0921  3.7578  4.3080    .964  -.016  1.140
  14.380   .436   .0955  3.7579  4.3053    .965  -.015  1.144
  14.371   .436   .0990  3.7580  4.3026    .966  -.015  1.148
  14.363   .436   .1024  3.7581  4.2999    .967  -.015  1.152
  14.354   .435   .1058  3.7581  4.2972    .968  -.014  1.157
  14.345   .435   .1092  3.7582  4.2945    .969  -.014  1.161
  14.337   .435   .1126  3.7583  4.2917    .970  -.013  1.165
  14.328   .435   .1159  3.7583  4.2890    .971  -.013  1.169
  14.319   .435   .1195  3.7584  4.2862    .972  -.012  1.174
  14.310   .435   .1232  3.7585  4.2834    .973  -.012  1.178
  14.300   .434   .1269  3.7586  4.2805    .974  -.011  1.183
  14.290   .434   .1308  3.7587  4.2776    .975  -.011  1.187
  14.270   .433   .1385  3.7592  4.2727    .976  -.011  1.195
  14.249   .432   .1463  3.7598  4.2678    .977  -.010  1.202
  14.228   .431   .1542  3.7604  4.2628    .978  -.010  1.210
  14.208   .430   .1620  3.7609  4.2579    .979  -.009  1.217
  14.187   .428   .1699  3.7615  4.2530    .980  -.009  1.225
  14.156   .427   .1815  3.7623  4.2446    .981  -.008  1.237
  14.124   .425   .1937  3.7631  4.2359    .982  -.008  1.250
  14.097   .424   .2041  3.7637  4.2280    .983  -.007  1.262
  14.080   .424   .2107  3.7637  4.2218    .984  -.007  1.272
  14.064   .424   .2174  3.7636  4.2155    .985  -.007  1.282
  14.047   .424   .2242  3.7636  4.2090    .986  -.006  1.292
  14.032   .424   .2300  3.7635  4.2030    .987  -.006  1.302
  14.020   .424   .2351  3.7633  4.1976    .988  -.005  1.310
  14.008   .425   .2400  3.7632  4.1923    .989  -.005  1.319
  13.996   .425   .2449  3.7631  4.1871    .990  -.004  1.328
  13.984   .425   .2498  3.7629  4.1816    .991  -.004  1.337
  13.972   .426   .2547  3.7625  4.1756    .992  -.003  1.347
  13.961   .427   .2595  3.7621  4.1697    .993  -.003  1.357
  13.950   .428   .2643  3.7618  4.1641    .994  -.003  1.366
  13.938   .428   .2691  3.7615  4.1587    .995  -.002  1.375
  13.927   .429   .2738  3.7613  4.1536    .996  -.002  1.384
  13.915   .429   .2785  3.7611  4.1487    .997  -.001  1.393
  13.904   .430   .2831  3.7609  4.1440    .998  -.001  1.401
  13.892   .430   .2882  3.7606  4.1380    .999   .000  1.411
  13.878   .432   .2944  3.7597  4.1286   1.000   .000  1.427
  13.868   .434   .2989  3.7591  4.1220   1.001   .000  1.439
  13.858   .435   .3035  3.7585  4.1155   1.002   .001  1.451
  13.848   .436   .3080  3.7579  4.1090   1.003   .001  1.462
  13.838   .438   .3124  3.7572  4.1025   1.004   .002  1.474
  13.828   .439   .3169  3.7566  4.0959   1.005   .002  1.486
  13.819   .440   .3213  3.7560  4.0894   1.006   .003  1.498
  13.809   .442   .3257  3.7554  4.0829   1.007   .003  1.510
  13.799   .443   .3301  3.7547  4.0764   1.008   .003  1.522
  13.790   .444   .3344  3.7541  4.0699   1.009   .004  1.534
  13.780   .446   .3388  3.7534  4.0635   1.010   .004  1.546
  13.771   .447   .3431  3.7528  4.0570   1.011   .005  1.559
  13.762   .449   .3474  3.7521  4.0505   1.012   .005  1.571
  13.753   .450   .3516  3.7515  4.0440   1.013   .006  1.584
  13.743   .451   .3559  3.7508  4.0376   1.014   .006  1.596
  13.734   .453   .3601  3.7501  4.0311   1.015   .006  1.609
  13.725   .454   .3643  3.7494  4.0247   1.016   .007  1.622
  13.717   .456   .3684  3.7488  4.0183   1.017   .007  1.635
  13.708   .457   .3726  3.7481  4.0118   1.018   .008  1.647
  13.699   .459   .3767  3.7474  4.0054   1.019   .008  1.661
  13.690   .460   .3808  3.7467  3.9990   1.020   .009  1.674
  13.682   .462   .3849  3.7460  3.9926   1.021   .009  1.687
  13.673   .463   .3890  3.7453  3.9861   1.022   .009  1.700
  13.668   .466   .3924  3.7440  3.9779   1.023   .010  1.717
  13.666   .471   .3953  3.7419  3.9676   1.024   .010  1.739
  13.665   .475   .3981  3.7399  3.9572   1.025   .011  1.760
  13.663   .480   .4010  3.7379  3.9469   1.026   .011  1.782
  13.661   .485   .4038  3.7359  3.9366   1.027   .012  1.804
  13.660   .489   .4067  3.7339  3.9263   1.028   .012  1.827
  13.669   .497   .4072  3.7305  3.9123   1.029   .012  1.857
  13.681   .506   .4069  3.7266  3.8972   1.030   .013  1.891
  13.695   .516   .4066  3.7227  3.8821   1.031   .013  1.925
  13.709   .525   .4062  3.7188  3.8670   1.032   .014  1.960
  13.723   .535   .4067  3.7148  3.8507   1.033   .014  1.998
  13.720   .548   .4160  3.7094  3.8202   1.034   .015  2.070
  13.709   .560   .4281  3.7048  3.7900   1.035   .015  2.145
  13.690   .570   .4426  3.7007  3.7597   1.036   .015  2.222
  13.672   .581   .4572  3.6967  3.7294   1.037   .016  2.302
  13.655   .592   .4719  3.6926  3.6990   1.038   .016  2.385
  13.632   .603   .4888  3.6886  3.6667   1.039   .017  2.477
  13.528   .611   .5361  3.6857  3.6102   1.040   .017  2.644
  13.444   .618   .5738  3.6838  3.5650   1.041   .017  2.787
  13.360   .624   .6112  3.6818  3.5200   1.042   .018  2.936
  13.277   .630   .6485  3.6799  3.4752   1.043   .018  3.093
  13.171   .635   .6943  3.6784  3.4239   1.044   .019  3.283
  13.056   .641   .7427  3.6771  3.3707   1.045   .019  3.492
  12.939   .646   .7927  3.6757  3.3156   1.046   .020  3.722
  12.788   .653   .8572  3.6737  3.2432   1.047   .020  4.048
  12.631   .661   .9247  3.6717  3.1674   1.048   .020  4.419
  12.439   .671  1.0071  3.6692  3.0748   1.049   .021  4.919
  12.201   .685  1.1108  3.6653  2.9566   1.050   .021  5.638
  11.905   .705  1.2429  3.6599  2.8032   1.051   .022  6.731
  11.565   .733  1.3985  3.6526  2.6182   1.052   .022  8.332
  11.271   .767  1.5423  3.6436  2.4395   1.053   .022 10.241
  10.807   .818  1.7670  3.6314  2.1649   1.054   .023 14.054
   9.974   .947  2.2100  3.6026  1.6097   1.055   .023 26.647
