  18.417   .879 -1.1552  3.5975  4.7065    .600  -.222   .568
  18.402   .877 -1.1518  3.5980  4.7059    .601  -.221   .569
  18.388   .875 -1.1485  3.5985  4.7054    .602  -.220   .570
  18.373   .873 -1.1452  3.5990  4.7049    .603  -.220   .571
  18.359   .870 -1.1419  3.5996  4.7043    .604  -.219   .572
  18.345   .868 -1.1386  3.6001  4.7038    .605  -.218   .573
  18.331   .866 -1.1353  3.6006  4.7033    .606  -.218   .573
  18.316   .864 -1.1320  3.6011  4.7028    .607  -.217   .574
  18.302   .862 -1.1287  3.6016  4.7022    .608  -.216   .575
  18.289   .860 -1.1254  3.6021  4.7017    .609  -.215   .576
  18.275   .858 -1.1221  3.6026  4.7012    .610  -.215   .577
  18.261   .855 -1.1188  3.6031  4.7007    .611  -.214   .577
  18.248   .853 -1.1155  3.6036  4.7001    .612  -.213   .578
  18.234   .851 -1.1123  3.6041  4.6996    .613  -.213   .579
  18.221   .849 -1.1090  3.6046  4.6991    .614  -.212   .580
  18.208   .847 -1.1058  3.6051  4.6986    .615  -.211   .581
  18.195   .845 -1.1025  3.6056  4.6981    .616  -.210   .582
  18.182   .843 -1.0993  3.6061  4.6975    .617  -.210   .582
  18.169   .840 -1.0960  3.6066  4.6970    .618  -.209   .583
  18.156   .838 -1.0928  3.6071  4.6965    .619  -.208   .584
  18.143   .836 -1.0896  3.6076  4.6960    .620  -.208   .585
  18.131   .834 -1.0863  3.6081  4.6955    .621  -.207   .586
  18.118   .832 -1.0831  3.6086  4.6949    .622  -.206   .587
  18.106   .830 -1.0799  3.6091  4.6944    .623  -.206   .587
  18.094   .828 -1.0767  3.6096  4.6939    .624  -.205   .588
  18.081   .826 -1.0735  3.6100  4.6934    .625  -.204   .589
  18.069   .823 -1.0703  3.6105  4.6929    .626  -.203   .590
  18.057   .821 -1.0671  3.6110  4.6924    .627  -.203   .591
  18.045   .819 -1.0639  3.6115  4.6919    .628  -.202   .591
  18.033   .817 -1.0607  3.6120  4.6914    .629  -.201   .592
  18.021   .815 -1.0575  3.6125  4.6909    .630  -.201   .593
  18.009   .813 -1.0544  3.6130  4.6903    .631  -.200   .594
  17.997   .811 -1.0512  3.6135  4.6898    .632  -.199   .595
  17.986   .809 -1.0480  3.6140  4.6893    .633  -.199   .596
  17.974   .807 -1.0449  3.6144  4.6888    .634  -.198   .596
  17.962   .805 -1.0417  3.6149  4.6883    .635  -.197   .597
  17.951   .803 -1.0386  3.6154  4.6878    .636  -.197   .598
  17.939   .801 -1.0354  3.6159  4.6873    .637  -.196   .599
  17.928   .799 -1.0323  3.6164  4.6868    .638  -.195   .600
  17.916   .796 -1.0291  3.6169  4.6863    .639  -.194   .600
  17.905   .794 -1.0260  3.6173  4.6858    .640  -.194   .601
  17.894   .792 -1.0229  3.6178  4.6853    .641  -.193   .602
  17.882   .790 -1.0198  3.6183  4.6848    .642  -.192   .603
  17.871   .788 -1.0167  3.6188  4.6843    .643  -.192   .604
  17.860   .786 -1.0135  3.6192  4.6838    .644  -.191   .605
  17.848   .784 -1.0104  3.6197  4.6833    .645  -.190   .605
  17.837   .782 -1.0073  3.6202  4.6828    .646  -.190   .606
  17.826   .780 -1.0042  3.6207  4.6823    .647  -.189   .607
  17.815   .778 -1.0011  3.6211  4.6818    .648  -.188   .608
  17.804   .776  -.9981  3.6216  4.6813    .649  -.188   .609
  17.792   .774  -.9950  3.6221  4.6808    .650  -.187   .609
  17.781   .772  -.9919  3.6226  4.6803    .651  -.186   .610
  17.770   .770  -.9888  3.6230  4.6798    .652  -.186   .611
  17.759   .769  -.9858  3.6235  4.6794    .653  -.185   .612
  17.748   .767  -.9827  3.6240  4.6789    .654  -.184   .613
  17.736   .765  -.9796  3.6245  4.6784    .655  -.184   .613
  17.725   .763  -.9766  3.6249  4.6779    .656  -.183   .614
  17.714   .761  -.9735  3.6254  4.6774    .657  -.182   .615
  17.703   .759  -.9705  3.6259  4.6769    .658  -.182   .616
  17.692   .757  -.9674  3.6263  4.6764    .659  -.181   .617
  17.681   .755  -.9644  3.6268  4.6759    .660  -.180   .618
  17.669   .753  -.9614  3.6273  4.6754    .661  -.180   .618
  17.658   .751  -.9583  3.6277  4.6750    .662  -.179   .619
  17.647   .749  -.9553  3.6282  4.6745    .663  -.178   .620
  17.636   .747  -.9523  3.6286  4.6740    .664  -.178   .621
  17.624   .746  -.9493  3.6291  4.6735    .665  -.177   .622
  17.613   .744  -.9463  3.6296  4.6730    .666  -.177   .622
  17.602   .742  -.9433  3.6300  4.6725    .667  -.176   .623
  17.591   .740  -.9403  3.6305  4.6721    .668  -.175   .624
  17.580   .738  -.9373  3.6309  4.6716    .669  -.175   .625
  17.568   .736  -.9343  3.6314  4.6711    .670  -.174   .626
  17.557   .735  -.9313  3.6319  4.6706    .671  -.173   .626
  17.546   .733  -.9283  3.6323  4.6701    .672  -.173   .627
  17.535   .731  -.9253  3.6328  4.6697    .673  -.172   .628
  17.524   .729  -.9224  3.6332  4.6692    .674  -.171   .629
  17.513   .728  -.9194  3.6337  4.6687    .675  -.171   .630
  17.502   .726  -.9164  3.6341  4.6682    .676  -.170   .631
  17.491   .724  -.9135  3.6346  4.6678    .677  -.169   .631
  17.480   .722  -.9105  3.6351  4.6673    .678  -.169   .632
  17.469   .721  -.9076  3.6355  4.6668    .679  -.168   .633
  17.458   .719  -.9046  3.6360  4.6663    .680  -.167   .634
  17.447   .717  -.9017  3.6364  4.6659    .681  -.167   .635
  17.437   .715  -.8987  3.6369  4.6654    .682  -.166   .635
  17.426   .714  -.8958  3.6373  4.6649    .683  -.166   .636
  17.415   .712  -.8929  3.6378  4.6645    .684  -.165   .637
  17.404   .710  -.8899  3.6382  4.6640    .685  -.164   .638
  17.393   .709  -.8870  3.6387  4.6635    .686  -.164   .639
  17.382   .707  -.8841  3.6391  4.6630    .687  -.163   .639
  17.372   .705  -.8812  3.6396  4.6626    .688  -.162   .640
  17.361   .704  -.8783  3.6400  4.6621    .689  -.162   .641
  17.350   .702  -.8753  3.6404  4.6616    .690  -.161   .642
  17.340   .700  -.8724  3.6409  4.6612    .691  -.161   .643
  17.329   .699  -.8695  3.6413  4.6607    .692  -.160   .644
  17.318   .697  -.8667  3.6418  4.6602    .693  -.159   .644
  17.308   .695  -.8638  3.6422  4.6598    .694  -.159   .645
  17.297   .694  -.8609  3.6427  4.6593    .695  -.158   .646
  17.286   .692  -.8578  3.6431  4.6587    .696  -.157   .647
  17.274   .690  -.8546  3.6436  4.6582    .697  -.157   .648
  17.263   .689  -.8515  3.6441  4.6576    .698  -.156   .649
  17.251   .687  -.8483  3.6446  4.6570    .699  -.156   .650
  17.240   .685  -.8452  3.6451  4.6564    .700  -.155   .650
  17.228   .684  -.8420  3.6456  4.6559    .701  -.154   .651
  17.216   .682  -.8388  3.6461  4.6553    .702  -.154   .652
  17.204   .680  -.8356  3.6466  4.6547    .703  -.153   .653
  17.192   .678  -.8324  3.6471  4.6542    .704  -.152   .654
  17.181   .676  -.8292  3.6476  4.6536    .705  -.152   .655
  17.169   .675  -.8260  3.6481  4.6531    .706  -.151   .656
  17.157   .673  -.8229  3.6486  4.6525    .707  -.151   .657
  17.145   .671  -.8197  3.6491  4.6520    .708  -.150   .657
  17.134   .670  -.8165  3.6496  4.6514    .709  -.149   .658
  17.122   .668  -.8134  3.6501  4.6509    .710  -.149   .659
  17.111   .666  -.8102  3.6506  4.6503    .711  -.148   .660
  17.099   .665  -.8070  3.6511  4.6498    .712  -.148   .661
  17.087   .663  -.8039  3.6516  4.6492    .713  -.147   .662
  17.076   .661  -.8007  3.6521  4.6487    .714  -.146   .663
  17.064   .660  -.7976  3.6526  4.6481    .715  -.146   .664
  17.053   .658  -.7944  3.6531  4.6476    .716  -.145   .665
  17.041   .657  -.7913  3.6536  4.6470    .717  -.144   .665
  17.030   .655  -.7882  3.6541  4.6465    .718  -.144   .666
  17.018   .653  -.7850  3.6546  4.6459    .719  -.143   .667
  17.007   .652  -.7819  3.6551  4.6454    .720  -.143   .668
  16.996   .650  -.7788  3.6556  4.6448    .721  -.142   .669
  16.984   .649  -.7756  3.6561  4.6443    .722  -.141   .670
  16.973   .647  -.7725  3.6566  4.6437    .723  -.141   .671
  16.962   .646  -.7694  3.6571  4.6432    .724  -.140   .672
  16.950   .645  -.7663  3.6576  4.6427    .725  -.140   .673
  16.939   .643  -.7632  3.6581  4.6421    .726  -.139   .673
  16.928   .642  -.7601  3.6586  4.6416    .727  -.138   .674
  16.916   .640  -.7570  3.6591  4.6410    .728  -.138   .675
  16.905   .639  -.7539  3.6596  4.6405    .729  -.137   .676
  16.894   .637  -.7508  3.6601  4.6399    .730  -.137   .677
  16.883   .636  -.7477  3.6606  4.6394    .731  -.136   .678
  16.872   .635  -.7446  3.6611  4.6389    .732  -.135   .679
  16.860   .633  -.7415  3.6616  4.6383    .733  -.135   .680
  16.849   .632  -.7384  3.6620  4.6378    .734  -.134   .680
  16.838   .631  -.7353  3.6625  4.6372    .735  -.134   .681
  16.827   .629  -.7322  3.6630  4.6367    .736  -.133   .682
  16.816   .628  -.7292  3.6635  4.6361    .737  -.133   .683
  16.805   .626  -.7261  3.6640  4.6356    .738  -.132   .684
  16.794   .625  -.7230  3.6645  4.6351    .739  -.131   .685
  16.783   .624  -.7199  3.6650  4.6345    .740  -.131   .686
  16.772   .623  -.7169  3.6655  4.6340    .741  -.130   .687
  16.761   .621  -.7138  3.6660  4.6335    .742  -.130   .688
  16.750   .620  -.7107  3.6665  4.6329    .743  -.129   .688
  16.739   .619  -.7077  3.6669  4.6324    .744  -.128   .689
  16.728   .617  -.7046  3.6674  4.6318    .745  -.128   .690
  16.717   .616  -.7016  3.6679  4.6313    .746  -.127   .691
  16.706   .615  -.6985  3.6684  4.6308    .747  -.127   .692
  16.696   .614  -.6955  3.6689  4.6302    .748  -.126   .693
  16.685   .612  -.6925  3.6694  4.6297    .749  -.126   .694
  16.674   .611  -.6894  3.6699  4.6292    .750  -.125   .695
  16.663   .610  -.6864  3.6704  4.6286    .751  -.124   .696
  16.652   .609  -.6833  3.6708  4.6281    .752  -.124   .697
  16.642   .607  -.6803  3.6713  4.6276    .753  -.123   .697
  16.631   .606  -.6773  3.6718  4.6270    .754  -.123   .698
  16.620   .605  -.6743  3.6723  4.6265    .755  -.122   .699
  16.610   .604  -.6712  3.6728  4.6259    .756  -.121   .700
  16.599   .602  -.6682  3.6733  4.6254    .757  -.121   .701
  16.588   .601  -.6652  3.6737  4.6249    .758  -.120   .702
  16.578   .600  -.6622  3.6742  4.6243    .759  -.120   .703
  16.567   .599  -.6592  3.6747  4.6238    .760  -.119   .704
  16.556   .598  -.6562  3.6752  4.6233    .761  -.119   .705
  16.546   .596  -.6531  3.6757  4.6227    .762  -.118   .705
  16.535   .595  -.6501  3.6762  4.6222    .763  -.117   .706
  16.525   .594  -.6471  3.6766  4.6217    .764  -.117   .707
  16.514   .593  -.6441  3.6771  4.6212    .765  -.116   .708
  16.504   .592  -.6411  3.6776  4.6206    .766  -.116   .709
  16.493   .591  -.6381  3.6781  4.6201    .767  -.115   .710
  16.483   .589  -.6352  3.6786  4.6196    .768  -.115   .711
  16.472   .588  -.6322  3.6790  4.6190    .769  -.114   .712
  16.462   .587  -.6292  3.6795  4.6185    .770  -.114   .713
  16.452   .586  -.6262  3.6800  4.6180    .771  -.113   .714
  16.441   .585  -.6232  3.6805  4.6174    .772  -.112   .714
  16.431   .584  -.6202  3.6810  4.6169    .773  -.112   .715
  16.421   .582  -.6173  3.6814  4.6164    .774  -.111   .716
  16.410   .581  -.6143  3.6819  4.6158    .775  -.111   .717
  16.400   .580  -.6113  3.6824  4.6153    .776  -.110   .718
  16.390   .579  -.6083  3.6829  4.6148    .777  -.110   .719
  16.379   .578  -.6054  3.6833  4.6143    .778  -.109   .720
  16.369   .577  -.6024  3.6838  4.6137    .779  -.108   .721
  16.359   .576  -.5994  3.6843  4.6132    .780  -.108   .722
  16.349   .574  -.5965  3.6848  4.6127    .781  -.107   .723
  16.338   .573  -.5935  3.6852  4.6121    .782  -.107   .723
  16.328   .572  -.5905  3.6857  4.6116    .783  -.106   .724
  16.318   .571  -.5876  3.6862  4.6111    .784  -.106   .725
  16.308   .570  -.5846  3.6867  4.6106    .785  -.105   .726
  16.298   .569  -.5817  3.6871  4.6100    .786  -.105   .727
  16.288   .568  -.5787  3.6876  4.6095    .787  -.104   .728
  16.278   .567  -.5758  3.6881  4.6090    .788  -.103   .729
  16.268   .566  -.5728  3.6886  4.6084    .789  -.103   .730
  16.258   .564  -.5699  3.6890  4.6079    .790  -.102   .731
  16.247   .563  -.5670  3.6895  4.6074    .791  -.102   .732
  16.237   .562  -.5640  3.6900  4.6069    .792  -.101   .732
  16.227   .561  -.5611  3.6905  4.6063    .793  -.101   .733
  16.218   .560  -.5581  3.6909  4.6058    .794  -.100   .734
  16.208   .559  -.5552  3.6914  4.6053    .795  -.100   .735
  16.198   .558  -.5523  3.6919  4.6047    .796  -.099   .736
  16.188   .557  -.5493  3.6924  4.6042    .797  -.099   .737
  16.178   .556  -.5464  3.6928  4.6037    .798  -.098   .738
  16.168   .555  -.5435  3.6933  4.6032    .799  -.097   .739
  16.158   .554  -.5406  3.6938  4.6026    .800  -.097   .740
  16.149   .553  -.5377  3.6942  4.6020    .801  -.096   .741
  16.139   .552  -.5348  3.6946  4.6014    .802  -.096   .742
  16.130   .551  -.5320  3.6951  4.6008    .803  -.095   .743
  16.120   .550  -.5291  3.6955  4.6003    .804  -.095   .744
  16.111   .549  -.5262  3.6959  4.5997    .805  -.094   .745
  16.101   .548  -.5234  3.6964  4.5991    .806  -.094   .746
  16.092   .547  -.5205  3.6968  4.5985    .807  -.093   .747
  16.082   .546  -.5177  3.6972  4.5979    .808  -.093   .748
  16.073   .545  -.5148  3.6977  4.5973    .809  -.092   .749
  16.064   .544  -.5120  3.6981  4.5967    .810  -.092   .749
  16.054   .543  -.5091  3.6985  4.5961    .811  -.091   .750
  16.045   .542  -.5063  3.6990  4.5955    .812  -.090   .751
  16.036   .542  -.5034  3.6994  4.5949    .813  -.090   .752
  16.027   .541  -.5006  3.6998  4.5943    .814  -.089   .753
  16.017   .540  -.4977  3.7002  4.5937    .815  -.089   .754
  16.008   .539  -.4949  3.7007  4.5931    .816  -.088   .755
  15.999   .538  -.4921  3.7011  4.5925    .817  -.088   .756
  15.990   .537  -.4893  3.7015  4.5919    .818  -.087   .757
  15.981   .536  -.4864  3.7019  4.5913    .819  -.087   .758
  15.972   .535  -.4836  3.7024  4.5907    .820  -.086   .759
  15.962   .534  -.4808  3.7028  4.5901    .821  -.086   .760
  15.953   .533  -.4780  3.7032  4.5895    .822  -.085   .761
  15.944   .532  -.4751  3.7036  4.5889    .823  -.085   .762
  15.935   .532  -.4723  3.7041  4.5883    .824  -.084   .763
  15.926   .531  -.4695  3.7045  4.5877    .825  -.084   .764
  15.917   .530  -.4667  3.7049  4.5871    .826  -.083   .765
  15.908   .529  -.4639  3.7053  4.5865    .827  -.082   .766
  15.899   .528  -.4611  3.7057  4.5859    .828  -.082   .767
  15.890   .527  -.4583  3.7062  4.5853    .829  -.081   .768
  15.881   .526  -.4555  3.7066  4.5847    .830  -.081   .769
  15.872   .525  -.4527  3.7070  4.5841    .831  -.080   .770
  15.863   .525  -.4499  3.7074  4.5835    .832  -.080   .771
  15.855   .524  -.4471  3.7078  4.5829    .833  -.079   .772
  15.846   .523  -.4443  3.7082  4.5823    .834  -.079   .773
  15.837   .522  -.4415  3.7087  4.5817    .835  -.078   .774
  15.828   .521  -.4387  3.7091  4.5811    .836  -.078   .775
  15.819   .520  -.4360  3.7095  4.5805    .837  -.077   .776
  15.810   .519  -.4332  3.7099  4.5799    .838  -.077   .777
  15.802   .519  -.4304  3.7103  4.5793    .839  -.076   .778
  15.793   .518  -.4276  3.7107  4.5787    .840  -.076   .779
  15.784   .517  -.4248  3.7111  4.5781    .841  -.075   .780
  15.775   .516  -.4221  3.7116  4.5775    .842  -.075   .781
  15.767   .515  -.4193  3.7120  4.5768    .843  -.074   .782
  15.758   .514  -.4165  3.7124  4.5762    .844  -.074   .783
  15.749   .513  -.4138  3.7128  4.5756    .845  -.073   .784
  15.741   .513  -.4110  3.7132  4.5750    .846  -.073   .785
  15.732   .512  -.4082  3.7136  4.5744    .847  -.072   .786
  15.724   .511  -.4055  3.7140  4.5738    .848  -.072   .787
  15.715   .510  -.4027  3.7144  4.5732    .849  -.071   .788
  15.706   .509  -.4000  3.7148  4.5726    .850  -.071   .789
  15.698   .508  -.3972  3.7152  4.5720    .851  -.070   .790
  15.689   .508  -.3944  3.7157  4.5714    .852  -.070   .791
  15.681   .507  -.3917  3.7161  4.5708    .853  -.069   .792
  15.672   .506  -.3890  3.7165  4.5702    .854  -.069   .793
  15.664   .505  -.3862  3.7169  4.5696    .855  -.068   .794
  15.656   .504  -.3835  3.7173  4.5689    .856  -.068   .795
  15.647   .504  -.3807  3.7177  4.5683    .857  -.067   .796
  15.639   .503  -.3780  3.7181  4.5677    .858  -.067   .798
  15.630   .502  -.3752  3.7185  4.5671    .859  -.066   .799
  15.622   .501  -.3725  3.7189  4.5665    .860  -.066   .800
  15.614   .500  -.3698  3.7193  4.5659    .861  -.065   .801
  15.605   .500  -.3670  3.7197  4.5653    .862  -.064   .802
  15.597   .499  -.3643  3.7201  4.5647    .863  -.064   .803
  15.589   .498  -.3616  3.7205  4.5640    .864  -.063   .804
  15.580   .497  -.3589  3.7209  4.5634    .865  -.063   .805
  15.572   .496  -.3561  3.7213  4.5628    .866  -.062   .806
  15.564   .496  -.3534  3.7217  4.5622    .867  -.062   .807
  15.556   .495  -.3507  3.7221  4.5616    .868  -.061   .808
  15.547   .494  -.3480  3.7225  4.5610    .869  -.061   .809
  15.539   .493  -.3453  3.7229  4.5603    .870  -.060   .810
  15.531   .492  -.3425  3.7233  4.5597    .871  -.060   .811
  15.523   .492  -.3398  3.7237  4.5591    .872  -.059   .812
  15.515   .491  -.3371  3.7241  4.5585    .873  -.059   .813
  15.507   .490  -.3344  3.7245  4.5579    .874  -.058   .814
  15.499   .489  -.3317  3.7249  4.5573    .875  -.058   .815
  15.491   .488  -.3290  3.7253  4.5566    .876  -.057   .816
  15.483   .488  -.3263  3.7257  4.5560    .877  -.057   .817
  15.475   .487  -.3236  3.7261  4.5554    .878  -.057   .818
  15.467   .486  -.3209  3.7265  4.5548    .879  -.056   .819
  15.459   .485  -.3182  3.7269  4.5542    .880  -.056   .820
  15.451   .485  -.3155  3.7272  4.5535    .881  -.055   .821
  15.442   .484  -.3126  3.7277  4.5528    .882  -.055   .823
  15.434   .483  -.3097  3.7281  4.5520    .883  -.054   .824
  15.425   .482  -.3068  3.7285  4.5513    .884  -.054   .825
  15.416   .481  -.3038  3.7289  4.5505    .885  -.053   .826
  15.408   .480  -.3009  3.7293  4.5497    .886  -.053   .827
  15.399   .480  -.2980  3.7297  4.5490    .887  -.052   .829
  15.391   .479  -.2951  3.7301  4.5482    .888  -.052   .830
  15.382   .478  -.2922  3.7306  4.5474    .889  -.051   .831
  15.374   .477  -.2892  3.7310  4.5467    .890  -.051   .832
  15.365   .476  -.2863  3.7314  4.5459    .891  -.050   .833
  15.357   .476  -.2834  3.7318  4.5451    .892  -.050   .835
  15.349   .475  -.2805  3.7322  4.5443    .893  -.049   .836
  15.340   .474  -.2776  3.7326  4.5435    .894  -.049   .837
  15.332   .473  -.2747  3.7330  4.5428    .895  -.048   .838
  15.323   .472  -.2717  3.7334  4.5420    .896  -.048   .840
  15.315   .472  -.2688  3.7338  4.5412    .897  -.047   .841
  15.306   .471  -.2659  3.7343  4.5404    .898  -.047   .842
  15.298   .470  -.2630  3.7347  4.5396    .899  -.046   .843
  15.290   .469  -.2601  3.7351  4.5388    .900  -.046   .844
  15.282   .468  -.2573  3.7354  4.5379    .901  -.045   .846
  15.274   .468  -.2545  3.7358  4.5369    .902  -.045   .847
  15.266   .467  -.2517  3.7361  4.5360    .903  -.044   .849
  15.258   .466  -.2489  3.7364  4.5351    .904  -.044   .850
  15.250   .466  -.2461  3.7368  4.5341    .905  -.043   .851
  15.242   .465  -.2433  3.7371  4.5332    .906  -.043   .853
  15.234   .464  -.2405  3.7375  4.5322    .907  -.042   .854
  15.226   .464  -.2377  3.7378  4.5313    .908  -.042   .856
  15.218   .463  -.2349  3.7381  4.5303    .909  -.041   .857
  15.211   .462  -.2321  3.7385  4.5294    .910  -.041   .858
  15.203   .462  -.2293  3.7388  4.5284    .911  -.040   .860
  15.195   .461  -.2266  3.7392  4.5275    .912  -.040   .861
  15.187   .461  -.2238  3.7395  4.5266    .913  -.040   .863
  15.179   .460  -.2210  3.7398  4.5256    .914  -.039   .864
  15.171   .459  -.2182  3.7402  4.5247    .915  -.039   .865
  15.163   .459  -.2155  3.7405  4.5237    .916  -.038   .867
  15.156   .458  -.2127  3.7408  4.5228    .917  -.038   .868
  15.148   .457  -.2099  3.7412  4.5218    .918  -.037   .870
  15.140   .457  -.2071  3.7415  4.5209    .919  -.037   .871
  15.132   .456  -.2044  3.7418  4.5199    .920  -.036   .873
  15.124   .455  -.2016  3.7422  4.5190    .921  -.036   .874
  15.117   .455  -.1988  3.7425  4.5180    .922  -.035   .875
  15.109   .454  -.1961  3.7428  4.5171    .923  -.035   .877
  15.101   .453  -.1933  3.7432  4.5161    .924  -.034   .878
  15.093   .453  -.1905  3.7435  4.5152    .925  -.034   .880
  15.086   .452  -.1878  3.7438  4.5142    .926  -.033   .881
  15.078   .451  -.1850  3.7442  4.5133    .927  -.033   .883
  15.070   .451  -.1823  3.7445  4.5123    .928  -.032   .884
  15.063   .450  -.1795  3.7448  4.5114    .929  -.032   .885
  15.055   .450  -.1768  3.7451  4.5104    .930  -.032   .887
  15.047   .449  -.1740  3.7455  4.5095    .931  -.031   .888
  15.040   .448  -.1713  3.7458  4.5085    .932  -.031   .890
  15.032   .448  -.1685  3.7461  4.5075    .933  -.030   .891
  15.024   .447  -.1658  3.7465  4.5066    .934  -.030   .893
  15.017   .446  -.1630  3.7468  4.5056    .935  -.029   .894
  15.009   .446  -.1603  3.7471  4.5047    .936  -.029   .896
  15.001   .445  -.1576  3.7474  4.5037    .937  -.028   .897
  14.994   .444  -.1548  3.7478  4.5028    .938  -.028   .899
  14.986   .444  -.1521  3.7481  4.5018    .939  -.027   .900
  14.978   .443  -.1493  3.7484  4.5008    .940  -.027   .902
  14.971   .443  -.1466  3.7487  4.4999    .941  -.026   .903
  14.963   .442  -.1439  3.7491  4.4989    .942  -.026   .905
  14.956   .441  -.1411  3.7494  4.4980    .943  -.025   .906
  14.948   .441  -.1384  3.7497  4.4970    .944  -.025   .908
  14.941   .440  -.1357  3.7500  4.4960    .945  -.025   .909
  14.933   .439  -.1330  3.7503  4.4951    .946  -.024   .910
  14.926   .439  -.1302  3.7507  4.4941    .947  -.024   .912
  14.918   .438  -.1275  3.7510  4.4931    .948  -.023   .913
  14.910   .437  -.1248  3.7513  4.4922    .949  -.023   .915
  14.903   .437  -.1221  3.7516  4.4912    .950  -.022   .916
  14.895   .436  -.1193  3.7519  4.4902    .951  -.022   .918
  14.888   .436  -.1166  3.7523  4.4893    .952  -.021   .919
  14.880   .435  -.1139  3.7526  4.4883    .953  -.021   .921
  14.873   .434  -.1112  3.7529  4.4873    .954  -.020   .923
  14.865   .434  -.1085  3.7532  4.4864    .955  -.020   .924
  14.858   .433  -.1057  3.7535  4.4854    .956  -.020   .926
  14.850   .432  -.1030  3.7539  4.4844    .957  -.019   .927
  14.843   .432  -.1003  3.7542  4.4834    .958  -.019   .929
  14.836   .431  -.0976  3.7545  4.4825    .959  -.018   .930
  14.828   .431  -.0949  3.7548  4.4815    .960  -.018   .932
  14.821   .430  -.0922  3.7551  4.4805    .961  -.017   .933
  14.813   .429  -.0895  3.7554  4.4795    .962  -.017   .935
  14.806   .429  -.0868  3.7557  4.4786    .963  -.016   .936
  14.798   .428  -.0841  3.7561  4.4776    .964  -.016   .938
  14.791   .427  -.0814  3.7564  4.4766    .965  -.015   .939
  14.784   .427  -.0787  3.7567  4.4756    .966  -.015   .941
  14.776   .426  -.0760  3.7570  4.4746    .967  -.015   .942
  14.769   .426  -.0733  3.7573  4.4737    .968  -.014   .944
  14.761   .425  -.0706  3.7576  4.4727    .969  -.014   .946
  14.754   .424  -.0679  3.7579  4.4717    .970  -.013   .947
  14.747   .424  -.0652  3.7582  4.4707    .971  -.013   .949
  14.739   .423  -.0625  3.7586  4.4697    .972  -.012   .950
  14.732   .422  -.0598  3.7589  4.4687    .973  -.012   .952
  14.725   .422  -.0571  3.7592  4.4677    .974  -.011   .953
  14.717   .421  -.0544  3.7595  4.4668    .975  -.011   .955
  14.710   .421  -.0517  3.7598  4.4658    .976  -.011   .957
  14.703   .420  -.0490  3.7601  4.4648    .977  -.010   .958
  14.695   .419  -.0463  3.7604  4.4638    .978  -.010   .960
  14.688   .419  -.0436  3.7607  4.4628    .979  -.009   .961
  14.681   .418  -.0409  3.7610  4.4618    .980  -.009   .963
  14.673   .418  -.0382  3.7613  4.4608    .981  -.008   .964
  14.666   .417  -.0355  3.7616  4.4598    .982  -.008   .966
  14.659   .416  -.0329  3.7619  4.4588    .983  -.007   .968
  14.651   .416  -.0302  3.7622  4.4578    .984  -.007   .969
  14.644   .415  -.0275  3.7625  4.4568    .985  -.007   .971
  14.637   .414  -.0248  3.7628  4.4558    .986  -.006   .973
  14.630   .414  -.0221  3.7632  4.4548    .987  -.006   .974
  14.622   .413  -.0194  3.7635  4.4538    .988  -.005   .976
  14.615   .413  -.0167  3.7638  4.4528    .989  -.005   .977
  14.608   .412  -.0141  3.7641  4.4518    .990  -.004   .979
  14.600   .411  -.0114  3.7644  4.4508    .991  -.004   .981
  14.593   .411  -.0087  3.7647  4.4497    .992  -.003   .982
  14.586   .410  -.0060  3.7650  4.4487    .993  -.003   .984
  14.579   .409  -.0033  3.7653  4.4477    .994  -.003   .986
  14.571   .409  -.0006  3.7656  4.4467    .995  -.002   .987
  14.564   .408   .0020  3.7659  4.4457    .996  -.002   .989
  14.557   .408   .0047  3.7662  4.4447    .997  -.001   .991
  14.550   .407   .0074  3.7665  4.4437    .998  -.001   .992
  14.543   .406   .0101  3.7668  4.4426    .999   .000   .994
  14.535   .406   .0127  3.7671  4.4416   1.000   .000   .996
  14.528   .405   .0153  3.7673  4.4405   1.001   .000   .997
  14.522   .405   .0179  3.7676  4.4393   1.002   .001   .999
  14.515   .404   .0205  3.7678  4.4382   1.003   .001  1.001
  14.508   .404   .0230  3.7681  4.4371   1.004   .002  1.003
  14.501   .403   .0256  3.7683  4.4359   1.005   .002  1.005
  14.494   .403   .0282  3.7685  4.4348   1.006   .003  1.006
  14.487   .402   .0307  3.7688  4.4336   1.007   .003  1.008
  14.481   .402   .0333  3.7690  4.4325   1.008   .003  1.010
  14.474   .401   .0359  3.7693  4.4314   1.009   .004  1.012
  14.467   .401   .0384  3.7695  4.4302   1.010   .004  1.014
  14.460   .400   .0410  3.7698  4.4291   1.011   .005  1.016
  14.453   .400   .0435  3.7700  4.4279   1.012   .005  1.017
  14.447   .399   .0461  3.7703  4.4268   1.013   .006  1.019
  14.440   .398   .0486  3.7705  4.4256   1.014   .006  1.021
  14.433   .398   .0512  3.7708  4.4245   1.015   .006  1.023
  14.426   .397   .0537  3.7710  4.4233   1.016   .007  1.025
  14.419   .397   .0563  3.7713  4.4222   1.017   .007  1.027
  14.413   .396   .0588  3.7715  4.4210   1.018   .008  1.029
  14.406   .396   .0614  3.7717  4.4199   1.019   .008  1.030
  14.399   .395   .0639  3.7720  4.4187   1.020   .009  1.032
  14.392   .395   .0664  3.7722  4.4176   1.021   .009  1.034
  14.386   .394   .0690  3.7725  4.4164   1.022   .009  1.036
  14.379   .394   .0715  3.7727  4.4153   1.023   .010  1.038
  14.372   .393   .0740  3.7730  4.4141   1.024   .010  1.040
  14.366   .393   .0766  3.7732  4.4130   1.025   .011  1.042
  14.359   .392   .0791  3.7734  4.4118   1.026   .011  1.044
  14.352   .392   .0816  3.7737  4.4107   1.027   .012  1.045
  14.346   .391   .0842  3.7739  4.4095   1.028   .012  1.047
  14.339   .391   .0867  3.7742  4.4084   1.029   .012  1.049
  14.332   .390   .0892  3.7744  4.4072   1.030   .013  1.051
  14.325   .390   .0917  3.7746  4.4060   1.031   .013  1.053
  14.319   .389   .0943  3.7749  4.4049   1.032   .014  1.055
  14.312   .389   .0968  3.7751  4.4037   1.033   .014  1.057
  14.306   .388   .0993  3.7754  4.4026   1.034   .015  1.059
  14.299   .388   .1018  3.7756  4.4014   1.035   .015  1.061
  14.292   .387   .1043  3.7758  4.4002   1.036   .015  1.063
  14.286   .387   .1068  3.7761  4.3991   1.037   .016  1.065
  14.279   .386   .1094  3.7763  4.3978   1.038   .016  1.067
  14.272   .386   .1121  3.7765  4.3965   1.039   .017  1.069
  14.265   .385   .1148  3.7768  4.3951   1.040   .017  1.071
  14.258   .385   .1174  3.7770  4.3938   1.041   .017  1.073
  14.251   .384   .1201  3.7773  4.3925   1.042   .018  1.075
  14.244   .384   .1227  3.7775  4.3911   1.043   .018  1.078
  14.237   .383   .1254  3.7777  4.3898   1.044   .019  1.080
  14.230   .383   .1280  3.7780  4.3884   1.045   .019  1.082
  14.223   .382   .1307  3.7782  4.3871   1.046   .020  1.084
  14.216   .382   .1333  3.7784  4.3857   1.047   .020  1.086
  14.209   .381   .1360  3.7787  4.3844   1.048   .020  1.089
  14.202   .381   .1386  3.7789  4.3831   1.049   .021  1.091
  14.195   .380   .1413  3.7792  4.3817   1.050   .021  1.093
  14.188   .380   .1439  3.7794  4.3804   1.051   .022  1.095
  14.181   .379   .1465  3.7796  4.3790   1.052   .022  1.097
  14.174   .379   .1492  3.7799  4.3777   1.053   .022  1.100
  14.167   .378   .1518  3.7801  4.3763   1.054   .023  1.102
  14.161   .378   .1544  3.7803  4.3750   1.055   .023  1.104
  14.154   .377   .1570  3.7805  4.3737   1.056   .024  1.106
  14.147   .376   .1597  3.7808  4.3723   1.057   .024  1.109
  14.140   .376   .1623  3.7810  4.3710   1.058   .024  1.111
  14.133   .375   .1649  3.7812  4.3696   1.059   .025  1.113
  14.126   .375   .1675  3.7815  4.3682   1.060   .025  1.115
  14.119   .374   .1701  3.7817  4.3669   1.061   .026  1.118
  14.113   .374   .1728  3.7819  4.3655   1.062   .026  1.120
  14.106   .373   .1754  3.7822  4.3642   1.063   .027  1.122
  14.099   .373   .1780  3.7824  4.3628   1.064   .027  1.124
  14.092   .372   .1806  3.7826  4.3614   1.065   .027  1.127
  14.085   .372   .1832  3.7828  4.3601   1.066   .028  1.129
  14.078   .371   .1859  3.7831  4.3587   1.067   .028  1.131
  14.072   .371   .1885  3.7833  4.3573   1.068   .029  1.134
  14.065   .370   .1911  3.7835  4.3559   1.069   .029  1.136
  14.058   .370   .1937  3.7837  4.3545   1.070   .029  1.138
  14.051   .369   .1963  3.7840  4.3531   1.071   .030  1.141
  14.044   .369   .1990  3.7842  4.3517   1.072   .030  1.143
  14.037   .369   .2017  3.7844  4.3501   1.073   .031  1.146
  14.030   .368   .2045  3.7845  4.3483   1.074   .031  1.149
  14.023   .368   .2073  3.7847  4.3466   1.075   .031  1.152
  14.015   .368   .2102  3.7848  4.3448   1.076   .032  1.154
  14.008   .367   .2130  3.7850  4.3430   1.077   .032  1.157
  14.001   .367   .2158  3.7851  4.3412   1.078   .033  1.160
  13.994   .367   .2186  3.7853  4.3395   1.079   .033  1.163
  13.986   .366   .2214  3.7854  4.3377   1.080   .033  1.166
  13.979   .366   .2242  3.7855  4.3359   1.081   .034  1.169
  13.972   .366   .2269  3.7857  4.3342   1.082   .034  1.172
  13.965   .365   .2297  3.7858  4.3324   1.083   .035  1.175
  13.958   .365   .2325  3.7860  4.3307   1.084   .035  1.178
  13.951   .365   .2353  3.7861  4.3289   1.085   .035  1.181
  13.944   .364   .2380  3.7862  4.3272   1.086   .036  1.184
  13.937   .364   .2408  3.7864  4.3254   1.087   .036  1.187
  13.930   .364   .2435  3.7865  4.3237   1.088   .037  1.189
  13.923   .364   .2463  3.7866  4.3219   1.089   .037  1.192
  13.916   .363   .2490  3.7868  4.3202   1.090   .037  1.195
  13.909   .363   .2517  3.7869  4.3184   1.091   .038  1.198
  13.902   .363   .2545  3.7870  4.3167   1.092   .038  1.201
  13.895   .362   .2572  3.7871  4.3150   1.093   .039  1.204
  13.888   .362   .2599  3.7873  4.3133   1.094   .039  1.207
  13.881   .362   .2626  3.7874  4.3115   1.095   .039  1.210
  13.874   .362   .2653  3.7875  4.3098   1.096   .040  1.213
  13.867   .361   .2680  3.7876  4.3081   1.097   .040  1.216
  13.860   .361   .2707  3.7878  4.3064   1.098   .041  1.219
  13.853   .361   .2734  3.7879  4.3047   1.099   .041  1.222
  13.847   .360   .2760  3.7880  4.3030   1.100   .041  1.225
  13.841   .360   .2784  3.7881  4.3014   1.101   .042  1.228
  13.835   .360   .2807  3.7882  4.2999   1.102   .042  1.230
  13.829   .360   .2830  3.7883  4.2984   1.103   .043  1.233
  13.823   .360   .2853  3.7884  4.2968   1.104   .043  1.236
  13.817   .359   .2877  3.7884  4.2953   1.105   .043  1.238
  13.811   .359   .2900  3.7885  4.2938   1.106   .044  1.241
  13.805   .359   .2923  3.7886  4.2922   1.107   .044  1.244
  13.799   .359   .2946  3.7887  4.2907   1.108   .045  1.247
  13.793   .359   .2969  3.7888  4.2891   1.109   .045  1.250
  13.787   .359   .2992  3.7889  4.2876   1.110   .045  1.252
  13.782   .358   .3015  3.7890  4.2860   1.111   .046  1.255
  13.776   .358   .3038  3.7890  4.2845   1.112   .046  1.258
  13.770   .358   .3061  3.7891  4.2830   1.113   .046  1.261
  13.764   .358   .3084  3.7892  4.2814   1.114   .047  1.264
  13.758   .358   .3107  3.7893  4.2799   1.115   .047  1.266
  13.752   .357   .3129  3.7894  4.2783   1.116   .048  1.269
  13.747   .357   .3152  3.7894  4.2768   1.117   .048  1.272
  13.741   .357   .3175  3.7895  4.2752   1.118   .048  1.275
  13.735   .357   .3198  3.7896  4.2736   1.119   .049  1.278
  13.729   .357   .3220  3.7896  4.2721   1.120   .049  1.281
  13.724   .357   .3243  3.7897  4.2705   1.121   .050  1.284
  13.718   .356   .3266  3.7898  4.2689   1.122   .050  1.286
  13.712   .356   .3288  3.7898  4.2672   1.123   .050  1.290
  13.706   .356   .3311  3.7898  4.2654   1.124   .051  1.293
  13.701   .356   .3333  3.7899  4.2637   1.125   .051  1.296
  13.695   .356   .3356  3.7899  4.2619   1.126   .052  1.299
  13.689   .356   .3378  3.7899  4.2601   1.127   .052  1.302
  13.684   .356   .3400  3.7900  4.2584   1.128   .052  1.306
  13.678   .356   .3423  3.7900  4.2566   1.129   .053  1.309
  13.673   .356   .3445  3.7900  4.2548   1.130   .053  1.312
  13.667   .356   .3467  3.7900  4.2531   1.131   .053  1.315
  13.662   .356   .3489  3.7900  4.2513   1.132   .054  1.319
  13.656   .356   .3511  3.7900  4.2495   1.133   .054  1.322
  13.650   .356   .3533  3.7901  4.2477   1.134   .055  1.325
  13.645   .356   .3555  3.7901  4.2459   1.135   .055  1.329
  13.639   .356   .3577  3.7901  4.2441   1.136   .055  1.332
  13.634   .356   .3599  3.7901  4.2423   1.137   .056  1.335
  13.628   .356   .3621  3.7901  4.2405   1.138   .056  1.339
  13.623   .356   .3642  3.7901  4.2387   1.139   .057  1.342
  13.618   .356   .3664  3.7901  4.2369   1.140   .057  1.345
  13.612   .356   .3686  3.7901  4.2351   1.141   .057  1.349
  13.607   .356   .3707  3.7901  4.2333   1.142   .058  1.352
  13.601   .356   .3729  3.7901  4.2315   1.143   .058  1.356
  13.596   .356   .3750  3.7901  4.2297   1.144   .058  1.359
  13.591   .356   .3771  3.7901  4.2279   1.145   .059  1.362
  13.585   .356   .3793  3.7900  4.2260   1.146   .059  1.366
  13.580   .356   .3814  3.7900  4.2242   1.147   .060  1.369
  13.575   .356   .3835  3.7900  4.2224   1.148   .060  1.373
  13.569   .356   .3856  3.7900  4.2205   1.149   .060  1.376
  13.564   .356   .3878  3.7900  4.2187   1.150   .061  1.380
  13.559   .356   .3899  3.7900  4.2168   1.151   .061  1.384
  13.554   .356   .3920  3.7899  4.2150   1.152   .061  1.387
  13.548   .356   .3941  3.7899  4.2131   1.153   .062  1.391
  13.543   .356   .3961  3.7899  4.2113   1.154   .062  1.394
  13.538   .356   .3982  3.7898  4.2094   1.155   .063  1.398
  13.533   .356   .4003  3.7898  4.2075   1.156   .063  1.401
  13.528   .356   .4024  3.7898  4.2057   1.157   .063  1.405
  13.522   .356   .4044  3.7897  4.2038   1.158   .064  1.409
  13.517   .356   .4065  3.7897  4.2019   1.159   .064  1.412
  13.512   .356   .4086  3.7896  4.2000   1.160   .064  1.416
  13.507   .357   .4106  3.7896  4.1981   1.161   .065  1.420
  13.502   .357   .4126  3.7895  4.1962   1.162   .065  1.423
  13.497   .357   .4147  3.7895  4.1943   1.163   .066  1.427
  13.492   .357   .4167  3.7894  4.1924   1.164   .066  1.431
  13.487   .357   .4187  3.7894  4.1905   1.165   .066  1.435
  13.482   .357   .4208  3.7893  4.1886   1.166   .067  1.439
  13.477   .357   .4228  3.7892  4.1867   1.167   .067  1.442
  13.472   .357   .4248  3.7892  4.1847   1.168   .067  1.446
  13.467   .358   .4268  3.7891  4.1828   1.169   .068  1.450
  13.462   .358   .4288  3.7890  4.1809   1.170   .068  1.454
  13.457   .358   .4307  3.7890  4.1789   1.171   .069  1.458
  13.452   .358   .4327  3.7889  4.1770   1.172   .069  1.462
  13.448   .358   .4347  3.7888  4.1750   1.173   .069  1.466
  13.443   .358   .4367  3.7887  4.1730   1.174   .070  1.470
  13.438   .359   .4386  3.7886  4.1711   1.175   .070  1.473
  13.433   .359   .4406  3.7885  4.1691   1.176   .070  1.477
  13.428   .359   .4425  3.7884  4.1671   1.177   .071  1.481
  13.424   .359   .4445  3.7883  4.1651   1.178   .071  1.486
  13.419   .359   .4465  3.7882  4.1629   1.179   .072  1.490
  13.414   .360   .4485  3.7881  4.1606   1.180   .072  1.494
  13.409   .360   .4505  3.7879  4.1584   1.181   .072  1.499
  13.404   .360   .4526  3.7878  4.1561   1.182   .073  1.503
  13.399   .361   .4546  3.7876  4.1539   1.183   .073  1.508
  13.394   .361   .4566  3.7874  4.1516   1.184   .073  1.513
  13.389   .361   .4586  3.7873  4.1493   1.185   .074  1.517
  13.384   .362   .4607  3.7871  4.1470   1.186   .074  1.522
  13.379   .362   .4627  3.7870  4.1447   1.187   .074  1.527
  13.375   .362   .4647  3.7868  4.1423   1.188   .075  1.531
  13.370   .363   .4668  3.7866  4.1400   1.189   .075  1.536
  13.365   .363   .4688  3.7865  4.1376   1.190   .076  1.541
  13.360   .364   .4708  3.7863  4.1352   1.191   .076  1.546
  13.355   .364   .4729  3.7861  4.1328   1.192   .076  1.551
  13.350   .364   .4749  3.7859  4.1304   1.193   .077  1.556
  13.345   .365   .4770  3.7857  4.1279   1.194   .077  1.561
  13.340   .365   .4790  3.7855  4.1255   1.195   .077  1.566
  13.335   .366   .4811  3.7853  4.1230   1.196   .078  1.571
  13.330   .366   .4831  3.7851  4.1205   1.197   .078  1.576
  13.325   .366   .4852  3.7849  4.1180   1.198   .078  1.582
  13.320   .367   .4875  3.7847  4.1152   1.199   .079  1.587
  13.313   .367   .4903  3.7845  4.1120   1.200   .079  1.594
  13.307   .368   .4928  3.7844  4.1095   1.201   .080  1.599
  13.301   .368   .4952  3.7843  4.1070   1.202   .080  1.604
  13.295   .368   .4976  3.7841  4.1045   1.203   .080  1.610
  13.283   .367   .5022  3.7846  4.1020   1.204   .081  1.615
  13.270   .366   .5071  3.7851  4.0995   1.205   .081  1.620
  13.257   .365   .5119  3.7857  4.0969   1.206   .081  1.626
  13.245   .363   .5168  3.7862  4.0944   1.207   .082  1.631
  13.232   .362   .5215  3.7867  4.0918   1.208   .082  1.637
  13.220   .361   .5263  3.7873  4.0893   1.209   .082  1.642
  13.207   .360   .5310  3.7878  4.0868   1.210   .083  1.648
  13.182   .357   .5406  3.7889  4.0822   1.211   .083  1.657
  13.140   .353   .5563  3.7910  4.0751   1.212   .084  1.671
  13.099   .349   .5716  3.7930  4.0682   1.213   .084  1.685
  13.060   .344   .5866  3.7949  4.0614   1.214   .084  1.699
  13.005   .338   .6071  3.7977  4.0522   1.215   .085  1.718
  12.919   .330   .6400  3.8017  4.0350   1.216   .085  1.753
  12.910   .332   .6437  3.8008  4.0287   1.217   .085  1.767
  12.902   .334   .6475  3.7999  4.0224   1.218   .086  1.780
  12.893   .336   .6513  3.7990  4.0161   1.219   .086  1.794
  12.885   .337   .6551  3.7981  4.0098   1.220   .086  1.808
  12.879   .338   .6575  3.7976  4.0057   1.221   .087  1.817
  12.873   .339   .6599  3.7971  4.0018   1.222   .087  1.826
  12.868   .340   .6623  3.7966  3.9978   1.223   .087  1.835
  12.862   .341   .6647  3.7962  3.9939   1.224   .088  1.844
  12.857   .342   .6670  3.7957  3.9899   1.225   .088  1.853
  12.851   .343   .6694  3.7953  3.9860   1.226   .088  1.862
  12.846   .344   .6717  3.7948  3.9821   1.227   .089  1.872
  12.840   .345   .6741  3.7943  3.9783   1.228   .089  1.881
  12.835   .346   .6764  3.7939  3.9744   1.229   .090  1.890
  12.830   .347   .6787  3.7934  3.9705   1.230   .090  1.899
  12.824   .348   .6810  3.7930  3.9667   1.231   .090  1.908
  12.819   .349   .6833  3.7925  3.9628   1.232   .091  1.918
  12.814   .350   .6856  3.7921  3.9590   1.233   .091  1.927
  12.809   .351   .6879  3.7916  3.9552   1.234   .091  1.936
  12.803   .352   .6902  3.7912  3.9514   1.235   .092  1.945
  12.798   .353   .6924  3.7907  3.9476   1.236   .092  1.955
  12.793   .354   .6947  3.7903  3.9438   1.237   .092  1.964
  12.788   .355   .6969  3.7898  3.9401   1.238   .093  1.973
  12.783   .356   .6991  3.7894  3.9363   1.239   .093  1.983
  12.778   .357   .7013  3.7889  3.9326   1.240   .093  1.992
  12.773   .358   .7035  3.7885  3.9288   1.241   .094  2.001
  12.768   .359   .7057  3.7880  3.9251   1.242   .094  2.011
  12.763   .360   .7079  3.7876  3.9214   1.243   .094  2.020
  12.758   .361   .7100  3.7871  3.9177   1.244   .095  2.030
  12.754   .366   .7129  3.7845  3.9049   1.245   .095  2.060
  12.751   .373   .7159  3.7815  3.8911   1.246   .096  2.095
  12.747   .379   .7190  3.7786  3.8771   1.247   .096  2.129
  12.749   .385   .7194  3.7762  3.8674   1.248   .096  2.154
  12.755   .389   .7183  3.7741  3.8601   1.249   .097  2.173
  12.761   .394   .7174  3.7720  3.8529   1.250   .097  2.192
  12.767   .399   .7166  3.7699  3.8457   1.251   .097  2.211
  12.772   .403   .7159  3.7679  3.8385   1.252   .098  2.230
  12.776   .407   .7154  3.7659  3.8314   1.253   .098  2.250
  12.781   .412   .7150  3.7640  3.8244   1.254   .098  2.269
  12.785   .416   .7147  3.7621  3.8173   1.255   .099  2.288
  12.789   .420   .7146  3.7603  3.8104   1.256   .099  2.308
  12.792   .424   .7145  3.7585  3.8034   1.257   .099  2.327
  12.803   .430   .7124  3.7558  3.7951   1.258   .100  2.350
  12.823   .437   .7078  3.7522  3.7853   1.259   .100  2.378
  12.843   .445   .7031  3.7485  3.7757   1.260   .100  2.406
  12.863   .453   .6984  3.7448  3.7661   1.261   .101  2.433
  12.885   .462   .6936  3.7412  3.7566   1.262   .101  2.461
  12.895   .468   .6924  3.7385  3.7472   1.263   .101  2.489
  12.904   .474   .6916  3.7359  3.7381   1.264   .102  2.516
  12.914   .480   .6907  3.7333  3.7291   1.265   .102  2.543
  12.924   .486   .6895  3.7307  3.7203   1.266   .102  2.570
  12.935   .492   .6882  3.7281  3.7116   1.267   .103  2.597
  12.943   .500   .6888  3.7250  3.6993   1.268   .103  2.635
  12.951   .508   .6903  3.7216  3.6847   1.269   .103  2.681
  12.961   .517   .6911  3.7182  3.6706   1.270   .104  2.726
  12.973   .525   .6913  3.7146  3.6568   1.271   .104  2.770
  12.987   .534   .6908  3.7110  3.6435   1.272   .104  2.814
  12.974   .541   .7006  3.7082  3.6226   1.273   .105  2.884
  12.951   .547   .7139  3.7057  3.5991   1.274   .105  2.964
  12.929   .554   .7268  3.7031  3.5760   1.275   .106  3.045
  12.909   .561   .7393  3.7005  3.5533   1.276   .106  3.127
  12.866   .566   .7597  3.6985  3.5251   1.277   .106  3.231
  12.823   .572   .7807  3.6965  3.4965   1.278   .107  3.341
  12.780   .577   .8015  3.6945  3.4681   1.279   .107  3.453
  12.738   .583   .8220  3.6925  3.4399   1.280   .107  3.569
  12.690   .589   .8449  3.6905  3.4094   1.281   .108  3.698
  12.607   .594   .8812  3.6888  3.3664   1.282   .108  3.887
  12.523   .600   .9178  3.6872  3.3230   1.283   .108  4.088
  12.463   .603   .9440  3.6862  3.2932   1.284   .109  4.232
  12.403   .607   .9697  3.6852  3.2642   1.285   .109  4.378
  12.344   .610   .9952  3.6842  3.2353   1.286   .109  4.527
  12.286   .613  1.0205  3.6832  3.2066   1.287   .110  4.681
  12.227   .617  1.0459  3.6823  3.1781   1.288   .110  4.839
  12.168   .620  1.0710  3.6815  3.1502   1.289   .110  4.999
  12.111   .622  1.0954  3.6808  3.1232   1.290   .111  5.159
  12.047   .626  1.1226  3.6799  3.0928   1.291   .111  5.345
  11.944   .632  1.1673  3.6782  3.0419   1.292   .111  5.670
  11.842   .638  1.2114  3.6766  2.9917   1.293   .112  6.009
  11.723   .646  1.2641  3.6744  2.9309   1.294   .112  6.448
  11.578   .656  1.3285  3.6714  2.8551   1.295   .112  7.038
  11.430   .667  1.3948  3.6683  2.7769   1.296   .113  7.704
  11.248   .681  1.4771  3.6644  2.6782   1.297   .113  8.635
  11.049   .698  1.5684  3.6597  2.5681   1.298   .113  9.805
  10.815   .721  1.6784  3.6536  2.4345   1.299   .114 11.440
  10.571   .746  1.7949  3.6470  2.2914   1.300   .114 13.494
  10.404   .776  1.8857  3.6391  2.1702   1.301   .114 15.519
  10.181   .813  2.0051  3.6299  2.0136   1.302   .115 18.595
   9.985   .849  2.1146  3.6209  1.8678   1.303   .115 22.000
   9.790   .875  2.2126  3.6153  1.7479   1.304   .115 25.268
   9.520   .918  2.3576  3.6062  1.5662   1.305   .116 31.159
   9.152  1.001  2.5806  3.5910  1.2837   1.306   .116 43.152
   9.338  1.304  3.0984  3.5402   .5634   1.307   .116 98.922
