  18.392   .878 -1.1459  3.6005  4.7091    .600  -.222   .567
  18.378   .875 -1.1426  3.6010  4.7086    .601  -.221   .568
  18.364   .873 -1.1393  3.6015  4.7080    .602  -.220   .568
  18.349   .871 -1.1359  3.6020  4.7075    .603  -.220   .569
  18.336   .869 -1.1326  3.6025  4.7070    .604  -.219   .570
  18.322   .866 -1.1293  3.6030  4.7064    .605  -.218   .571
  18.308   .864 -1.1260  3.6035  4.7059    .606  -.218   .572
  18.294   .862 -1.1227  3.6040  4.7054    .607  -.217   .572
  18.281   .860 -1.1194  3.6045  4.7048    .608  -.216   .573
  18.268   .858 -1.1161  3.6050  4.7043    .609  -.215   .574
  18.254   .855 -1.1128  3.6055  4.7038    .610  -.215   .575
  18.241   .853 -1.1095  3.6060  4.7032    .611  -.214   .576
  18.228   .851 -1.1062  3.6065  4.7027    .612  -.213   .577
  18.215   .849 -1.1029  3.6070  4.7022    .613  -.213   .577
  18.203   .846 -1.0997  3.6075  4.7017    .614  -.212   .578
  18.190   .844 -1.0964  3.6080  4.7011    .615  -.211   .579
  18.177   .842 -1.0932  3.6085  4.7006    .616  -.210   .580
  18.165   .840 -1.0899  3.6090  4.7001    .617  -.210   .581
  18.152   .837 -1.0867  3.6095  4.6996    .618  -.209   .582
  18.140   .835 -1.0834  3.6100  4.6990    .619  -.208   .582
  18.128   .833 -1.0802  3.6105  4.6985    .620  -.208   .583
  18.115   .831 -1.0769  3.6110  4.6980    .621  -.207   .584
  18.103   .829 -1.0737  3.6115  4.6975    .622  -.206   .585
  18.091   .827 -1.0705  3.6120  4.6970    .623  -.206   .586
  18.079   .824 -1.0673  3.6125  4.6964    .624  -.205   .586
  18.067   .822 -1.0641  3.6130  4.6959    .625  -.204   .587
  18.055   .820 -1.0609  3.6135  4.6954    .626  -.203   .588
  18.044   .818 -1.0577  3.6140  4.6949    .627  -.203   .589
  18.032   .816 -1.0545  3.6145  4.6944    .628  -.202   .590
  18.020   .813 -1.0513  3.6150  4.6939    .629  -.201   .591
  18.008   .811 -1.0481  3.6155  4.6934    .630  -.201   .591
  17.997   .809 -1.0449  3.6160  4.6928    .631  -.200   .592
  17.985   .807 -1.0417  3.6164  4.6923    .632  -.199   .593
  17.974   .805 -1.0386  3.6169  4.6918    .633  -.199   .594
  17.962   .803 -1.0354  3.6174  4.6913    .634  -.198   .595
  17.951   .801 -1.0322  3.6179  4.6908    .635  -.197   .595
  17.939   .799 -1.0291  3.6184  4.6903    .636  -.197   .596
  17.928   .796 -1.0259  3.6189  4.6898    .637  -.196   .597
  17.917   .794 -1.0228  3.6193  4.6893    .638  -.195   .598
  17.905   .792 -1.0196  3.6198  4.6888    .639  -.194   .599
  17.894   .790 -1.0165  3.6203  4.6883    .640  -.194   .600
  17.883   .788 -1.0134  3.6208  4.6878    .641  -.193   .600
  17.871   .786 -1.0102  3.6213  4.6873    .642  -.192   .601
  17.860   .784 -1.0071  3.6218  4.6867    .643  -.192   .602
  17.849   .782 -1.0040  3.6222  4.6862    .644  -.191   .603
  17.837   .780 -1.0009  3.6227  4.6857    .645  -.190   .604
  17.826   .778  -.9978  3.6232  4.6852    .646  -.190   .604
  17.815   .776  -.9947  3.6237  4.6847    .647  -.189   .605
  17.804   .774  -.9916  3.6241  4.6842    .648  -.188   .606
  17.792   .772  -.9885  3.6246  4.6837    .649  -.188   .607
  17.781   .770  -.9854  3.6251  4.6832    .650  -.187   .608
  17.770   .768  -.9823  3.6256  4.6827    .651  -.186   .609
  17.759   .766  -.9792  3.6260  4.6823    .652  -.186   .609
  17.747   .764  -.9761  3.6265  4.6818    .653  -.185   .610
  17.736   .762  -.9731  3.6270  4.6813    .654  -.184   .611
  17.725   .760  -.9700  3.6274  4.6808    .655  -.184   .612
  17.713   .758  -.9669  3.6279  4.6803    .656  -.183   .613
  17.702   .756  -.9639  3.6284  4.6798    .657  -.182   .613
  17.691   .754  -.9608  3.6289  4.6793    .658  -.182   .614
  17.679   .752  -.9578  3.6293  4.6788    .659  -.181   .615
  17.668   .750  -.9547  3.6298  4.6783    .660  -.180   .616
  17.657   .748  -.9517  3.6303  4.6778    .661  -.180   .617
  17.645   .746  -.9487  3.6307  4.6773    .662  -.179   .617
  17.634   .744  -.9456  3.6312  4.6768    .663  -.178   .618
  17.623   .743  -.9426  3.6316  4.6763    .664  -.178   .619
  17.612   .741  -.9396  3.6321  4.6759    .665  -.177   .620
  17.600   .739  -.9366  3.6326  4.6754    .666  -.177   .621
  17.589   .737  -.9336  3.6330  4.6749    .667  -.176   .622
  17.578   .735  -.9306  3.6335  4.6744    .668  -.175   .622
  17.567   .733  -.9275  3.6340  4.6739    .669  -.175   .623
  17.556   .732  -.9245  3.6344  4.6734    .670  -.174   .624
  17.545   .730  -.9216  3.6349  4.6729    .671  -.173   .625
  17.534   .728  -.9186  3.6353  4.6725    .672  -.173   .626
  17.523   .726  -.9156  3.6358  4.6720    .673  -.172   .626
  17.512   .725  -.9126  3.6363  4.6715    .674  -.171   .627
  17.501   .723  -.9096  3.6367  4.6710    .675  -.171   .628
  17.490   .721  -.9066  3.6372  4.6705    .676  -.170   .629
  17.479   .719  -.9037  3.6376  4.6701    .677  -.169   .630
  17.467   .717  -.9005  3.6381  4.6695    .678  -.169   .631
  17.455   .716  -.8973  3.6386  4.6689    .679  -.168   .631
  17.444   .714  -.8941  3.6391  4.6683    .680  -.167   .632
  17.432   .712  -.8909  3.6396  4.6677    .681  -.167   .633
  17.420   .710  -.8877  3.6401  4.6672    .682  -.166   .634
  17.408   .708  -.8845  3.6405  4.6666    .683  -.166   .635
  17.397   .707  -.8813  3.6410  4.6660    .684  -.165   .636
  17.385   .705  -.8781  3.6415  4.6654    .685  -.164   .637
  17.373   .703  -.8749  3.6420  4.6648    .686  -.164   .638
  17.362   .701  -.8718  3.6425  4.6642    .687  -.163   .639
  17.350   .699  -.8686  3.6430  4.6637    .688  -.162   .639
  17.338   .698  -.8654  3.6435  4.6631    .689  -.162   .640
  17.327   .696  -.8622  3.6439  4.6625    .690  -.161   .641
  17.315   .694  -.8591  3.6444  4.6619    .691  -.161   .642
  17.304   .693  -.8559  3.6449  4.6613    .692  -.160   .643
  17.292   .691  -.8527  3.6454  4.6607    .693  -.159   .644
  17.281   .689  -.8496  3.6459  4.6602    .694  -.159   .645
  17.269   .687  -.8464  3.6463  4.6596    .695  -.158   .646
  17.258   .686  -.8432  3.6468  4.6590    .696  -.157   .647
  17.246   .684  -.8401  3.6473  4.6584    .697  -.157   .648
  17.235   .682  -.8369  3.6478  4.6578    .698  -.156   .648
  17.223   .681  -.8338  3.6483  4.6572    .699  -.156   .649
  17.212   .679  -.8307  3.6487  4.6566    .700  -.155   .650
  17.200   .677  -.8275  3.6493  4.6561    .701  -.154   .651
  17.188   .676  -.8243  3.6498  4.6555    .702  -.154   .652
  17.177   .674  -.8211  3.6503  4.6550    .703  -.153   .653
  17.165   .672  -.8179  3.6508  4.6545    .704  -.152   .654
  17.154   .671  -.8148  3.6513  4.6539    .705  -.152   .655
  17.142   .669  -.8116  3.6518  4.6534    .706  -.151   .655
  17.130   .667  -.8084  3.6523  4.6528    .707  -.151   .656
  17.119   .666  -.8053  3.6528  4.6523    .708  -.150   .657
  17.107   .664  -.8021  3.6533  4.6518    .709  -.149   .658
  17.096   .663  -.7990  3.6538  4.6512    .710  -.149   .659
  17.084   .661  -.7958  3.6543  4.6507    .711  -.148   .660
  17.073   .660  -.7927  3.6548  4.6502    .712  -.148   .661
  17.061   .658  -.7895  3.6553  4.6496    .713  -.147   .662
  17.050   .656  -.7864  3.6558  4.6491    .714  -.146   .662
  17.038   .655  -.7832  3.6563  4.6485    .715  -.146   .663
  17.027   .653  -.7801  3.6568  4.6480    .716  -.145   .664
  17.016   .652  -.7770  3.6573  4.6475    .717  -.144   .665
  17.004   .651  -.7738  3.6578  4.6469    .718  -.144   .666
  16.993   .649  -.7707  3.6583  4.6464    .719  -.143   .667
  16.982   .648  -.7676  3.6588  4.6459    .720  -.143   .668
  16.970   .646  -.7645  3.6593  4.6453    .721  -.142   .669
  16.959   .645  -.7614  3.6598  4.6448    .722  -.141   .669
  16.948   .643  -.7583  3.6603  4.6443    .723  -.141   .670
  16.937   .642  -.7552  3.6608  4.6437    .724  -.140   .671
  16.925   .641  -.7521  3.6613  4.6432    .725  -.140   .672
  16.914   .639  -.7490  3.6618  4.6427    .726  -.139   .673
  16.903   .638  -.7459  3.6623  4.6421    .727  -.138   .674
  16.892   .636  -.7428  3.6628  4.6416    .728  -.138   .675
  16.881   .635  -.7397  3.6633  4.6411    .729  -.137   .676
  16.870   .634  -.7366  3.6638  4.6406    .730  -.137   .676
  16.859   .632  -.7335  3.6643  4.6400    .731  -.136   .677
  16.848   .631  -.7304  3.6648  4.6395    .732  -.135   .678
  16.837   .630  -.7273  3.6653  4.6390    .733  -.135   .679
  16.826   .628  -.7243  3.6658  4.6384    .734  -.134   .680
  16.815   .627  -.7212  3.6662  4.6379    .735  -.134   .681
  16.804   .626  -.7181  3.6667  4.6374    .736  -.133   .682
  16.793   .624  -.7151  3.6672  4.6369    .737  -.133   .683
  16.782   .623  -.7120  3.6677  4.6363    .738  -.132   .683
  16.771   .622  -.7090  3.6682  4.6358    .739  -.131   .684
  16.760   .621  -.7059  3.6687  4.6353    .740  -.131   .685
  16.749   .619  -.7028  3.6692  4.6347    .741  -.130   .686
  16.738   .618  -.6998  3.6697  4.6342    .742  -.130   .687
  16.727   .617  -.6967  3.6702  4.6337    .743  -.129   .688
  16.717   .616  -.6937  3.6707  4.6332    .744  -.128   .689
  16.706   .614  -.6907  3.6711  4.6326    .745  -.128   .690
  16.695   .613  -.6876  3.6716  4.6321    .746  -.127   .691
  16.684   .612  -.6846  3.6721  4.6316    .747  -.127   .691
  16.674   .611  -.6816  3.6726  4.6311    .748  -.126   .692
  16.663   .609  -.6785  3.6731  4.6305    .749  -.126   .693
  16.652   .608  -.6755  3.6736  4.6300    .750  -.125   .694
  16.642   .607  -.6725  3.6741  4.6295    .751  -.124   .695
  16.631   .606  -.6695  3.6745  4.6290    .752  -.124   .696
  16.620   .605  -.6664  3.6750  4.6285    .753  -.123   .697
  16.610   .603  -.6634  3.6755  4.6279    .754  -.123   .698
  16.599   .602  -.6604  3.6760  4.6274    .755  -.122   .698
  16.589   .601  -.6574  3.6765  4.6269    .756  -.121   .699
  16.578   .600  -.6544  3.6770  4.6264    .757  -.121   .700
  16.568   .599  -.6514  3.6774  4.6258    .758  -.120   .701
  16.557   .598  -.6484  3.6779  4.6253    .759  -.120   .702
  16.547   .596  -.6454  3.6784  4.6248    .760  -.119   .703
  16.536   .595  -.6424  3.6789  4.6243    .761  -.119   .704
  16.526   .594  -.6394  3.6794  4.6238    .762  -.118   .705
  16.515   .593  -.6364  3.6799  4.6232    .763  -.117   .706
  16.505   .592  -.6334  3.6803  4.6227    .764  -.117   .706
  16.495   .591  -.6304  3.6808  4.6222    .765  -.116   .707
  16.484   .589  -.6275  3.6813  4.6217    .766  -.116   .708
  16.474   .588  -.6245  3.6818  4.6212    .767  -.115   .709
  16.464   .587  -.6215  3.6823  4.6206    .768  -.115   .710
  16.453   .586  -.6185  3.6827  4.6201    .769  -.114   .711
  16.443   .585  -.6156  3.6832  4.6196    .770  -.114   .712
  16.433   .584  -.6126  3.6837  4.6191    .771  -.113   .713
  16.423   .583  -.6096  3.6842  4.6186    .772  -.112   .713
  16.412   .581  -.6067  3.6846  4.6180    .773  -.112   .714
  16.402   .580  -.6037  3.6851  4.6175    .774  -.111   .715
  16.392   .579  -.6007  3.6856  4.6170    .775  -.111   .716
  16.382   .578  -.5978  3.6861  4.6165    .776  -.110   .717
  16.372   .577  -.5948  3.6866  4.6160    .777  -.110   .718
  16.362   .576  -.5919  3.6870  4.6155    .778  -.109   .719
  16.351   .575  -.5889  3.6875  4.6149    .779  -.108   .720
  16.341   .574  -.5860  3.6880  4.6144    .780  -.108   .721
  16.331   .573  -.5830  3.6885  4.6139    .781  -.107   .721
  16.321   .572  -.5801  3.6889  4.6134    .782  -.107   .722
  16.311   .570  -.5771  3.6894  4.6129    .783  -.106   .723
  16.301   .569  -.5742  3.6899  4.6123    .784  -.106   .724
  16.291   .568  -.5713  3.6904  4.6118    .785  -.105   .725
  16.281   .567  -.5683  3.6908  4.6113    .786  -.105   .726
  16.271   .566  -.5654  3.6913  4.6108    .787  -.104   .727
  16.261   .565  -.5625  3.6918  4.6103    .788  -.103   .728
  16.251   .564  -.5595  3.6922  4.6098    .789  -.103   .729
  16.242   .563  -.5566  3.6927  4.6092    .790  -.102   .730
  16.232   .562  -.5537  3.6932  4.6087    .791  -.102   .730
  16.222   .561  -.5508  3.6937  4.6082    .792  -.101   .731
  16.212   .560  -.5478  3.6941  4.6077    .793  -.101   .732
  16.202   .559  -.5449  3.6946  4.6072    .794  -.100   .733
  16.192   .558  -.5420  3.6951  4.6067    .795  -.100   .734
  16.183   .557  -.5391  3.6955  4.6061    .796  -.099   .735
  16.173   .556  -.5362  3.6960  4.6056    .797  -.099   .736
  16.163   .555  -.5333  3.6965  4.6051    .798  -.098   .737
  16.153   .554  -.5303  3.6970  4.6046    .799  -.097   .738
  16.144   .553  -.5274  3.6974  4.6041    .800  -.097   .739
  16.134   .552  -.5246  3.6979  4.6035    .801  -.096   .740
  16.125   .551  -.5217  3.6983  4.6028    .802  -.096   .740
  16.116   .550  -.5188  3.6987  4.6022    .803  -.095   .741
  16.106   .549  -.5159  3.6991  4.6016    .804  -.095   .742
  16.097   .548  -.5131  3.6996  4.6010    .805  -.094   .743
  16.088   .547  -.5102  3.7000  4.6004    .806  -.094   .744
  16.078   .546  -.5074  3.7004  4.5998    .807  -.093   .745
  16.069   .545  -.5045  3.7009  4.5991    .808  -.093   .746
  16.060   .544  -.5016  3.7013  4.5985    .809  -.092   .747
  16.051   .543  -.4988  3.7017  4.5979    .810  -.092   .748
  16.042   .543  -.4959  3.7021  4.5973    .811  -.091   .749
  16.032   .542  -.4931  3.7026  4.5967    .812  -.090   .750
  16.023   .541  -.4902  3.7030  4.5961    .813  -.090   .751
  16.014   .540  -.4874  3.7034  4.5954    .814  -.089   .752
  16.005   .539  -.4846  3.7038  4.5948    .815  -.089   .753
  15.996   .538  -.4817  3.7042  4.5942    .816  -.088   .754
  15.987   .537  -.4789  3.7047  4.5936    .817  -.088   .755
  15.978   .536  -.4761  3.7051  4.5930    .818  -.087   .756
  15.969   .536  -.4732  3.7055  4.5924    .819  -.087   .757
  15.960   .535  -.4704  3.7059  4.5917    .820  -.086   .758
  15.951   .534  -.4676  3.7063  4.5911    .821  -.086   .759
  15.942   .533  -.4647  3.7068  4.5905    .822  -.085   .760
  15.933   .532  -.4619  3.7072  4.5899    .823  -.085   .761
  15.924   .531  -.4591  3.7076  4.5893    .824  -.084   .762
  15.915   .530  -.4563  3.7080  4.5886    .825  -.084   .763
  15.906   .529  -.4535  3.7084  4.5880    .826  -.083   .764
  15.897   .529  -.4507  3.7088  4.5874    .827  -.082   .765
  15.888   .528  -.4479  3.7093  4.5868    .828  -.082   .766
  15.879   .527  -.4451  3.7097  4.5862    .829  -.081   .767
  15.871   .526  -.4423  3.7101  4.5855    .830  -.081   .768
  15.862   .525  -.4395  3.7105  4.5849    .831  -.080   .769
  15.853   .524  -.4367  3.7109  4.5843    .832  -.080   .770
  15.844   .524  -.4339  3.7113  4.5837    .833  -.079   .772
  15.835   .523  -.4311  3.7117  4.5831    .834  -.079   .773
  15.827   .522  -.4283  3.7121  4.5824    .835  -.078   .774
  15.818   .521  -.4255  3.7126  4.5818    .836  -.078   .775
  15.809   .520  -.4227  3.7130  4.5812    .837  -.077   .776
  15.801   .519  -.4199  3.7134  4.5806    .838  -.077   .777
  15.792   .519  -.4171  3.7138  4.5800    .839  -.076   .778
  15.783   .518  -.4143  3.7142  4.5793    .840  -.076   .779
  15.775   .517  -.4116  3.7146  4.5787    .841  -.075   .780
  15.766   .516  -.4088  3.7150  4.5781    .842  -.075   .781
  15.758   .515  -.4060  3.7154  4.5775    .843  -.074   .782
  15.749   .514  -.4032  3.7158  4.5768    .844  -.074   .783
  15.741   .514  -.4005  3.7162  4.5762    .845  -.073   .784
  15.732   .513  -.3977  3.7166  4.5756    .846  -.073   .785
  15.724   .512  -.3949  3.7170  4.5750    .847  -.072   .786
  15.715   .511  -.3922  3.7174  4.5743    .848  -.072   .787
  15.707   .510  -.3894  3.7179  4.5737    .849  -.071   .788
  15.698   .510  -.3867  3.7183  4.5731    .850  -.071   .789
  15.690   .509  -.3839  3.7187  4.5725    .851  -.070   .790
  15.681   .508  -.3812  3.7191  4.5718    .852  -.070   .791
  15.673   .507  -.3784  3.7195  4.5712    .853  -.069   .792
  15.665   .506  -.3757  3.7199  4.5706    .854  -.069   .793
  15.656   .506  -.3729  3.7203  4.5700    .855  -.068   .794
  15.648   .505  -.3702  3.7207  4.5693    .856  -.068   .795
  15.640   .504  -.3674  3.7211  4.5687    .857  -.067   .796
  15.631   .503  -.3647  3.7215  4.5681    .858  -.067   .797
  15.623   .502  -.3619  3.7219  4.5675    .859  -.066   .798
  15.615   .502  -.3592  3.7223  4.5668    .860  -.066   .799
  15.607   .501  -.3565  3.7227  4.5662    .861  -.065   .800
  15.599   .500  -.3537  3.7231  4.5656    .862  -.064   .801
  15.590   .499  -.3510  3.7235  4.5649    .863  -.064   .802
  15.582   .498  -.3483  3.7239  4.5643    .864  -.063   .803
  15.574   .498  -.3455  3.7243  4.5637    .865  -.063   .805
  15.566   .497  -.3428  3.7247  4.5631    .866  -.062   .806
  15.558   .496  -.3401  3.7250  4.5624    .867  -.062   .807
  15.550   .495  -.3374  3.7254  4.5618    .868  -.061   .808
  15.542   .495  -.3347  3.7258  4.5612    .869  -.061   .809
  15.534   .494  -.3319  3.7262  4.5605    .870  -.060   .810
  15.526   .493  -.3292  3.7266  4.5599    .871  -.060   .811
  15.518   .492  -.3265  3.7270  4.5593    .872  -.059   .812
  15.510   .491  -.3238  3.7274  4.5586    .873  -.059   .813
  15.501   .491  -.3209  3.7278  4.5579    .874  -.058   .814
  15.493   .490  -.3180  3.7282  4.5572    .875  -.058   .815
  15.484   .489  -.3151  3.7286  4.5564    .876  -.057   .816
  15.476   .488  -.3122  3.7291  4.5557    .877  -.057   .818
  15.468   .487  -.3093  3.7295  4.5549    .878  -.057   .819
  15.459   .487  -.3064  3.7299  4.5541    .879  -.056   .820
  15.451   .486  -.3035  3.7303  4.5534    .880  -.056   .821
  15.442   .485  -.3006  3.7307  4.5526    .881  -.055   .822
  15.434   .484  -.2977  3.7311  4.5519    .882  -.055   .824
  15.425   .483  -.2948  3.7315  4.5511    .883  -.054   .825
  15.417   .483  -.2919  3.7319  4.5503    .884  -.054   .826
  15.409   .482  -.2890  3.7323  4.5496    .885  -.053   .827
  15.400   .481  -.2861  3.7327  4.5488    .886  -.053   .828
  15.392   .480  -.2832  3.7331  4.5480    .887  -.052   .829
  15.384   .479  -.2803  3.7336  4.5472    .888  -.052   .831
  15.375   .479  -.2774  3.7340  4.5465    .889  -.051   .832
  15.367   .478  -.2745  3.7344  4.5457    .890  -.051   .833
  15.358   .477  -.2716  3.7348  4.5449    .891  -.050   .834
  15.350   .476  -.2687  3.7352  4.5441    .892  -.050   .836
  15.342   .475  -.2658  3.7356  4.5433    .893  -.049   .837
  15.334   .475  -.2629  3.7360  4.5426    .894  -.049   .838
  15.325   .474  -.2600  3.7364  4.5418    .895  -.048   .839
  15.317   .473  -.2571  3.7368  4.5410    .896  -.048   .840
  15.309   .472  -.2542  3.7372  4.5402    .897  -.047   .842
  15.300   .471  -.2513  3.7376  4.5394    .898  -.047   .843
  15.292   .471  -.2484  3.7380  4.5386    .899  -.046   .844
  15.284   .470  -.2455  3.7384  4.5378    .900  -.046   .845
  15.276   .469  -.2427  3.7388  4.5369    .901  -.045   .847
  15.268   .469  -.2399  3.7391  4.5359    .902  -.045   .848
  15.260   .468  -.2371  3.7395  4.5350    .903  -.044   .850
  15.252   .467  -.2343  3.7398  4.5340    .904  -.044   .851
  15.244   .467  -.2316  3.7401  4.5331    .905  -.043   .852
  15.236   .466  -.2288  3.7405  4.5321    .906  -.043   .854
  15.229   .465  -.2260  3.7408  4.5312    .907  -.042   .855
  15.221   .465  -.2232  3.7411  4.5302    .908  -.042   .857
  15.213   .464  -.2204  3.7415  4.5293    .909  -.041   .858
  15.205   .463  -.2176  3.7418  4.5283    .910  -.041   .859
  15.197   .463  -.2148  3.7421  4.5274    .911  -.040   .861
  15.190   .462  -.2121  3.7425  4.5264    .912  -.040   .862
  15.182   .461  -.2093  3.7428  4.5255    .913  -.040   .864
  15.174   .461  -.2065  3.7431  4.5245    .914  -.039   .865
  15.166   .460  -.2037  3.7435  4.5235    .915  -.039   .867
  15.159   .460  -.2010  3.7438  4.5226    .916  -.038   .868
  15.151   .459  -.1982  3.7441  4.5216    .917  -.038   .869
  15.143   .458  -.1954  3.7445  4.5207    .918  -.037   .871
  15.135   .458  -.1927  3.7448  4.5197    .919  -.037   .872
  15.128   .457  -.1899  3.7451  4.5188    .920  -.036   .874
  15.120   .456  -.1871  3.7455  4.5178    .921  -.036   .875
  15.112   .456  -.1844  3.7458  4.5168    .922  -.035   .877
  15.105   .455  -.1816  3.7461  4.5159    .923  -.035   .878
  15.097   .454  -.1788  3.7465  4.5149    .924  -.034   .880
  15.089   .454  -.1761  3.7468  4.5140    .925  -.034   .881
  15.081   .453  -.1733  3.7471  4.5130    .926  -.033   .882
  15.074   .452  -.1706  3.7474  4.5120    .927  -.033   .884
  15.066   .452  -.1678  3.7478  4.5111    .928  -.032   .885
  15.059   .451  -.1651  3.7481  4.5101    .929  -.032   .887
  15.051   .451  -.1623  3.7484  4.5091    .930  -.032   .888
  15.043   .450  -.1596  3.7487  4.5082    .931  -.031   .890
  15.036   .449  -.1568  3.7491  4.5072    .932  -.031   .891
  15.028   .449  -.1541  3.7494  4.5062    .933  -.030   .893
  15.021   .448  -.1513  3.7497  4.5053    .934  -.030   .894
  15.013   .447  -.1486  3.7500  4.5043    .935  -.029   .896
  15.005   .447  -.1458  3.7504  4.5033    .936  -.029   .897
  14.998   .446  -.1431  3.7507  4.5024    .937  -.028   .899
  14.990   .446  -.1404  3.7510  4.5014    .938  -.028   .900
  14.983   .445  -.1376  3.7513  4.5004    .939  -.027   .902
  14.975   .444  -.1349  3.7517  4.4994    .940  -.027   .903
  14.968   .444  -.1322  3.7520  4.4985    .941  -.026   .905
  14.960   .443  -.1294  3.7523  4.4975    .942  -.026   .906
  14.953   .442  -.1267  3.7526  4.4965    .943  -.025   .908
  14.945   .442  -.1240  3.7529  4.4955    .944  -.025   .909
  14.938   .441  -.1212  3.7533  4.4946    .945  -.025   .911
  14.930   .441  -.1185  3.7536  4.4936    .946  -.024   .912
  14.923   .440  -.1158  3.7539  4.4926    .947  -.024   .914
  14.915   .439  -.1131  3.7542  4.4916    .948  -.023   .915
  14.908   .439  -.1103  3.7545  4.4906    .949  -.023   .917
  14.900   .438  -.1076  3.7548  4.4897    .950  -.022   .918
  14.893   .437  -.1049  3.7552  4.4887    .951  -.022   .920
  14.885   .437  -.1022  3.7555  4.4877    .952  -.021   .921
  14.878   .436  -.0994  3.7558  4.4867    .953  -.021   .923
  14.870   .436  -.0967  3.7561  4.4857    .954  -.020   .924
  14.863   .435  -.0940  3.7564  4.4847    .955  -.020   .926
  14.855   .434  -.0913  3.7567  4.4838    .956  -.020   .927
  14.848   .434  -.0886  3.7570  4.4828    .957  -.019   .929
  14.841   .433  -.0859  3.7574  4.4818    .958  -.019   .930
  14.833   .433  -.0832  3.7577  4.4808    .959  -.018   .932
  14.826   .432  -.0804  3.7580  4.4798    .960  -.018   .933
  14.818   .431  -.0777  3.7583  4.4788    .961  -.017   .935
  14.811   .431  -.0750  3.7586  4.4778    .962  -.017   .937
  14.804   .430  -.0723  3.7589  4.4768    .963  -.016   .938
  14.796   .429  -.0696  3.7592  4.4758    .964  -.016   .940
  14.789   .429  -.0669  3.7595  4.4748    .965  -.015   .941
  14.782   .428  -.0642  3.7598  4.4738    .966  -.015   .943
  14.774   .428  -.0615  3.7601  4.4728    .967  -.015   .944
  14.767   .427  -.0588  3.7605  4.4718    .968  -.014   .946
  14.759   .426  -.0561  3.7608  4.4708    .969  -.014   .948
  14.752   .426  -.0534  3.7611  4.4698    .970  -.013   .949
  14.745   .425  -.0507  3.7614  4.4688    .971  -.013   .951
  14.737   .424  -.0480  3.7617  4.4678    .972  -.012   .952
  14.730   .424  -.0453  3.7620  4.4668    .973  -.012   .954
  14.723   .423  -.0426  3.7623  4.4658    .974  -.011   .956
  14.716   .423  -.0399  3.7626  4.4648    .975  -.011   .957
  14.708   .422  -.0372  3.7629  4.4638    .976  -.011   .959
  14.701   .421  -.0345  3.7632  4.4628    .977  -.010   .960
  14.694   .421  -.0318  3.7635  4.4618    .978  -.010   .962
  14.686   .420  -.0291  3.7638  4.4607    .979  -.009   .964
  14.679   .420  -.0264  3.7641  4.4597    .980  -.009   .965
  14.672   .419  -.0237  3.7644  4.4587    .981  -.008   .967
  14.665   .418  -.0210  3.7647  4.4577    .982  -.008   .968
  14.657   .418  -.0183  3.7650  4.4567    .983  -.007   .970
  14.650   .417  -.0156  3.7653  4.4556    .984  -.007   .972
  14.643   .416  -.0129  3.7656  4.4546    .985  -.007   .973
  14.636   .416  -.0102  3.7659  4.4536    .986  -.006   .975
  14.628   .415  -.0076  3.7662  4.4526    .987  -.006   .977
  14.621   .415  -.0049  3.7665  4.4515    .988  -.005   .978
  14.614   .414  -.0022  3.7668  4.4505    .989  -.005   .980
  14.607   .413   .0005  3.7671  4.4495    .990  -.004   .982
  14.599   .413   .0032  3.7674  4.4485    .991  -.004   .983
  14.592   .412   .0059  3.7677  4.4474    .992  -.003   .985
  14.585   .412   .0086  3.7680  4.4464    .993  -.003   .987
  14.578   .411   .0113  3.7683  4.4454    .994  -.003   .988
  14.570   .410   .0140  3.7686  4.4443    .995  -.002   .990
  14.563   .410   .0166  3.7689  4.4433    .996  -.002   .992
  14.556   .409   .0193  3.7692  4.4422    .997  -.001   .993
  14.549   .409   .0220  3.7695  4.4412    .998  -.001   .995
  14.542   .408   .0247  3.7698  4.4401    .999   .000   .997
  14.535   .407   .0274  3.7701  4.4391   1.000   .000   .998
  14.528   .407   .0299  3.7703  4.4380   1.001   .000  1.000
  14.521   .406   .0325  3.7706  4.4368   1.002   .001  1.002
  14.514   .406   .0351  3.7708  4.4357   1.003   .001  1.004
  14.507   .405   .0376  3.7711  4.4346   1.004   .002  1.006
  14.501   .405   .0402  3.7713  4.4334   1.005   .002  1.007
  14.494   .404   .0427  3.7715  4.4323   1.006   .003  1.009
  14.487   .404   .0453  3.7718  4.4312   1.007   .003  1.011
  14.480   .403   .0478  3.7720  4.4300   1.008   .003  1.013
  14.473   .403   .0504  3.7723  4.4289   1.009   .004  1.015
  14.467   .402   .0529  3.7725  4.4277   1.010   .004  1.017
  14.460   .402   .0555  3.7728  4.4266   1.011   .005  1.018
  14.453   .401   .0580  3.7730  4.4255   1.012   .005  1.020
  14.447   .401   .0605  3.7733  4.4243   1.013   .006  1.022
  14.440   .400   .0631  3.7735  4.4232   1.014   .006  1.024
  14.433   .400   .0656  3.7737  4.4220   1.015   .006  1.026
  14.426   .399   .0682  3.7740  4.4209   1.016   .007  1.028
  14.420   .399   .0707  3.7742  4.4198   1.017   .007  1.030
  14.413   .398   .0732  3.7745  4.4186   1.018   .008  1.031
  14.406   .398   .0758  3.7747  4.4175   1.019   .008  1.033
  14.400   .397   .0783  3.7750  4.4163   1.020   .009  1.035
  14.393   .397   .0808  3.7752  4.4152   1.021   .009  1.037
  14.386   .396   .0833  3.7754  4.4140   1.022   .009  1.039
  14.380   .396   .0859  3.7757  4.4129   1.023   .010  1.041
  14.373   .395   .0884  3.7759  4.4117   1.024   .010  1.043
  14.366   .395   .0909  3.7762  4.4106   1.025   .011  1.045
  14.360   .394   .0934  3.7764  4.4094   1.026   .011  1.046
  14.353   .394   .0959  3.7766  4.4083   1.027   .012  1.048
  14.346   .393   .0985  3.7769  4.4071   1.028   .012  1.050
  14.339   .392   .1012  3.7771  4.4058   1.029   .012  1.052
  14.332   .392   .1039  3.7774  4.4044   1.030   .013  1.055
  14.325   .391   .1065  3.7776  4.4031   1.031   .013  1.057
  14.318   .391   .1092  3.7779  4.4017   1.032   .014  1.059
  14.311   .390   .1119  3.7781  4.4004   1.033   .014  1.061
  14.304   .390   .1146  3.7783  4.3991   1.034   .015  1.063
  14.297   .389   .1173  3.7786  4.3977   1.035   .015  1.065
  14.290   .389   .1199  3.7788  4.3964   1.036   .015  1.067
  14.283   .388   .1226  3.7791  4.3950   1.037   .016  1.070
  14.276   .388   .1253  3.7793  4.3937   1.038   .016  1.072
  14.269   .387   .1279  3.7795  4.3923   1.039   .017  1.074
  14.262   .387   .1306  3.7798  4.3910   1.040   .017  1.076
  14.255   .386   .1333  3.7800  4.3896   1.041   .017  1.078
  14.248   .386   .1359  3.7802  4.3883   1.042   .018  1.081
  14.241   .385   .1386  3.7805  4.3870   1.043   .018  1.083
  14.234   .385   .1412  3.7807  4.3856   1.044   .019  1.085
  14.227   .384   .1439  3.7809  4.3843   1.045   .019  1.087
  14.220   .384   .1465  3.7812  4.3829   1.046   .020  1.089
  14.213   .383   .1492  3.7814  4.3816   1.047   .020  1.092
  14.206   .383   .1518  3.7817  4.3802   1.048   .020  1.094
  14.200   .382   .1545  3.7819  4.3789   1.049   .021  1.096
  14.193   .382   .1571  3.7821  4.3775   1.050   .021  1.098
  14.186   .381   .1598  3.7823  4.3762   1.051   .022  1.100
  14.179   .381   .1624  3.7826  4.3748   1.052   .022  1.103
  14.172   .380   .1650  3.7828  4.3735   1.053   .022  1.105
  14.165   .380   .1677  3.7830  4.3721   1.054   .023  1.107
  14.158   .379   .1703  3.7833  4.3707   1.055   .023  1.109
  14.151   .379   .1730  3.7835  4.3694   1.056   .024  1.112
  14.144   .378   .1756  3.7837  4.3680   1.057   .024  1.114
  14.138   .378   .1782  3.7840  4.3666   1.058   .024  1.116
  14.131   .377   .1809  3.7842  4.3653   1.059   .025  1.119
  14.124   .377   .1835  3.7844  4.3639   1.060   .025  1.121
  14.117   .376   .1861  3.7846  4.3625   1.061   .026  1.123
  14.110   .376   .1888  3.7849  4.3611   1.062   .026  1.126
  14.103   .375   .1914  3.7851  4.3598   1.063   .027  1.128
  14.096   .375   .1940  3.7853  4.3584   1.064   .027  1.130
  14.089   .374   .1967  3.7855  4.3570   1.065   .027  1.133
  14.083   .374   .1993  3.7858  4.3556   1.066   .028  1.135
  14.076   .373   .2019  3.7860  4.3542   1.067   .028  1.137
  14.069   .373   .2046  3.7862  4.3528   1.068   .029  1.140
  14.062   .372   .2072  3.7864  4.3513   1.069   .029  1.142
  14.055   .372   .2099  3.7866  4.3498   1.070   .029  1.145
  14.048   .372   .2128  3.7868  4.3480   1.071   .030  1.147
  14.040   .371   .2156  3.7870  4.3463   1.072   .030  1.150
  14.033   .371   .2185  3.7871  4.3445   1.073   .031  1.153
  14.026   .371   .2213  3.7873  4.3427   1.074   .031  1.156
  14.019   .370   .2241  3.7874  4.3409   1.075   .031  1.159
  14.011   .370   .2269  3.7876  4.3392   1.076   .032  1.162
  14.004   .370   .2298  3.7877  4.3374   1.077   .032  1.165
  13.997   .369   .2326  3.7879  4.3356   1.078   .033  1.168
  13.990   .369   .2354  3.7880  4.3339   1.079   .033  1.171
  13.982   .369   .2382  3.7882  4.3321   1.080   .033  1.174
  13.975   .368   .2410  3.7883  4.3304   1.081   .034  1.176
  13.968   .368   .2437  3.7884  4.3286   1.082   .034  1.179
  13.961   .368   .2465  3.7886  4.3269   1.083   .035  1.182
  13.954   .367   .2493  3.7887  4.3251   1.084   .035  1.185
  13.947   .367   .2521  3.7889  4.3233   1.085   .035  1.188
  13.940   .367   .2548  3.7890  4.3216   1.086   .036  1.191
  13.933   .366   .2576  3.7891  4.3199   1.087   .036  1.194
  13.926   .366   .2604  3.7893  4.3181   1.088   .037  1.197
  13.919   .366   .2631  3.7894  4.3164   1.089   .037  1.200
  13.912   .366   .2658  3.7895  4.3146   1.090   .037  1.203
  13.905   .365   .2686  3.7897  4.3129   1.091   .038  1.206
  13.898   .365   .2713  3.7898  4.3112   1.092   .038  1.209
  13.891   .365   .2740  3.7899  4.3094   1.093   .039  1.212
  13.884   .364   .2768  3.7901  4.3077   1.094   .039  1.215
  13.877   .364   .2795  3.7902  4.3060   1.095   .039  1.218
  13.870   .364   .2822  3.7903  4.3042   1.096   .040  1.221
  13.863   .364   .2849  3.7904  4.3025   1.097   .040  1.224
  13.856   .363   .2876  3.7906  4.3008   1.098   .041  1.227
  13.849   .363   .2903  3.7907  4.2991   1.099   .041  1.230
  13.842   .363   .2929  3.7908  4.2974   1.100   .041  1.233
  13.836   .363   .2953  3.7909  4.2959   1.101   .042  1.235
  13.830   .362   .2976  3.7910  4.2944   1.102   .042  1.238
  13.825   .362   .2999  3.7911  4.2928   1.103   .043  1.241
  13.819   .362   .3022  3.7912  4.2913   1.104   .043  1.244
  13.813   .362   .3046  3.7913  4.2898   1.105   .043  1.246
  13.807   .362   .3069  3.7914  4.2883   1.106   .044  1.249
  13.801   .361   .3092  3.7914  4.2867   1.107   .044  1.252
  13.795   .361   .3115  3.7915  4.2852   1.108   .045  1.255
  13.789   .361   .3138  3.7916  4.2837   1.109   .045  1.257
  13.783   .361   .3161  3.7917  4.2822   1.110   .045  1.260
  13.777   .361   .3184  3.7918  4.2806   1.111   .046  1.263
  13.772   .361   .3207  3.7919  4.2791   1.112   .046  1.266
  13.766   .360   .3230  3.7920  4.2776   1.113   .046  1.269
  13.760   .360   .3253  3.7920  4.2760   1.114   .047  1.271
  13.754   .360   .3275  3.7921  4.2745   1.115   .047  1.274
  13.748   .360   .3298  3.7922  4.2729   1.116   .048  1.277
  13.743   .360   .3321  3.7922  4.2711   1.117   .048  1.280
  13.737   .360   .3344  3.7923  4.2694   1.118   .048  1.283
  13.731   .360   .3366  3.7923  4.2676   1.119   .049  1.287
  13.725   .359   .3389  3.7923  4.2659   1.120   .049  1.290
  13.720   .359   .3412  3.7924  4.2641   1.121   .050  1.293
  13.714   .359   .3434  3.7924  4.2624   1.122   .050  1.296
  13.708   .359   .3457  3.7924  4.2606   1.123   .050  1.299
  13.703   .359   .3479  3.7925  4.2589   1.124   .051  1.303
  13.697   .359   .3502  3.7925  4.2571   1.125   .051  1.306
  13.691   .359   .3524  3.7925  4.2553   1.126   .052  1.309
  13.686   .359   .3546  3.7925  4.2536   1.127   .052  1.312
  13.680   .359   .3569  3.7926  4.2518   1.128   .052  1.316
  13.675   .359   .3591  3.7926  4.2500   1.129   .053  1.319
  13.669   .359   .3613  3.7926  4.2482   1.130   .053  1.322
  13.663   .359   .3635  3.7926  4.2464   1.131   .053  1.325
  13.658   .359   .3657  3.7926  4.2447   1.132   .054  1.329
  13.652   .359   .3679  3.7926  4.2429   1.133   .054  1.332
  13.647   .359   .3701  3.7926  4.2411   1.134   .055  1.335
  13.641   .359   .3723  3.7927  4.2393   1.135   .055  1.339
  13.636   .359   .3745  3.7927  4.2375   1.136   .055  1.342
  13.630   .359   .3766  3.7927  4.2357   1.137   .056  1.346
  13.625   .359   .3788  3.7927  4.2339   1.138   .056  1.349
  13.620   .359   .3810  3.7927  4.2321   1.139   .057  1.352
  13.614   .359   .3831  3.7927  4.2302   1.140   .057  1.356
  13.609   .359   .3853  3.7927  4.2284   1.141   .057  1.359
  13.603   .359   .3875  3.7926  4.2266   1.142   .058  1.363
  13.598   .359   .3896  3.7926  4.2248   1.143   .058  1.366
  13.593   .359   .3917  3.7926  4.2229   1.144   .058  1.370
  13.587   .359   .3939  3.7926  4.2211   1.145   .059  1.373
  13.582   .359   .3960  3.7926  4.2193   1.146   .059  1.377
  13.577   .359   .3981  3.7926  4.2174   1.147   .060  1.380
  13.571   .359   .4002  3.7926  4.2156   1.148   .060  1.384
  13.566   .359   .4024  3.7925  4.2137   1.149   .060  1.387
  13.561   .359   .4045  3.7925  4.2119   1.150   .061  1.391
  13.556   .359   .4066  3.7925  4.2100   1.151   .061  1.394
  13.550   .359   .4087  3.7925  4.2081   1.152   .061  1.398
  13.545   .359   .4107  3.7924  4.2063   1.153   .062  1.402
  13.540   .359   .4128  3.7924  4.2044   1.154   .062  1.405
  13.535   .359   .4149  3.7923  4.2025   1.155   .063  1.409
  13.530   .359   .4170  3.7923  4.2006   1.156   .063  1.413
  13.524   .359   .4191  3.7923  4.1987   1.157   .063  1.416
  13.519   .359   .4211  3.7922  4.1968   1.158   .064  1.420
  13.514   .359   .4232  3.7922  4.1949   1.159   .064  1.424
  13.509   .360   .4252  3.7921  4.1930   1.160   .064  1.427
  13.504   .360   .4273  3.7921  4.1911   1.161   .065  1.431
  13.499   .360   .4293  3.7920  4.1892   1.162   .065  1.435
  13.494   .360   .4313  3.7920  4.1873   1.163   .066  1.439
  13.489   .360   .4334  3.7919  4.1854   1.164   .066  1.443
  13.484   .360   .4354  3.7918  4.1834   1.165   .066  1.446
  13.479   .360   .4374  3.7918  4.1815   1.166   .067  1.450
  13.474   .360   .4394  3.7917  4.1796   1.167   .067  1.454
  13.469   .360   .4414  3.7916  4.1776   1.168   .067  1.458
  13.464   .361   .4434  3.7916  4.1756   1.169   .068  1.462
  13.459   .361   .4454  3.7915  4.1737   1.170   .068  1.466
  13.454   .361   .4474  3.7914  4.1717   1.171   .069  1.470
  13.449   .361   .4494  3.7913  4.1695   1.172   .069  1.474
  13.444   .361   .4514  3.7911  4.1673   1.173   .069  1.479
  13.439   .362   .4535  3.7910  4.1650   1.174   .070  1.483
  13.434   .362   .4555  3.7908  4.1628   1.175   .070  1.488
  13.430   .362   .4575  3.7907  4.1605   1.176   .070  1.492
  13.425   .363   .4595  3.7905  4.1583   1.177   .071  1.497
  13.420   .363   .4615  3.7904  4.1560   1.178   .071  1.501
  13.415   .363   .4636  3.7902  4.1537   1.179   .072  1.506
  13.410   .364   .4656  3.7901  4.1514   1.180   .072  1.510
  13.405   .364   .4676  3.7899  4.1491   1.181   .072  1.515
  13.400   .364   .4696  3.7897  4.1467   1.182   .073  1.520
  13.395   .365   .4717  3.7896  4.1444   1.183   .073  1.525
  13.390   .365   .4737  3.7894  4.1420   1.184   .073  1.529
  13.385   .365   .4757  3.7892  4.1397   1.185   .074  1.534
  13.380   .366   .4777  3.7890  4.1373   1.186   .074  1.539
  13.376   .366   .4798  3.7889  4.1349   1.187   .074  1.544
  13.371   .367   .4818  3.7887  4.1325   1.188   .075  1.549
  13.366   .367   .4838  3.7885  4.1300   1.189   .075  1.554
  13.361   .367   .4859  3.7883  4.1276   1.190   .076  1.559
  13.356   .368   .4879  3.7881  4.1251   1.191   .076  1.564
  13.351   .368   .4899  3.7879  4.1227   1.192   .076  1.569
  13.346   .369   .4920  3.7877  4.1202   1.193   .077  1.574
  13.341   .369   .4940  3.7875  4.1176   1.194   .077  1.580
  13.335   .370   .4967  3.7873  4.1146   1.195   .077  1.586
  13.329   .370   .4993  3.7870  4.1116   1.196   .078  1.592
  13.322   .370   .5021  3.7868  4.1085   1.197   .078  1.598
  13.315   .371   .5048  3.7866  4.1053   1.198   .078  1.605
  13.307   .371   .5081  3.7865  4.1020   1.199   .079  1.612
  13.290   .370   .5145  3.7872  4.0986   1.200   .079  1.619
  13.277   .368   .5194  3.7877  4.0961   1.201   .080  1.624
  13.264   .367   .5243  3.7883  4.0935   1.202   .080  1.629
  13.252   .366   .5291  3.7888  4.0910   1.203   .080  1.635
  13.239   .365   .5339  3.7893  4.0884   1.204   .081  1.640
  13.227   .364   .5387  3.7898  4.0859   1.205   .081  1.646
  13.193   .360   .5515  3.7915  4.0801   1.206   .081  1.658
  13.155   .356   .5658  3.7933  4.0736   1.207   .082  1.671
  13.118   .352   .5799  3.7952  4.0672   1.208   .082  1.684
  13.081   .349   .5936  3.7970  4.0610   1.209   .082  1.697
  13.022   .342   .6162  3.8001  4.0512   1.210   .083  1.717
  12.941   .334   .6470  3.8039  4.0350   1.211   .083  1.750
  12.932   .336   .6508  3.8029  4.0285   1.212   .084  1.763
  12.923   .338   .6546  3.8020  4.0220   1.213   .084  1.777
  12.915   .340   .6585  3.8010  4.0156   1.214   .084  1.791
  12.907   .341   .6618  3.8003  4.0099   1.215   .085  1.804
  12.901   .342   .6643  3.7997  4.0056   1.216   .085  1.813
  12.895   .343   .6668  3.7992  4.0013   1.217   .085  1.823
  12.889   .345   .6693  3.7987  3.9971   1.218   .086  1.833
  12.884   .346   .6718  3.7982  3.9928   1.219   .086  1.843
  12.878   .347   .6742  3.7977  3.9886   1.220   .086  1.852
  12.872   .348   .6767  3.7972  3.9844   1.221   .087  1.862
  12.867   .349   .6791  3.7966  3.9802   1.222   .087  1.872
  12.861   .350   .6816  3.7961  3.9760   1.223   .087  1.882
  12.855   .351   .6840  3.7956  3.9718   1.224   .088  1.892
  12.850   .352   .6864  3.7951  3.9676   1.225   .088  1.902
  12.844   .353   .6888  3.7946  3.9635   1.226   .088  1.911
  12.839   .354   .6912  3.7941  3.9594   1.227   .089  1.921
  12.833   .355   .6936  3.7936  3.9552   1.228   .089  1.931
  12.828   .356   .6959  3.7931  3.9511   1.229   .090  1.941
  12.823   .357   .6983  3.7926  3.9471   1.230   .090  1.951
  12.817   .358   .7007  3.7921  3.9430   1.231   .090  1.961
  12.812   .359   .7030  3.7916  3.9389   1.232   .091  1.971
  12.807   .360   .7053  3.7911  3.9349   1.233   .091  1.981
  12.801   .361   .7077  3.7906  3.9308   1.234   .091  1.991
  12.796   .362   .7100  3.7901  3.9268   1.235   .092  2.001
  12.791   .363   .7123  3.7896  3.9228   1.236   .092  2.011
  12.786   .364   .7146  3.7891  3.9188   1.237   .092  2.021
  12.781   .365   .7168  3.7886  3.9148   1.238   .093  2.032
  12.775   .366   .7191  3.7881  3.9108   1.239   .093  2.042
  12.770   .368   .7213  3.7876  3.9068   1.240   .093  2.052
  12.768   .373   .7236  3.7850  3.8947   1.241   .094  2.082
  12.765   .379   .7260  3.7821  3.8815   1.242   .094  2.114
  12.763   .386   .7286  3.7792  3.8683   1.243   .094  2.148
  12.760   .392   .7313  3.7764  3.8550   1.244   .095  2.182
  12.768   .397   .7297  3.7740  3.8469   1.245   .095  2.203
  12.776   .403   .7280  3.7715  3.8392   1.246   .096  2.223
  12.784   .408   .7264  3.7692  3.8316   1.247   .096  2.244
  12.791   .413   .7250  3.7669  3.8240   1.248   .096  2.265
  12.798   .418   .7237  3.7646  3.8164   1.249   .097  2.285
  12.805   .423   .7225  3.7624  3.8089   1.250   .097  2.306
  12.812   .427   .7215  3.7603  3.8015   1.251   .097  2.327
  12.818   .432   .7207  3.7581  3.7941   1.252   .098  2.348
  12.824   .436   .7200  3.7561  3.7867   1.253   .098  2.369
  12.836   .442   .7177  3.7533  3.7781   1.254   .098  2.393
  12.857   .451   .7127  3.7493  3.7675   1.255   .099  2.423
  12.879   .460   .7076  3.7453  3.7570   1.256   .099  2.454
  12.902   .468   .7023  3.7413  3.7466   1.257   .099  2.484
  12.926   .477   .6969  3.7373  3.7363   1.258   .100  2.515
  12.939   .485   .6952  3.7342  3.7259   1.259   .100  2.546
  12.944   .491   .6960  3.7317  3.7154   1.260   .100  2.578
  12.950   .497   .6965  3.7292  3.7053   1.261   .101  2.610
  12.957   .503   .6968  3.7266  3.6953   1.262   .101  2.641
  12.965   .509   .6968  3.7241  3.6856   1.263   .101  2.671
  12.963   .516   .7017  3.7211  3.6692   1.264   .102  2.723
  12.961   .524   .7066  3.7180  3.6524   1.265   .102  2.778
  12.962   .531   .7109  3.7148  3.6359   1.266   .102  2.832
  12.965   .539   .7146  3.7116  3.6199   1.267   .103  2.886
  12.969   .547   .7178  3.7083  3.6041   1.268   .103  2.940
  12.932   .553   .7361  3.7061  3.5771   1.269   .103  3.034
  12.896   .558   .7539  3.7039  3.5505   1.270   .104  3.130
  12.862   .564   .7713  3.7017  3.5244   1.271   .104  3.227
  12.829   .570   .7882  3.6994  3.4986   1.272   .104  3.325
  12.778   .575   .8120  3.6975  3.4673   1.273   .105  3.449
  12.724   .581   .8370  3.6955  3.4349   1.274   .105  3.581
  12.671   .586   .8617  3.6936  3.4028   1.275   .106  3.717
  12.619   .592   .8862  3.6917  3.3710   1.276   .106  3.857
  12.566   .598   .9112  3.6897  3.3386   1.277   .106  4.006
  12.471   .604   .9522  3.6879  3.2905   1.278   .107  4.235
  12.376   .610   .9935  3.6861  3.2420   1.279   .107  4.480
  12.303   .614  1.0254  3.6848  3.2053   1.280   .107  4.675
  12.238   .618  1.0535  3.6838  3.1734   1.281   .108  4.852
  12.173   .621  1.0814  3.6827  3.1417   1.282   .108  5.035
  12.109   .625  1.1092  3.6816  3.1100   1.283   .108  5.223
  12.046   .628  1.1362  3.6807  3.0798   1.284   .109  5.411
  11.986   .631  1.1620  3.6799  3.0511   1.285   .109  5.595
  11.927   .634  1.1870  3.6791  3.0233   1.286   .109  5.778
  11.826   .640  1.2313  3.6774  2.9726   1.287   .110  6.128
  11.711   .648  1.2813  3.6754  2.9151   1.288   .110  6.551
  11.585   .656  1.3371  3.6730  2.8503   1.289   .110  7.061
  11.418   .668  1.4121  3.6694  2.7614   1.290   .111  7.825
  11.247   .682  1.4891  3.6657  2.6699   1.291   .111  8.697
  11.035   .699  1.5860  3.6608  2.5529   1.292   .111  9.955
  10.795   .722  1.6985  3.6545  2.4158   1.293   .112 11.661
  10.517   .753  1.8322  3.6465  2.2508   1.294   .112 14.107
  10.219   .798  1.9883  3.6347  2.0480   1.295   .112 17.823
   9.843   .871  2.2004  3.6169  1.7640   1.296   .113 24.728
   9.566   .924  2.3586  3.6051  1.5589   1.297   .113 31.325
   9.171  1.007  2.5902  3.5903  1.2697   1.298   .113 43.719
