  18.335   .881 -1.1438  3.6012  4.7099    .600  -.222   .566
  18.321   .879 -1.1404  3.6017  4.7093    .601  -.221   .567
  18.307   .877 -1.1371  3.6022  4.7088    .602  -.220   .568
  18.293   .874 -1.1338  3.6027  4.7082    .603  -.220   .569
  18.279   .872 -1.1305  3.6032  4.7077    .604  -.219   .570
  18.266   .870 -1.1271  3.6037  4.7072    .605  -.218   .570
  18.252   .867 -1.1238  3.6042  4.7066    .606  -.218   .571
  18.239   .865 -1.1205  3.6047  4.7061    .607  -.217   .572
  18.225   .863 -1.1172  3.6052  4.7056    .608  -.216   .573
  18.212   .861 -1.1139  3.6058  4.7050    .609  -.215   .574
  18.199   .858 -1.1106  3.6063  4.7045    .610  -.215   .574
  18.186   .856 -1.1073  3.6068  4.7040    .611  -.214   .575
  18.173   .854 -1.1041  3.6073  4.7034    .612  -.213   .576
  18.160   .852 -1.1008  3.6078  4.7029    .613  -.213   .577
  18.148   .849 -1.0975  3.6083  4.7024    .614  -.212   .578
  18.135   .847 -1.0942  3.6088  4.7019    .615  -.211   .579
  18.123   .845 -1.0910  3.6093  4.7013    .616  -.210   .579
  18.110   .843 -1.0877  3.6098  4.7008    .617  -.210   .580
  18.098   .840 -1.0845  3.6103  4.7003    .618  -.209   .581
  18.086   .838 -1.0812  3.6108  4.6998    .619  -.208   .582
  18.073   .836 -1.0780  3.6113  4.6992    .620  -.208   .583
  18.061   .834 -1.0748  3.6118  4.6987    .621  -.207   .584
  18.049   .832 -1.0715  3.6123  4.6982    .622  -.206   .584
  18.037   .829 -1.0683  3.6127  4.6977    .623  -.206   .585
  18.025   .827 -1.0651  3.6132  4.6972    .624  -.205   .586
  18.013   .825 -1.0619  3.6137  4.6966    .625  -.204   .587
  18.002   .823 -1.0587  3.6142  4.6961    .626  -.203   .588
  17.990   .821 -1.0555  3.6147  4.6956    .627  -.203   .588
  17.978   .818 -1.0523  3.6152  4.6951    .628  -.202   .589
  17.966   .816 -1.0491  3.6157  4.6946    .629  -.201   .590
  17.955   .814 -1.0459  3.6162  4.6941    .630  -.201   .591
  17.943   .812 -1.0427  3.6167  4.6936    .631  -.200   .592
  17.932   .810 -1.0395  3.6172  4.6930    .632  -.199   .593
  17.920   .808 -1.0364  3.6177  4.6925    .633  -.199   .593
  17.909   .806 -1.0332  3.6181  4.6920    .634  -.198   .594
  17.897   .803 -1.0300  3.6186  4.6915    .635  -.197   .595
  17.886   .801 -1.0269  3.6191  4.6910    .636  -.197   .596
  17.874   .799 -1.0237  3.6196  4.6905    .637  -.196   .597
  17.863   .797 -1.0206  3.6201  4.6900    .638  -.195   .597
  17.852   .795 -1.0174  3.6206  4.6895    .639  -.194   .598
  17.840   .793 -1.0143  3.6210  4.6890    .640  -.194   .599
  17.829   .791 -1.0111  3.6215  4.6885    .641  -.193   .600
  17.818   .789 -1.0080  3.6220  4.6880    .642  -.192   .601
  17.806   .787 -1.0049  3.6225  4.6875    .643  -.192   .602
  17.795   .784 -1.0018  3.6230  4.6869    .644  -.191   .602
  17.784   .782  -.9987  3.6234  4.6864    .645  -.190   .603
  17.773   .780  -.9955  3.6239  4.6859    .646  -.190   .604
  17.761   .778  -.9924  3.6244  4.6854    .647  -.189   .605
  17.750   .776  -.9893  3.6249  4.6849    .648  -.188   .606
  17.739   .774  -.9862  3.6253  4.6844    .649  -.188   .606
  17.727   .772  -.9832  3.6258  4.6839    .650  -.187   .607
  17.716   .770  -.9801  3.6263  4.6834    .651  -.186   .608
  17.705   .768  -.9770  3.6268  4.6829    .652  -.186   .609
  17.694   .766  -.9739  3.6272  4.6825    .653  -.185   .610
  17.682   .764  -.9708  3.6277  4.6820    .654  -.184   .610
  17.671   .762  -.9678  3.6282  4.6815    .655  -.184   .611
  17.659   .760  -.9647  3.6286  4.6810    .656  -.183   .612
  17.648   .758  -.9616  3.6291  4.6805    .657  -.182   .613
  17.637   .756  -.9586  3.6296  4.6800    .658  -.182   .614
  17.625   .755  -.9555  3.6300  4.6795    .659  -.181   .615
  17.614   .753  -.9525  3.6305  4.6790    .660  -.180   .615
  17.603   .751  -.9495  3.6310  4.6785    .661  -.180   .616
  17.592   .749  -.9464  3.6314  4.6780    .662  -.179   .617
  17.580   .747  -.9434  3.6319  4.6775    .663  -.178   .618
  17.569   .745  -.9404  3.6324  4.6770    .664  -.178   .619
  17.558   .743  -.9373  3.6328  4.6765    .665  -.177   .619
  17.547   .742  -.9343  3.6333  4.6761    .666  -.177   .620
  17.536   .740  -.9313  3.6338  4.6756    .667  -.176   .621
  17.524   .738  -.9283  3.6342  4.6751    .668  -.175   .622
  17.513   .736  -.9253  3.6347  4.6746    .669  -.175   .623
  17.502   .734  -.9223  3.6351  4.6741    .670  -.174   .624
  17.491   .732  -.9193  3.6356  4.6736    .671  -.173   .624
  17.480   .731  -.9163  3.6361  4.6731    .672  -.173   .625
  17.469   .729  -.9133  3.6365  4.6727    .673  -.172   .626
  17.458   .727  -.9103  3.6370  4.6722    .674  -.171   .627
  17.447   .725  -.9074  3.6374  4.6717    .675  -.171   .628
  17.436   .724  -.9044  3.6379  4.6712    .676  -.170   .628
  17.425   .722  -.9014  3.6384  4.6707    .677  -.169   .629
  17.414   .720  -.8985  3.6388  4.6703    .678  -.169   .630
  17.403   .719  -.8955  3.6393  4.6698    .679  -.168   .631
  17.392   .717  -.8925  3.6397  4.6693    .680  -.167   .632
  17.382   .715  -.8896  3.6402  4.6688    .681  -.167   .632
  17.371   .713  -.8866  3.6406  4.6683    .682  -.166   .633
  17.360   .712  -.8837  3.6411  4.6679    .683  -.166   .634
  17.349   .710  -.8808  3.6415  4.6674    .684  -.165   .635
  17.338   .709  -.8778  3.6420  4.6669    .685  -.164   .636
  17.328   .707  -.8749  3.6424  4.6664    .686  -.164   .637
  17.317   .705  -.8720  3.6429  4.6660    .687  -.163   .637
  17.306   .704  -.8690  3.6433  4.6655    .688  -.162   .638
  17.296   .702  -.8661  3.6438  4.6650    .689  -.162   .639
  17.285   .700  -.8632  3.6442  4.6646    .690  -.161   .640
  17.274   .699  -.8603  3.6447  4.6641    .691  -.161   .641
  17.263   .697  -.8572  3.6451  4.6636    .692  -.160   .641
  17.252   .695  -.8541  3.6456  4.6630    .693  -.159   .642
  17.240   .694  -.8509  3.6461  4.6624    .694  -.159   .643
  17.229   .692  -.8478  3.6466  4.6618    .695  -.158   .644
  17.217   .690  -.8446  3.6470  4.6612    .696  -.157   .645
  17.206   .689  -.8415  3.6475  4.6606    .697  -.157   .646
  17.194   .687  -.8383  3.6480  4.6601    .698  -.156   .647
  17.183   .685  -.8352  3.6485  4.6595    .699  -.156   .648
  17.171   .684  -.8320  3.6490  4.6589    .700  -.155   .649
  17.160   .682  -.8288  3.6495  4.6584    .701  -.154   .649
  17.148   .680  -.8257  3.6500  4.6578    .702  -.154   .650
  17.136   .679  -.8225  3.6505  4.6573    .703  -.153   .651
  17.125   .677  -.8193  3.6510  4.6567    .704  -.152   .652
  17.113   .675  -.8161  3.6515  4.6562    .705  -.152   .653
  17.102   .674  -.8130  3.6520  4.6557    .706  -.151   .654
  17.090   .672  -.8098  3.6525  4.6551    .707  -.151   .655
  17.078   .670  -.8067  3.6530  4.6546    .708  -.150   .656
  17.067   .669  -.8035  3.6535  4.6540    .709  -.149   .656
  17.055   .667  -.8004  3.6540  4.6535    .710  -.149   .657
  17.044   .666  -.7972  3.6545  4.6530    .711  -.148   .658
  17.033   .664  -.7941  3.6550  4.6524    .712  -.148   .659
  17.021   .663  -.7909  3.6555  4.6519    .713  -.147   .660
  17.010   .661  -.7878  3.6560  4.6514    .714  -.146   .661
  16.998   .660  -.7846  3.6565  4.6508    .715  -.146   .662
  16.987   .658  -.7815  3.6570  4.6503    .716  -.145   .662
  16.976   .657  -.7784  3.6575  4.6498    .717  -.144   .663
  16.964   .655  -.7753  3.6580  4.6492    .718  -.144   .664
  16.953   .654  -.7721  3.6585  4.6487    .719  -.143   .665
  16.942   .652  -.7690  3.6590  4.6482    .720  -.143   .666
  16.930   .651  -.7659  3.6595  4.6476    .721  -.142   .667
  16.919   .650  -.7628  3.6600  4.6471    .722  -.141   .668
  16.908   .648  -.7597  3.6605  4.6466    .723  -.141   .669
  16.897   .647  -.7566  3.6610  4.6461    .724  -.140   .669
  16.886   .645  -.7535  3.6615  4.6455    .725  -.140   .670
  16.874   .644  -.7504  3.6620  4.6450    .726  -.139   .671
  16.863   .643  -.7473  3.6625  4.6445    .727  -.138   .672
  16.852   .641  -.7442  3.6630  4.6439    .728  -.138   .673
  16.841   .640  -.7411  3.6635  4.6434    .729  -.137   .674
  16.830   .639  -.7381  3.6640  4.6429    .730  -.137   .675
  16.819   .637  -.7350  3.6645  4.6424    .731  -.136   .676
  16.808   .636  -.7319  3.6650  4.6418    .732  -.135   .676
  16.797   .635  -.7288  3.6655  4.6413    .733  -.135   .677
  16.786   .633  -.7257  3.6660  4.6408    .734  -.134   .678
  16.775   .632  -.7227  3.6664  4.6403    .735  -.134   .679
  16.764   .631  -.7196  3.6669  4.6397    .736  -.133   .680
  16.753   .629  -.7166  3.6674  4.6392    .737  -.133   .681
  16.742   .628  -.7135  3.6679  4.6387    .738  -.132   .682
  16.731   .627  -.7104  3.6684  4.6381    .739  -.131   .683
  16.720   .626  -.7074  3.6689  4.6376    .740  -.131   .683
  16.710   .624  -.7043  3.6694  4.6371    .741  -.130   .684
  16.699   .623  -.7013  3.6699  4.6366    .742  -.130   .685
  16.688   .622  -.6983  3.6704  4.6361    .743  -.129   .686
  16.677   .620  -.6952  3.6708  4.6355    .744  -.128   .687
  16.666   .619  -.6922  3.6713  4.6350    .745  -.128   .688
  16.656   .618  -.6891  3.6718  4.6345    .746  -.127   .689
  16.645   .617  -.6861  3.6723  4.6340    .747  -.127   .690
  16.634   .616  -.6831  3.6728  4.6334    .748  -.126   .690
  16.624   .614  -.6801  3.6733  4.6329    .749  -.126   .691
  16.613   .613  -.6770  3.6738  4.6324    .750  -.125   .692
  16.602   .612  -.6740  3.6742  4.6319    .751  -.124   .693
  16.592   .611  -.6710  3.6747  4.6314    .752  -.124   .694
  16.581   .610  -.6680  3.6752  4.6308    .753  -.123   .695
  16.571   .608  -.6650  3.6757  4.6303    .754  -.123   .696
  16.560   .607  -.6620  3.6762  4.6298    .755  -.122   .697
  16.549   .606  -.6590  3.6767  4.6293    .756  -.121   .697
  16.539   .605  -.6560  3.6771  4.6288    .757  -.121   .698
  16.528   .604  -.6530  3.6776  4.6282    .758  -.120   .699
  16.518   .602  -.6500  3.6781  4.6277    .759  -.120   .700
  16.508   .601  -.6470  3.6786  4.6272    .760  -.119   .701
  16.497   .600  -.6440  3.6791  4.6267    .761  -.119   .702
  16.487   .599  -.6410  3.6795  4.6262    .762  -.118   .703
  16.476   .598  -.6380  3.6800  4.6256    .763  -.117   .704
  16.466   .597  -.6350  3.6805  4.6251    .764  -.117   .704
  16.456   .595  -.6320  3.6810  4.6246    .765  -.116   .705
  16.445   .594  -.6291  3.6815  4.6241    .766  -.116   .706
  16.435   .593  -.6261  3.6819  4.6236    .767  -.115   .707
  16.425   .592  -.6231  3.6824  4.6231    .768  -.115   .708
  16.414   .591  -.6201  3.6829  4.6225    .769  -.114   .709
  16.404   .590  -.6172  3.6834  4.6220    .770  -.114   .710
  16.394   .589  -.6142  3.6839  4.6215    .771  -.113   .711
  16.384   .588  -.6112  3.6843  4.6210    .772  -.112   .712
  16.373   .586  -.6083  3.6848  4.6205    .773  -.112   .712
  16.363   .585  -.6053  3.6853  4.6200    .774  -.111   .713
  16.353   .584  -.6024  3.6858  4.6194    .775  -.111   .714
  16.343   .583  -.5994  3.6862  4.6189    .776  -.110   .715
  16.333   .582  -.5964  3.6867  4.6184    .777  -.110   .716
  16.323   .581  -.5935  3.6872  4.6179    .778  -.109   .717
  16.313   .580  -.5906  3.6877  4.6174    .779  -.108   .718
  16.303   .579  -.5876  3.6881  4.6169    .780  -.108   .719
  16.293   .578  -.5847  3.6886  4.6163    .781  -.107   .719
  16.283   .577  -.5817  3.6891  4.6158    .782  -.107   .720
  16.273   .575  -.5788  3.6896  4.6153    .783  -.106   .721
  16.263   .574  -.5759  3.6900  4.6148    .784  -.106   .722
  16.253   .573  -.5729  3.6905  4.6143    .785  -.105   .723
  16.243   .572  -.5700  3.6910  4.6138    .786  -.105   .724
  16.233   .571  -.5671  3.6914  4.6133    .787  -.104   .725
  16.223   .570  -.5641  3.6919  4.6127    .788  -.103   .726
  16.213   .569  -.5612  3.6924  4.6122    .789  -.103   .727
  16.203   .568  -.5583  3.6929  4.6117    .790  -.102   .727
  16.193   .567  -.5554  3.6933  4.6112    .791  -.102   .728
  16.183   .566  -.5524  3.6938  4.6107    .792  -.101   .729
  16.174   .565  -.5495  3.6943  4.6102    .793  -.101   .730
  16.164   .564  -.5466  3.6947  4.6096    .794  -.100   .731
  16.154   .563  -.5437  3.6952  4.6091    .795  -.100   .732
  16.144   .562  -.5408  3.6957  4.6086    .796  -.099   .733
  16.135   .561  -.5379  3.6962  4.6081    .797  -.099   .734
  16.125   .560  -.5350  3.6966  4.6076    .798  -.098   .735
  16.115   .559  -.5321  3.6971  4.6071    .799  -.097   .736
  16.106   .558  -.5292  3.6976  4.6066    .800  -.097   .736
  16.096   .557  -.5263  3.6980  4.6060    .801  -.096   .737
  16.087   .556  -.5234  3.6984  4.6053    .802  -.096   .738
  16.077   .555  -.5206  3.6989  4.6047    .803  -.095   .739
  16.068   .554  -.5177  3.6993  4.6041    .804  -.095   .740
  16.059   .553  -.5148  3.6997  4.6035    .805  -.094   .741
  16.050   .552  -.5120  3.7001  4.6029    .806  -.094   .742
  16.040   .551  -.5091  3.7006  4.6023    .807  -.093   .743
  16.031   .550  -.5063  3.7010  4.6017    .808  -.093   .744
  16.022   .550  -.5034  3.7014  4.6011    .809  -.092   .745
  16.013   .549  -.5006  3.7018  4.6005    .810  -.092   .746
  16.004   .548  -.4978  3.7023  4.5999    .811  -.091   .747
  15.994   .547  -.4949  3.7027  4.5992    .812  -.090   .748
  15.985   .546  -.4921  3.7031  4.5986    .813  -.090   .749
  15.976   .545  -.4892  3.7035  4.5980    .814  -.089   .750
  15.967   .544  -.4864  3.7040  4.5974    .815  -.089   .751
  15.958   .543  -.4836  3.7044  4.5968    .816  -.088   .752
  15.949   .542  -.4807  3.7048  4.5962    .817  -.088   .753
  15.940   .542  -.4779  3.7052  4.5956    .818  -.087   .754
  15.931   .541  -.4751  3.7056  4.5950    .819  -.087   .755
  15.922   .540  -.4723  3.7061  4.5944    .820  -.086   .756
  15.913   .539  -.4695  3.7065  4.5937    .821  -.086   .757
  15.904   .538  -.4666  3.7069  4.5931    .822  -.085   .758
  15.895   .537  -.4638  3.7073  4.5925    .823  -.085   .759
  15.886   .536  -.4610  3.7077  4.5919    .824  -.084   .760
  15.877   .536  -.4582  3.7081  4.5913    .825  -.084   .761
  15.868   .535  -.4554  3.7086  4.5907    .826  -.083   .762
  15.859   .534  -.4526  3.7090  4.5901    .827  -.082   .763
  15.851   .533  -.4498  3.7094  4.5895    .828  -.082   .764
  15.842   .532  -.4470  3.7098  4.5888    .829  -.081   .765
  15.833   .531  -.4442  3.7102  4.5882    .830  -.081   .766
  15.824   .530  -.4414  3.7106  4.5876    .831  -.080   .767
  15.816   .530  -.4386  3.7111  4.5870    .832  -.080   .768
  15.807   .529  -.4358  3.7115  4.5864    .833  -.079   .769
  15.798   .528  -.4330  3.7119  4.5858    .834  -.079   .770
  15.789   .527  -.4303  3.7123  4.5852    .835  -.078   .771
  15.781   .526  -.4275  3.7127  4.5846    .836  -.078   .772
  15.772   .525  -.4247  3.7131  4.5839    .837  -.077   .773
  15.763   .525  -.4219  3.7135  4.5833    .838  -.077   .774
  15.755   .524  -.4191  3.7139  4.5827    .839  -.076   .775
  15.746   .523  -.4164  3.7143  4.5821    .840  -.076   .776
  15.738   .522  -.4136  3.7147  4.5815    .841  -.075   .777
  15.729   .521  -.4108  3.7152  4.5809    .842  -.075   .778
  15.720   .521  -.4081  3.7156  4.5802    .843  -.074   .779
  15.712   .520  -.4053  3.7160  4.5796    .844  -.074   .780
  15.703   .519  -.4025  3.7164  4.5790    .845  -.073   .781
  15.695   .518  -.3998  3.7168  4.5784    .846  -.073   .782
  15.686   .517  -.3970  3.7172  4.5778    .847  -.072   .783
  15.678   .516  -.3943  3.7176  4.5772    .848  -.072   .784
  15.670   .516  -.3915  3.7180  4.5765    .849  -.071   .785
  15.661   .515  -.3888  3.7184  4.5759    .850  -.071   .786
  15.653   .514  -.3860  3.7188  4.5753    .851  -.070   .787
  15.644   .513  -.3833  3.7192  4.5747    .852  -.070   .788
  15.636   .512  -.3805  3.7196  4.5741    .853  -.069   .789
  15.628   .512  -.3778  3.7200  4.5735    .854  -.069   .790
  15.619   .511  -.3751  3.7204  4.5728    .855  -.068   .791
  15.611   .510  -.3723  3.7208  4.5722    .856  -.068   .792
  15.603   .509  -.3696  3.7212  4.5716    .857  -.067   .794
  15.595   .508  -.3668  3.7216  4.5710    .858  -.067   .795
  15.586   .508  -.3641  3.7220  4.5704    .859  -.066   .796
  15.578   .507  -.3614  3.7224  4.5697    .860  -.066   .797
  15.570   .506  -.3587  3.7228  4.5691    .861  -.065   .798
  15.562   .505  -.3559  3.7232  4.5685    .862  -.064   .799
  15.554   .505  -.3532  3.7236  4.5679    .863  -.064   .800
  15.546   .504  -.3505  3.7240  4.5673    .864  -.063   .801
  15.538   .503  -.3478  3.7244  4.5666    .865  -.063   .802
  15.529   .502  -.3451  3.7248  4.5660    .866  -.062   .803
  15.521   .501  -.3423  3.7252  4.5654    .867  -.062   .804
  15.513   .501  -.3396  3.7256  4.5648    .868  -.061   .805
  15.505   .500  -.3369  3.7260  4.5641    .869  -.061   .806
  15.497   .499  -.3342  3.7264  4.5635    .870  -.060   .807
  15.489   .498  -.3315  3.7268  4.5629    .871  -.060   .808
  15.481   .497  -.3288  3.7272  4.5623    .872  -.059   .809
  15.473   .497  -.3261  3.7276  4.5616    .873  -.059   .810
  15.466   .496  -.3234  3.7280  4.5610    .874  -.058   .811
  15.458   .495  -.3207  3.7284  4.5604    .875  -.058   .812
  15.450   .494  -.3180  3.7287  4.5598    .876  -.057   .813
  15.442   .494  -.3153  3.7291  4.5591    .877  -.057   .814
  15.434   .493  -.3126  3.7295  4.5585    .878  -.057   .815
  15.426   .492  -.3099  3.7299  4.5579    .879  -.056   .816
  15.418   .491  -.3072  3.7303  4.5573    .880  -.056   .817
  15.410   .491  -.3045  3.7307  4.5566    .881  -.055   .819
  15.403   .490  -.3019  3.7311  4.5560    .882  -.055   .820
  15.395   .489  -.2992  3.7315  4.5554    .883  -.054   .821
  15.387   .488  -.2965  3.7319  4.5547    .884  -.054   .822
  15.379   .488  -.2938  3.7322  4.5541    .885  -.053   .823
  15.372   .487  -.2911  3.7326  4.5535    .886  -.053   .824
  15.364   .486  -.2885  3.7330  4.5529    .887  -.052   .825
  15.356   .485  -.2858  3.7334  4.5522    .888  -.052   .826
  15.348   .485  -.2831  3.7338  4.5516    .889  -.051   .827
  15.341   .484  -.2804  3.7342  4.5510    .890  -.051   .828
  15.333   .483  -.2778  3.7346  4.5503    .891  -.050   .829
  15.325   .482  -.2751  3.7349  4.5497    .892  -.050   .830
  15.318   .482  -.2724  3.7353  4.5491    .893  -.049   .831
  15.310   .481  -.2698  3.7357  4.5484    .894  -.049   .832
  15.302   .480  -.2671  3.7361  4.5478    .895  -.048   .833
  15.295   .479  -.2644  3.7365  4.5472    .896  -.048   .835
  15.287   .479  -.2618  3.7369  4.5465    .897  -.047   .836
  15.279   .478  -.2591  3.7372  4.5459    .898  -.047   .837
  15.272   .477  -.2565  3.7376  4.5453    .899  -.046   .838
  15.264   .476  -.2538  3.7380  4.5446    .900  -.046   .839
  15.257   .476  -.2512  3.7383  4.5438    .901  -.045   .840
  15.249   .475  -.2484  3.7387  4.5429    .902  -.045   .841
  15.241   .474  -.2456  3.7390  4.5420    .903  -.044   .843
  15.233   .474  -.2429  3.7394  4.5410    .904  -.044   .844
  15.225   .473  -.2401  3.7397  4.5401    .905  -.043   .846
  15.218   .472  -.2373  3.7401  4.5392    .906  -.043   .847
  15.210   .472  -.2346  3.7404  4.5383    .907  -.042   .848
  15.202   .471  -.2318  3.7407  4.5374    .908  -.042   .850
  15.194   .470  -.2290  3.7411  4.5364    .909  -.041   .851
  15.186   .470  -.2263  3.7414  4.5355    .910  -.041   .852
  15.179   .469  -.2235  3.7418  4.5346    .911  -.040   .854
  15.171   .468  -.2208  3.7421  4.5337    .912  -.040   .855
  15.163   .468  -.2180  3.7424  4.5328    .913  -.040   .856
  15.155   .467  -.2152  3.7428  4.5318    .914  -.039   .858
  15.148   .466  -.2125  3.7431  4.5309    .915  -.039   .859
  15.140   .466  -.2097  3.7434  4.5300    .916  -.038   .861
  15.132   .465  -.2070  3.7438  4.5291    .917  -.038   .862
  15.125   .465  -.2043  3.7441  4.5281    .918  -.037   .863
  15.117   .464  -.2015  3.7444  4.5272    .919  -.037   .865
  15.109   .463  -.1988  3.7448  4.5263    .920  -.036   .866
  15.102   .463  -.1960  3.7451  4.5253    .921  -.036   .868
  15.094   .462  -.1933  3.7454  4.5244    .922  -.035   .869
  15.086   .461  -.1905  3.7458  4.5235    .923  -.035   .870
  15.079   .461  -.1878  3.7461  4.5226    .924  -.034   .872
  15.071   .460  -.1851  3.7464  4.5216    .925  -.034   .873
  15.063   .459  -.1823  3.7468  4.5207    .926  -.033   .875
  15.056   .459  -.1796  3.7471  4.5198    .927  -.033   .876
  15.048   .458  -.1769  3.7474  4.5188    .928  -.032   .877
  15.041   .457  -.1741  3.7478  4.5179    .929  -.032   .879
  15.033   .457  -.1714  3.7481  4.5170    .930  -.032   .880
  15.026   .456  -.1687  3.7484  4.5160    .931  -.031   .882
  15.018   .456  -.1660  3.7488  4.5151    .932  -.031   .883
  15.010   .455  -.1633  3.7491  4.5142    .933  -.030   .885
  15.003   .454  -.1605  3.7494  4.5132    .934  -.030   .886
  14.995   .454  -.1578  3.7497  4.5123    .935  -.029   .887
  14.988   .453  -.1551  3.7501  4.5114    .936  -.029   .889
  14.980   .452  -.1524  3.7504  4.5104    .937  -.028   .890
  14.973   .452  -.1497  3.7507  4.5095    .938  -.028   .892
  14.965   .451  -.1470  3.7510  4.5085    .939  -.027   .893
  14.958   .450  -.1442  3.7514  4.5076    .940  -.027   .895
  14.950   .450  -.1415  3.7517  4.5067    .941  -.026   .896
  14.943   .449  -.1388  3.7520  4.5057    .942  -.026   .897
  14.935   .449  -.1361  3.7523  4.5048    .943  -.025   .899
  14.928   .448  -.1334  3.7527  4.5038    .944  -.025   .900
  14.920   .447  -.1307  3.7530  4.5029    .945  -.025   .902
  14.913   .447  -.1280  3.7533  4.5019    .946  -.024   .903
  14.906   .446  -.1253  3.7536  4.5010    .947  -.024   .905
  14.898   .445  -.1226  3.7539  4.5001    .948  -.023   .906
  14.891   .445  -.1199  3.7543  4.4991    .949  -.023   .908
  14.883   .444  -.1172  3.7546  4.4982    .950  -.022   .909
  14.876   .444  -.1145  3.7549  4.4972    .951  -.022   .911
  14.869   .443  -.1118  3.7552  4.4963    .952  -.021   .912
  14.861   .442  -.1091  3.7555  4.4953    .953  -.021   .914
  14.854   .442  -.1064  3.7559  4.4944    .954  -.020   .915
  14.846   .441  -.1037  3.7562  4.4934    .955  -.020   .917
  14.839   .440  -.1010  3.7565  4.4925    .956  -.020   .918
  14.832   .440  -.0984  3.7568  4.4915    .957  -.019   .920
  14.824   .439  -.0957  3.7571  4.4905    .958  -.019   .921
  14.817   .439  -.0930  3.7574  4.4896    .959  -.018   .923
  14.810   .438  -.0903  3.7578  4.4886    .960  -.018   .924
  14.802   .437  -.0876  3.7581  4.4877    .961  -.017   .926
  14.795   .437  -.0849  3.7584  4.4867    .962  -.017   .927
  14.788   .436  -.0823  3.7587  4.4858    .963  -.016   .929
  14.780   .436  -.0796  3.7590  4.4848    .964  -.016   .930
  14.773   .435  -.0769  3.7593  4.4838    .965  -.015   .932
  14.766   .434  -.0742  3.7596  4.4829    .966  -.015   .933
  14.758   .434  -.0715  3.7600  4.4819    .967  -.015   .935
  14.751   .433  -.0689  3.7603  4.4809    .968  -.014   .936
  14.744   .432  -.0662  3.7606  4.4800    .969  -.014   .938
  14.737   .432  -.0635  3.7609  4.4790    .970  -.013   .939
  14.729   .431  -.0608  3.7612  4.4780    .971  -.013   .941
  14.722   .431  -.0582  3.7615  4.4771    .972  -.012   .942
  14.715   .430  -.0555  3.7618  4.4761    .973  -.012   .944
  14.708   .429  -.0528  3.7621  4.4751    .974  -.011   .945
  14.700   .429  -.0501  3.7624  4.4742    .975  -.011   .947
  14.693   .428  -.0475  3.7627  4.4732    .976  -.011   .948
  14.686   .427  -.0448  3.7631  4.4722    .977  -.010   .950
  14.679   .427  -.0421  3.7634  4.4712    .978  -.010   .952
  14.671   .426  -.0395  3.7637  4.4703    .979  -.009   .953
  14.664   .426  -.0368  3.7640  4.4693    .980  -.009   .955
  14.657   .425  -.0341  3.7643  4.4683    .981  -.008   .956
  14.650   .424  -.0315  3.7646  4.4673    .982  -.008   .958
  14.643   .424  -.0288  3.7649  4.4663    .983  -.007   .959
  14.635   .423  -.0262  3.7652  4.4653    .984  -.007   .961
  14.628   .422  -.0235  3.7655  4.4644    .985  -.007   .962
  14.621   .422  -.0208  3.7658  4.4634    .986  -.006   .964
  14.614   .421  -.0182  3.7661  4.4624    .987  -.006   .966
  14.607   .421  -.0155  3.7664  4.4614    .988  -.005   .967
  14.600   .420  -.0129  3.7667  4.4604    .989  -.005   .969
  14.592   .419  -.0102  3.7670  4.4594    .990  -.004   .970
  14.585   .419  -.0075  3.7673  4.4584    .991  -.004   .972
  14.578   .418  -.0049  3.7676  4.4574    .992  -.003   .974
  14.571   .417  -.0022  3.7679  4.4564    .993  -.003   .975
  14.564   .417   .0004  3.7682  4.4554    .994  -.003   .977
  14.557   .416   .0031  3.7685  4.4544    .995  -.002   .978
  14.550   .416   .0057  3.7688  4.4534    .996  -.002   .980
  14.542   .415   .0084  3.7691  4.4524    .997  -.001   .982
  14.535   .414   .0111  3.7694  4.4514    .998  -.001   .983
  14.528   .414   .0137  3.7697  4.4504    .999   .000   .985
  14.521   .413   .0164  3.7700  4.4494   1.000   .000   .987
  14.514   .413   .0189  3.7702  4.4483   1.001   .000   .988
  14.507   .412   .0215  3.7705  4.4472   1.002   .001   .990
  14.501   .412   .0241  3.7707  4.4460   1.003   .001   .992
  14.494   .411   .0266  3.7710  4.4449   1.004   .002   .994
  14.487   .411   .0292  3.7712  4.4438   1.005   .002   .996
  14.480   .410   .0318  3.7715  4.4427   1.006   .003   .997
  14.473   .410   .0343  3.7717  4.4415   1.007   .003   .999
  14.467   .409   .0369  3.7720  4.4404   1.008   .003  1.001
  14.460   .409   .0394  3.7722  4.4393   1.009   .004  1.003
  14.453   .408   .0420  3.7725  4.4382   1.010   .004  1.004
  14.446   .407   .0445  3.7727  4.4370   1.011   .005  1.006
  14.440   .407   .0471  3.7730  4.4359   1.012   .005  1.008
  14.433   .406   .0496  3.7732  4.4348   1.013   .006  1.010
  14.426   .406   .0522  3.7735  4.4337   1.014   .006  1.012
  14.419   .405   .0547  3.7737  4.4325   1.015   .006  1.014
  14.413   .405   .0573  3.7740  4.4314   1.016   .007  1.015
  14.406   .404   .0598  3.7742  4.4303   1.017   .007  1.017
  14.399   .404   .0624  3.7744  4.4291   1.018   .008  1.019
  14.392   .403   .0649  3.7747  4.4280   1.019   .008  1.021
  14.386   .403   .0674  3.7749  4.4269   1.020   .009  1.023
  14.379   .402   .0700  3.7752  4.4257   1.021   .009  1.024
  14.372   .402   .0725  3.7754  4.4246   1.022   .009  1.026
  14.366   .401   .0750  3.7757  4.4235   1.023   .010  1.028
  14.359   .401   .0776  3.7759  4.4223   1.024   .010  1.030
  14.352   .400   .0801  3.7762  4.4212   1.025   .011  1.032
  14.346   .400   .0826  3.7764  4.4201   1.026   .011  1.034
  14.339   .399   .0851  3.7766  4.4189   1.027   .012  1.036
  14.332   .399   .0877  3.7769  4.4178   1.028   .012  1.037
  14.326   .398   .0902  3.7771  4.4166   1.029   .012  1.039
  14.319   .398   .0927  3.7774  4.4155   1.030   .013  1.041
  14.312   .397   .0952  3.7776  4.4144   1.031   .013  1.043
  14.306   .397   .0977  3.7778  4.4132   1.032   .014  1.045
  14.299   .396   .1002  3.7781  4.4121   1.033   .014  1.047
  14.293   .396   .1028  3.7783  4.4109   1.034   .015  1.049
  14.286   .395   .1053  3.7786  4.4098   1.035   .015  1.051
  14.279   .395   .1078  3.7788  4.4086   1.036   .015  1.052
  14.273   .394   .1103  3.7790  4.4075   1.037   .016  1.054
  14.266   .394   .1128  3.7793  4.4063   1.038   .016  1.056
  14.260   .393   .1153  3.7795  4.4052   1.039   .017  1.058
  14.253   .393   .1178  3.7797  4.4040   1.040   .017  1.060
  14.246   .392   .1203  3.7800  4.4029   1.041   .017  1.062
  14.240   .392   .1228  3.7802  4.4017   1.042   .018  1.064
  14.233   .391   .1253  3.7805  4.4006   1.043   .018  1.066
  14.227   .391   .1278  3.7807  4.3994   1.044   .019  1.068
  14.220   .390   .1303  3.7809  4.3983   1.045   .019  1.070
  14.214   .390   .1328  3.7812  4.3971   1.046   .020  1.072
  14.207   .389   .1353  3.7814  4.3960   1.047   .020  1.074
  14.201   .389   .1378  3.7816  4.3948   1.048   .020  1.076
  14.194   .388   .1403  3.7819  4.3937   1.049   .021  1.077
  14.188   .388   .1428  3.7821  4.3925   1.050   .021  1.079
  14.181   .387   .1453  3.7823  4.3914   1.051   .022  1.081
  14.175   .387   .1477  3.7826  4.3902   1.052   .022  1.083
  14.168   .386   .1502  3.7828  4.3890   1.053   .022  1.085
  14.162   .386   .1527  3.7830  4.3879   1.054   .023  1.087
  14.155   .385   .1552  3.7833  4.3867   1.055   .023  1.089
  14.148   .385   .1578  3.7835  4.3854   1.056   .024  1.091
  14.141   .384   .1605  3.7837  4.3840   1.057   .024  1.094
  14.134   .384   .1632  3.7840  4.3826   1.058   .024  1.096
  14.127   .383   .1658  3.7842  4.3813   1.059   .025  1.098
  14.120   .383   .1685  3.7844  4.3799   1.060   .025  1.100
  14.113   .382   .1711  3.7847  4.3785   1.061   .026  1.103
  14.107   .382   .1738  3.7849  4.3772   1.062   .026  1.105
  14.100   .381   .1764  3.7851  4.3758   1.063   .027  1.107
  14.093   .381   .1791  3.7854  4.3744   1.064   .027  1.109
  14.086   .380   .1817  3.7856  4.3730   1.065   .027  1.112
  14.079   .380   .1844  3.7858  4.3717   1.066   .028  1.114
  14.072   .379   .1870  3.7860  4.3703   1.067   .028  1.116
  14.065   .379   .1897  3.7863  4.3689   1.068   .029  1.119
  14.058   .378   .1923  3.7865  4.3675   1.069   .029  1.121
  14.051   .378   .1950  3.7867  4.3661   1.070   .029  1.123
  14.044   .377   .1976  3.7870  4.3647   1.071   .030  1.126
  14.038   .377   .2003  3.7872  4.3633   1.072   .030  1.128
  14.031   .376   .2029  3.7874  4.3619   1.073   .031  1.130
  14.024   .376   .2056  3.7876  4.3605   1.074   .031  1.133
  14.017   .375   .2082  3.7879  4.3590   1.075   .031  1.135
  14.010   .375   .2109  3.7881  4.3576   1.076   .032  1.138
  14.003   .374   .2136  3.7883  4.3562   1.077   .032  1.140
  13.996   .374   .2162  3.7885  4.3547   1.078   .033  1.142
  13.989   .373   .2189  3.7887  4.3533   1.079   .033  1.145
  13.982   .373   .2216  3.7890  4.3518   1.080   .033  1.147
  13.975   .372   .2243  3.7892  4.3504   1.081   .034  1.150
  13.968   .372   .2269  3.7894  4.3489   1.082   .034  1.152
  13.961   .371   .2296  3.7896  4.3474   1.083   .035  1.155
  13.954   .371   .2323  3.7898  4.3459   1.084   .035  1.157
  13.947   .371   .2350  3.7901  4.3444   1.085   .035  1.160
  13.940   .370   .2377  3.7903  4.3428   1.086   .036  1.162
  13.933   .370   .2404  3.7905  4.3413   1.087   .036  1.165
  13.926   .369   .2432  3.7906  4.3396   1.088   .037  1.168
  13.919   .369   .2461  3.7908  4.3378   1.089   .037  1.171
  13.912   .369   .2489  3.7909  4.3360   1.090   .037  1.174
  13.904   .368   .2517  3.7911  4.3342   1.091   .038  1.177
  13.897   .368   .2546  3.7912  4.3324   1.092   .038  1.180
  13.890   .368   .2574  3.7914  4.3306   1.093   .039  1.183
  13.883   .367   .2602  3.7915  4.3288   1.094   .039  1.186
  13.876   .367   .2630  3.7916  4.3270   1.095   .039  1.189
  13.868   .367   .2658  3.7918  4.3252   1.096   .040  1.192
  13.861   .367   .2686  3.7919  4.3234   1.097   .040  1.195
  13.854   .366   .2714  3.7920  4.3216   1.098   .041  1.198
  13.847   .366   .2741  3.7922  4.3198   1.099   .041  1.201
  13.840   .366   .2769  3.7923  4.3180   1.100   .041  1.204
  13.834   .365   .2793  3.7924  4.3165   1.101   .042  1.206
  13.828   .365   .2817  3.7925  4.3151   1.102   .042  1.209
  13.822   .365   .2840  3.7926  4.3136   1.103   .043  1.212
  13.816   .365   .2864  3.7928  4.3121   1.104   .043  1.214
  13.810   .364   .2888  3.7929  4.3106   1.105   .043  1.217
  13.804   .364   .2911  3.7930  4.3092   1.106   .044  1.219
  13.798   .364   .2935  3.7931  4.3077   1.107   .044  1.222
  13.792   .364   .2958  3.7932  4.3062   1.108   .045  1.225
  13.786   .363   .2982  3.7933  4.3047   1.109   .045  1.227
  13.780   .363   .3005  3.7934  4.3032   1.110   .045  1.230
  13.774   .363   .3029  3.7935  4.3017   1.111   .046  1.233
  13.768   .363   .3052  3.7936  4.3003   1.112   .046  1.235
  13.762   .363   .3076  3.7938  4.2988   1.113   .046  1.238
  13.756   .362   .3099  3.7939  4.2973   1.114   .047  1.241
  13.750   .362   .3122  3.7940  4.2958   1.115   .047  1.243
  13.744   .362   .3146  3.7941  4.2943   1.116   .048  1.246
  13.738   .362   .3169  3.7942  4.2928   1.117   .048  1.249
  13.732   .361   .3192  3.7943  4.2913   1.118   .048  1.251
  13.726   .361   .3215  3.7944  4.2898   1.119   .049  1.254
  13.720   .361   .3239  3.7945  4.2883   1.120   .049  1.257
  13.714   .361   .3262  3.7946  4.2868   1.121   .050  1.260
  13.708   .361   .3285  3.7947  4.2853   1.122   .050  1.262
  13.702   .360   .3308  3.7948  4.2838   1.123   .050  1.265
  13.697   .360   .3331  3.7949  4.2823   1.124   .051  1.268
  13.691   .360   .3354  3.7950  4.2808   1.125   .051  1.271
  13.685   .360   .3377  3.7950  4.2793   1.126   .052  1.273
  13.679   .360   .3400  3.7951  4.2778   1.127   .052  1.276
  13.673   .359   .3423  3.7952  4.2763   1.128   .052  1.279
  13.667   .359   .3446  3.7953  4.2747   1.129   .053  1.282
  13.662   .359   .3468  3.7954  4.2732   1.130   .053  1.285
  13.656   .359   .3491  3.7955  4.2717   1.131   .053  1.287
  13.650   .359   .3514  3.7956  4.2702   1.132   .054  1.290
  13.644   .358   .3537  3.7957  4.2687   1.133   .054  1.293
  13.638   .358   .3559  3.7957  4.2671   1.134   .055  1.296
  13.633   .358   .3582  3.7958  4.2656   1.135   .055  1.299
  13.627   .358   .3605  3.7959  4.2641   1.136   .055  1.302
  13.621   .358   .3627  3.7960  4.2626   1.137   .056  1.305
  13.615   .358   .3650  3.7960  4.2610   1.138   .056  1.307
  13.610   .357   .3672  3.7961  4.2595   1.139   .057  1.310
  13.604   .357   .3695  3.7962  4.2580   1.140   .057  1.313
  13.598   .357   .3717  3.7963  4.2564   1.141   .057  1.316
  13.593   .357   .3740  3.7963  4.2549   1.142   .058  1.319
  13.587   .357   .3762  3.7964  4.2533   1.143   .058  1.322
  13.581   .357   .3785  3.7965  4.2518   1.144   .058  1.325
  13.576   .357   .3807  3.7965  4.2502   1.145   .059  1.328
  13.570   .356   .3829  3.7966  4.2487   1.146   .059  1.331
  13.564   .356   .3851  3.7967  4.2471   1.147   .060  1.334
  13.559   .356   .3874  3.7967  4.2456   1.148   .060  1.337
  13.553   .356   .3896  3.7968  4.2440   1.149   .060  1.340
  13.547   .356   .3918  3.7969  4.2424   1.150   .061  1.343
  13.542   .356   .3940  3.7969  4.2409   1.151   .061  1.346
  13.536   .356   .3962  3.7970  4.2393   1.152   .061  1.349
  13.531   .356   .3984  3.7970  4.2377   1.153   .062  1.352
  13.525   .355   .4006  3.7971  4.2362   1.154   .062  1.355
  13.519   .355   .4028  3.7971  4.2346   1.155   .063  1.358
  13.514   .355   .4050  3.7972  4.2330   1.156   .063  1.361
  13.508   .355   .4072  3.7972  4.2314   1.157   .063  1.364
  13.503   .355   .4094  3.7972  4.2296   1.158   .064  1.367
  13.498   .355   .4115  3.7972  4.2278   1.159   .064  1.371
  13.492   .355   .4137  3.7972  4.2260   1.160   .064  1.374
  13.487   .355   .4158  3.7972  4.2242   1.161   .065  1.378
  13.481   .355   .4180  3.7972  4.2223   1.162   .065  1.381
  13.476   .355   .4201  3.7972  4.2205   1.163   .066  1.385
  13.471   .355   .4222  3.7972  4.2186   1.164   .066  1.388
  13.465   .355   .4243  3.7972  4.2168   1.165   .066  1.392
  13.460   .355   .4264  3.7971  4.2149   1.166   .067  1.396
  13.455   .355   .4285  3.7971  4.2131   1.167   .067  1.399
  13.450   .355   .4306  3.7971  4.2112   1.168   .067  1.403
  13.444   .355   .4327  3.7971  4.2093   1.169   .068  1.406
  13.439   .355   .4348  3.7970  4.2075   1.170   .068  1.410
  13.434   .355   .4369  3.7970  4.2056   1.171   .069  1.414
  13.429   .355   .4390  3.7970  4.2037   1.172   .069  1.417
  13.424   .356   .4411  3.7969  4.2018   1.173   .069  1.421
  13.419   .356   .4431  3.7969  4.1999   1.174   .070  1.425
  13.413   .356   .4452  3.7968  4.1980   1.175   .070  1.428
  13.408   .356   .4472  3.7968  4.1961   1.176   .070  1.432
  13.403   .356   .4493  3.7967  4.1942   1.177   .071  1.436
  13.398   .356   .4513  3.7967  4.1923   1.178   .071  1.440
  13.393   .356   .4534  3.7966  4.1903   1.179   .072  1.444
  13.388   .356   .4554  3.7966  4.1884   1.180   .072  1.447
  13.383   .356   .4574  3.7965  4.1865   1.181   .072  1.451
  13.378   .356   .4594  3.7964  4.1845   1.182   .073  1.455
  13.373   .357   .4614  3.7964  4.1826   1.183   .073  1.459
  13.368   .357   .4635  3.7963  4.1806   1.184   .073  1.463
  13.363   .357   .4655  3.7962  4.1787   1.185   .074  1.467
  13.358   .357   .4675  3.7961  4.1767   1.186   .074  1.471
  13.353   .357   .4694  3.7961  4.1747   1.187   .074  1.475
  13.348   .357   .4714  3.7960  4.1727   1.188   .075  1.479
  13.343   .357   .4734  3.7959  4.1707   1.189   .075  1.483
  13.339   .358   .4754  3.7958  4.1687   1.190   .076  1.487
  13.334   .358   .4773  3.7957  4.1667   1.191   .076  1.491
  13.329   .358   .4793  3.7956  4.1647   1.192   .076  1.495
  13.324   .358   .4812  3.7955  4.1627   1.193   .077  1.499
  13.319   .358   .4832  3.7954  4.1607   1.194   .077  1.503
  13.315   .358   .4851  3.7953  4.1586   1.195   .077  1.507
  13.310   .359   .4870  3.7952  4.1566   1.196   .078  1.512
  13.305   .359   .4890  3.7951  4.1545   1.197   .078  1.516
  13.300   .359   .4909  3.7950  4.1524   1.198   .078  1.520
  13.296   .359   .4928  3.7949  4.1504   1.199   .079  1.524
  13.291   .360   .4947  3.7947  4.1483   1.200   .079  1.529
  13.287   .360   .4965  3.7947  4.1467   1.201   .080  1.532
  13.282   .360   .4982  3.7947  4.1451   1.202   .080  1.535
  13.278   .360   .5000  3.7946  4.1436   1.203   .080  1.539
  13.273   .360   .5018  3.7945  4.1417   1.204   .081  1.543
  13.269   .360   .5037  3.7944  4.1397   1.205   .081  1.547
  13.264   .360   .5056  3.7943  4.1377   1.206   .081  1.551
  13.259   .361   .5075  3.7942  4.1357   1.207   .082  1.555
  13.255   .361   .5094  3.7941  4.1337   1.208   .082  1.560
  13.250   .361   .5113  3.7939  4.1317   1.209   .082  1.564
  13.246   .361   .5132  3.7938  4.1297   1.210   .083  1.568
  13.241   .362   .5150  3.7937  4.1277   1.211   .083  1.572
  13.236   .362   .5169  3.7936  4.1257   1.212   .084  1.577
  13.232   .362   .5188  3.7934  4.1237   1.213   .084  1.581
  13.227   .362   .5206  3.7933  4.1217   1.214   .084  1.585
  13.223   .363   .5225  3.7932  4.1197   1.215   .085  1.590
  13.218   .363   .5243  3.7930  4.1177   1.216   .085  1.594
  13.214   .363   .5261  3.7929  4.1157   1.217   .085  1.598
  13.209   .364   .5280  3.7928  4.1137   1.218   .086  1.603
  13.205   .364   .5298  3.7926  4.1117   1.219   .086  1.607
  13.201   .364   .5316  3.7925  4.1097   1.220   .086  1.611
  13.196   .364   .5334  3.7924  4.1077   1.221   .087  1.616
  13.192   .365   .5352  3.7922  4.1057   1.222   .087  1.620
  13.188   .365   .5370  3.7921  4.1037   1.223   .087  1.624
  13.182   .365   .5392  3.7919  4.1011   1.224   .088  1.630
  13.177   .366   .5414  3.7917  4.0986   1.225   .088  1.635
  13.172   .366   .5436  3.7915  4.0960   1.226   .088  1.641
  13.166   .367   .5457  3.7913  4.0934   1.227   .089  1.647
  13.161   .367   .5478  3.7911  4.0909   1.228   .089  1.652
  13.156   .367   .5500  3.7909  4.0883   1.229   .090  1.658
  13.151   .368   .5521  3.7906  4.0857   1.230   .090  1.663
  13.146   .368   .5542  3.7904  4.0832   1.231   .090  1.669
  13.139   .368   .5572  3.7905  4.0806   1.232   .091  1.674
  13.128   .367   .5614  3.7908  4.0780   1.233   .091  1.680
  13.117   .367   .5655  3.7912  4.0753   1.234   .091  1.686
  13.106   .366   .5696  3.7915  4.0727   1.235   .092  1.692
  13.096   .365   .5737  3.7919  4.0701   1.236   .092  1.697
  13.085   .365   .5777  3.7922  4.0675   1.237   .092  1.703
  13.067   .363   .5845  3.7929  4.0639   1.238   .093  1.711
  13.039   .360   .5951  3.7943  4.0590   1.239   .093  1.721
  13.012   .357   .6055  3.7956  4.0542   1.240   .093  1.732
  12.985   .355   .6158  3.7969  4.0495   1.241   .094  1.742
  12.958   .352   .6258  3.7982  4.0449   1.242   .094  1.752
  12.907   .346   .6451  3.8009  4.0370   1.243   .094  1.769
  12.846   .339   .6682  3.8043  4.0278   1.244   .095  1.788
  12.765   .330   .6991  3.8090  4.0156   1.245   .095  1.814
  12.752   .331   .7043  3.8082  4.0087   1.246   .096  1.829
  12.740   .333   .7097  3.8074  4.0018   1.247   .096  1.845
  12.734   .334   .7122  3.8068  3.9974   1.248   .096  1.855
  12.728   .335   .7146  3.8063  3.9931   1.249   .097  1.865
  12.723   .336   .7169  3.8057  3.9888   1.250   .097  1.875
  12.717   .337   .7192  3.8052  3.9846   1.251   .097  1.884
  12.712   .338   .7216  3.8046  3.9803   1.252   .098  1.894
  12.706   .339   .7239  3.8041  3.9761   1.253   .098  1.904
  12.701   .340   .7261  3.8035  3.9719   1.254   .098  1.915
  12.696   .341   .7284  3.8030  3.9677   1.255   .099  1.925
  12.691   .343   .7307  3.8024  3.9635   1.256   .099  1.935
  12.686   .344   .7329  3.8019  3.9593   1.257   .099  1.945
  12.681   .345   .7351  3.8013  3.9551   1.258   .100  1.955
  12.675   .346   .7373  3.8007  3.9509   1.259   .100  1.965
  12.670   .347   .7395  3.8002  3.9467   1.260   .100  1.976
  12.666   .348   .7417  3.7996  3.9425   1.261   .101  1.986
  12.661   .349   .7438  3.7990  3.9384   1.262   .101  1.996
  12.656   .350   .7460  3.7985  3.9342   1.263   .101  2.007
  12.650   .356   .7494  3.7958  3.9205   1.264   .102  2.039
  12.644   .362   .7529  3.7930  3.9066   1.265   .102  2.073
  12.638   .367   .7566  3.7903  3.8927   1.266   .102  2.107
  12.632   .373   .7603  3.7877  3.8788   1.267   .103  2.142
  12.625   .379   .7640  3.7850  3.8649   1.268   .103  2.178
  12.627   .383   .7647  3.7828  3.8557   1.269   .103  2.202
  12.630   .388   .7644  3.7808  3.8482   1.270   .104  2.222
  12.633   .392   .7642  3.7788  3.8407   1.271   .104  2.242
  12.636   .396   .7642  3.7769  3.8332   1.272   .104  2.262
  12.638   .400   .7643  3.7750  3.8258   1.273   .105  2.282
  12.640   .404   .7646  3.7732  3.8184   1.274   .105  2.303
  12.642   .408   .7649  3.7714  3.8111   1.275   .106  2.323
  12.644   .412   .7654  3.7697  3.8038   1.276   .106  2.344
  12.645   .416   .7661  3.7680  3.7965   1.277   .106  2.364
  12.646   .420   .7668  3.7663  3.7893   1.278   .107  2.385
  12.671   .429   .7598  3.7620  3.7795   1.279   .107  2.413
  12.698   .439   .7526  3.7576  3.7696   1.280   .107  2.442
  12.726   .448   .7451  3.7533  3.7599   1.281   .108  2.470
  12.754   .457   .7376  3.7489  3.7503   1.282   .108  2.498
  12.777   .466   .7321  3.7451  3.7411   1.283   .108  2.526
  12.788   .471   .7303  3.7425  3.7327   1.284   .109  2.552
  12.799   .477   .7283  3.7398  3.7244   1.285   .109  2.577
  12.812   .483   .7262  3.7372  3.7164   1.286   .109  2.602
  12.825   .489   .7238  3.7345  3.7085   1.287   .110  2.626
  12.839   .496   .7213  3.7319  3.7009   1.288   .110  2.651
  12.856   .504   .7185  3.7282  3.6895   1.289   .110  2.687
  12.878   .514   .7149  3.7242  3.6775   1.290   .111  2.725
  12.903   .524   .7104  3.7200  3.6660   1.291   .111  2.763
  12.931   .534   .7051  3.7158  3.6550   1.292   .111  2.799
  12.921   .541   .7135  3.7129  3.6353   1.293   .112  2.864
  12.893   .547   .7278  3.7106  3.6119   1.294   .112  2.944
  12.867   .552   .7417  3.7083  3.5888   1.295   .112  3.024
  12.842   .558   .7552  3.7060  3.5661   1.296   .113  3.105
  12.819   .564   .7684  3.7037  3.5438   1.297   .113  3.187
  12.771   .570   .7908  3.7016  3.5132   1.298   .113  3.303
  12.723   .575   .8139  3.6995  3.4820   1.299   .114  3.425
  12.675   .581   .8366  3.6973  3.4512   1.300   .114  3.550
  12.642   .585   .8521  3.6960  3.4309   1.301   .114  3.635
  12.609   .588   .8677  3.6948  3.4105   1.302   .115  3.723
  12.576   .592   .8834  3.6935  3.3901   1.303   .115  3.813
  12.531   .596   .9035  3.6922  3.3651   1.304   .115  3.926
  12.463   .600   .9331  3.6909  3.3304   1.305   .116  4.087
  12.395   .604   .9628  3.6896  3.2957   1.306   .116  4.256
  12.327   .609   .9926  3.6883  3.2609   1.307   .116  4.432
  12.260   .613  1.0214  3.6870  3.2272   1.308   .117  4.608
  12.214   .615  1.0414  3.6862  3.2046   1.309   .117  4.732
  12.167   .618  1.0615  3.6854  3.1818   1.310   .117  4.860
  12.121   .621  1.0818  3.6847  3.1588   1.311   .118  4.992
  12.073   .623  1.1023  3.6839  3.1356   1.312   .118  5.129
  12.026   .626  1.1229  3.6831  3.1122   1.313   .118  5.271
  11.978   .629  1.1437  3.6823  3.0886   1.314   .119  5.418
  11.929   .632  1.1646  3.6815  3.0648   1.315   .119  5.571
  11.886   .634  1.1831  3.6808  3.0442   1.316   .119  5.707
  11.848   .636  1.1994  3.6804  3.0261   1.317   .120  5.829
  11.809   .638  1.2160  3.6799  3.0078   1.318   .120  5.955
  11.770   .640  1.2327  3.6794  2.9894   1.319   .120  6.086
  11.730   .641  1.2495  3.6788  2.9707   1.320   .121  6.220
  11.654   .646  1.2830  3.6775  2.9322   1.321   .121  6.504
  11.574   .651  1.3177  3.6760  2.8922   1.322   .121  6.813
  11.495   .656  1.3527  3.6745  2.8520   1.323   .122  7.139
  11.415   .662  1.3878  3.6731  2.8114   1.324   .122  7.483
  11.305   .670  1.4373  3.6707  2.7528   1.325   .122  8.009
  11.193   .678  1.4876  3.6682  2.6931   1.326   .123  8.581
  11.081   .687  1.5381  3.6658  2.6334   1.327   .123  9.196
  10.929   .700  1.6076  3.6622  2.5494   1.328   .123 10.133
  10.775   .714  1.6789  3.6585  2.4632   1.329   .124 11.195
  10.587   .732  1.7673  3.6535  2.3551   1.330   .124 12.684
  10.390   .753  1.8616  3.6480  2.2393   1.331   .124 14.497
  10.164   .781  1.9731  3.6410  2.0997   1.332   .125 17.031
   9.903   .827  2.1150  3.6295  1.9136   1.333   .125 21.109
   9.577   .890  2.2991  3.6143  1.6677   1.334   .125 28.027
   9.345   .949  2.4485  3.6013  1.4662   1.335   .125 35.359
   9.106  1.000  2.5888  3.5924  1.2905   1.336   .126 43.305
   8.814  1.119  2.8471  3.5724   .9532   1.337   .126 63.873
