  18.500   .903 -1.1691  3.5931  4.7026    .600  -.222   .571
  18.485   .901 -1.1658  3.5936  4.7020    .601  -.221   .572
  18.470   .899 -1.1625  3.5941  4.7015    .602  -.220   .573
  18.455   .897 -1.1592  3.5946  4.7010    .603  -.220   .573
  18.440   .895 -1.1559  3.5951  4.7005    .604  -.219   .574
  18.426   .893 -1.1526  3.5956  4.6999    .605  -.218   .575
  18.411   .891 -1.1493  3.5961  4.6994    .606  -.218   .576
  18.396   .889 -1.1460  3.5966  4.6989    .607  -.217   .577
  18.382   .886 -1.1427  3.5971  4.6984    .608  -.216   .578
  18.368   .884 -1.1394  3.5976  4.6979    .609  -.215   .578
  18.353   .882 -1.1362  3.5981  4.6973    .610  -.215   .579
  18.339   .880 -1.1329  3.5986  4.6968    .611  -.214   .580
  18.325   .878 -1.1296  3.5991  4.6963    .612  -.213   .581
  18.311   .876 -1.1264  3.5996  4.6958    .613  -.213   .582
  18.297   .874 -1.1231  3.6001  4.6953    .614  -.212   .583
  18.283   .872 -1.1199  3.6006  4.6948    .615  -.211   .583
  18.269   .870 -1.1166  3.6011  4.6943    .616  -.210   .584
  18.255   .868 -1.1134  3.6016  4.6937    .617  -.210   .585
  18.242   .866 -1.1102  3.6021  4.6932    .618  -.209   .586
  18.228   .864 -1.1070  3.6026  4.6927    .619  -.208   .587
  18.215   .862 -1.1037  3.6031  4.6922    .620  -.208   .587
  18.202   .860 -1.1005  3.6036  4.6917    .621  -.207   .588
  18.188   .858 -1.0973  3.6041  4.6912    .622  -.206   .589
  18.175   .856 -1.0941  3.6046  4.6907    .623  -.206   .590
  18.162   .854 -1.0909  3.6051  4.6902    .624  -.205   .591
  18.149   .852 -1.0877  3.6056  4.6897    .625  -.204   .592
  18.137   .850 -1.0845  3.6061  4.6892    .626  -.203   .592
  18.124   .848 -1.0813  3.6066  4.6887    .627  -.203   .593
  18.111   .846 -1.0782  3.6070  4.6882    .628  -.202   .594
  18.099   .844 -1.0750  3.6075  4.6877    .629  -.201   .595
  18.086   .842 -1.0718  3.6080  4.6872    .630  -.201   .596
  18.074   .840 -1.0687  3.6085  4.6867    .631  -.200   .596
  18.062   .838 -1.0655  3.6090  4.6862    .632  -.199   .597
  18.050   .836 -1.0624  3.6095  4.6857    .633  -.199   .598
  18.037   .834 -1.0592  3.6100  4.6852    .634  -.198   .599
  18.025   .832 -1.0561  3.6104  4.6847    .635  -.197   .600
  18.014   .830 -1.0529  3.6109  4.6842    .636  -.197   .600
  18.002   .828 -1.0498  3.6114  4.6837    .637  -.196   .601
  17.990   .826 -1.0467  3.6119  4.6832    .638  -.195   .602
  17.978   .824 -1.0435  3.6124  4.6827    .639  -.194   .603
  17.966   .822 -1.0404  3.6128  4.6822    .640  -.194   .604
  17.955   .820 -1.0373  3.6133  4.6817    .641  -.193   .605
  17.943   .818 -1.0342  3.6138  4.6812    .642  -.192   .605
  17.932   .816 -1.0311  3.6143  4.6807    .643  -.192   .606
  17.920   .814 -1.0280  3.6148  4.6802    .644  -.191   .607
  17.909   .812 -1.0249  3.6152  4.6797    .645  -.190   .608
  17.897   .811 -1.0218  3.6157  4.6792    .646  -.190   .609
  17.886   .809 -1.0187  3.6162  4.6787    .647  -.189   .609
  17.874   .807 -1.0156  3.6167  4.6782    .648  -.188   .610
  17.863   .805 -1.0126  3.6171  4.6778    .649  -.188   .611
  17.852   .803 -1.0095  3.6176  4.6773    .650  -.187   .612
  17.841   .801 -1.0064  3.6181  4.6768    .651  -.186   .613
  17.830   .799 -1.0034  3.6185  4.6763    .652  -.186   .614
  17.818   .797 -1.0003  3.6190  4.6758    .653  -.185   .614
  17.807   .795  -.9972  3.6195  4.6753    .654  -.184   .615
  17.796   .794  -.9942  3.6199  4.6748    .655  -.184   .616
  17.785   .792  -.9912  3.6204  4.6744    .656  -.183   .617
  17.774   .790  -.9881  3.6209  4.6739    .657  -.182   .618
  17.763   .788  -.9851  3.6213  4.6734    .658  -.182   .618
  17.752   .786  -.9820  3.6218  4.6729    .659  -.181   .619
  17.741   .784  -.9790  3.6223  4.6724    .660  -.180   .620
  17.730   .782  -.9760  3.6227  4.6720    .661  -.180   .621
  17.719   .781  -.9730  3.6232  4.6715    .662  -.179   .622
  17.708   .779  -.9700  3.6237  4.6710    .663  -.178   .622
  17.697   .777  -.9670  3.6241  4.6705    .664  -.178   .623
  17.686   .775  -.9640  3.6246  4.6700    .665  -.177   .624
  17.675   .773  -.9610  3.6250  4.6696    .666  -.177   .625
  17.664   .772  -.9580  3.6255  4.6691    .667  -.176   .626
  17.652   .770  -.9550  3.6260  4.6686    .668  -.175   .627
  17.641   .768  -.9520  3.6264  4.6681    .669  -.175   .627
  17.630   .766  -.9490  3.6269  4.6677    .670  -.174   .628
  17.619   .764  -.9460  3.6273  4.6672    .671  -.173   .629
  17.608   .763  -.9431  3.6278  4.6667    .672  -.173   .630
  17.597   .761  -.9401  3.6282  4.6663    .673  -.172   .631
  17.586   .759  -.9371  3.6287  4.6658    .674  -.171   .631
  17.575   .757  -.9342  3.6292  4.6653    .675  -.171   .632
  17.564   .755  -.9312  3.6296  4.6648    .676  -.170   .633
  17.553   .754  -.9283  3.6301  4.6644    .677  -.169   .634
  17.542   .752  -.9253  3.6305  4.6639    .678  -.169   .635
  17.531   .750  -.9224  3.6310  4.6634    .679  -.168   .635
  17.520   .748  -.9194  3.6314  4.6630    .680  -.167   .636
  17.509   .747  -.9165  3.6319  4.6625    .681  -.167   .637
  17.498   .745  -.9136  3.6323  4.6620    .682  -.166   .638
  17.487   .743  -.9106  3.6328  4.6616    .683  -.166   .639
  17.476   .742  -.9077  3.6332  4.6611    .684  -.165   .639
  17.465   .740  -.9048  3.6337  4.6606    .685  -.164   .640
  17.454   .738  -.9019  3.6341  4.6602    .686  -.164   .641
  17.444   .736  -.8990  3.6346  4.6597    .687  -.163   .642
  17.433   .735  -.8961  3.6350  4.6592    .688  -.162   .643
  17.422   .733  -.8932  3.6354  4.6588    .689  -.162   .644
  17.411   .731  -.8903  3.6359  4.6583    .690  -.161   .644
  17.400   .730  -.8874  3.6363  4.6579    .691  -.161   .645
  17.390   .728  -.8845  3.6368  4.6574    .692  -.160   .646
  17.379   .726  -.8816  3.6372  4.6569    .693  -.159   .647
  17.368   .725  -.8787  3.6377  4.6565    .694  -.159   .648
  17.358   .723  -.8759  3.6381  4.6560    .695  -.158   .648
  17.347   .721  -.8730  3.6385  4.6556    .696  -.157   .649
  17.336   .720  -.8701  3.6390  4.6551    .697  -.157   .650
  17.326   .718  -.8672  3.6394  4.6547    .698  -.156   .651
  17.315   .717  -.8644  3.6399  4.6542    .699  -.156   .652
  17.305   .715  -.8615  3.6403  4.6537    .700  -.155   .652
  17.294   .713  -.8586  3.6408  4.6533    .701  -.154   .653
  17.282   .712  -.8556  3.6413  4.6528    .702  -.154   .654
  17.271   .710  -.8526  3.6417  4.6523    .703  -.153   .655
  17.260   .708  -.8497  3.6422  4.6519    .704  -.152   .656
  17.249   .706  -.8467  3.6427  4.6514    .705  -.152   .657
  17.238   .705  -.8437  3.6431  4.6509    .706  -.151   .657
  17.227   .703  -.8408  3.6436  4.6505    .707  -.151   .658
  17.216   .701  -.8378  3.6441  4.6500    .708  -.150   .659
  17.205   .700  -.8349  3.6445  4.6495    .709  -.149   .660
  17.194   .698  -.8320  3.6450  4.6491    .710  -.149   .661
  17.183   .696  -.8290  3.6455  4.6486    .711  -.148   .661
  17.173   .695  -.8261  3.6459  4.6482    .712  -.148   .662
  17.162   .693  -.8232  3.6464  4.6477    .713  -.147   .663
  17.151   .692  -.8202  3.6469  4.6472    .714  -.146   .664
  17.140   .690  -.8173  3.6473  4.6468    .715  -.146   .665
  17.129   .688  -.8144  3.6478  4.6463    .716  -.145   .666
  17.119   .687  -.8115  3.6483  4.6458    .717  -.144   .666
  17.108   .685  -.8086  3.6487  4.6454    .718  -.144   .667
  17.097   .684  -.8057  3.6492  4.6449    .719  -.143   .668
  17.086   .682  -.8028  3.6497  4.6445    .720  -.143   .669
  17.076   .681  -.7999  3.6501  4.6440    .721  -.142   .670
  17.065   .679  -.7970  3.6506  4.6436    .722  -.141   .670
  17.054   .677  -.7941  3.6510  4.6431    .723  -.141   .671
  17.044   .676  -.7912  3.6515  4.6426    .724  -.140   .672
  17.033   .674  -.7884  3.6520  4.6422    .725  -.140   .673
  17.023   .673  -.7855  3.6524  4.6417    .726  -.139   .674
  17.012   .671  -.7826  3.6529  4.6413    .727  -.138   .675
  17.002   .670  -.7798  3.6533  4.6408    .728  -.138   .675
  16.991   .669  -.7769  3.6538  4.6404    .729  -.137   .676
  16.981   .667  -.7740  3.6542  4.6399    .730  -.137   .677
  16.970   .666  -.7712  3.6547  4.6395    .731  -.136   .678
  16.960   .664  -.7683  3.6551  4.6390    .732  -.135   .679
  16.949   .663  -.7655  3.6556  4.6386    .733  -.135   .679
  16.939   .662  -.7625  3.6561  4.6381    .734  -.134   .680
  16.927   .660  -.7594  3.6566  4.6375    .735  -.134   .681
  16.916   .659  -.7563  3.6571  4.6369    .736  -.133   .682
  16.905   .657  -.7532  3.6575  4.6364    .737  -.133   .683
  16.893   .656  -.7501  3.6580  4.6358    .738  -.132   .684
  16.882   .655  -.7470  3.6585  4.6353    .739  -.131   .685
  16.871   .653  -.7439  3.6590  4.6347    .740  -.131   .686
  16.860   .652  -.7408  3.6595  4.6341    .741  -.130   .687
  16.849   .650  -.7378  3.6600  4.6336    .742  -.130   .687
  16.838   .649  -.7347  3.6605  4.6330    .743  -.129   .688
  16.826   .648  -.7316  3.6610  4.6325    .744  -.128   .689
  16.815   .646  -.7285  3.6615  4.6319    .745  -.128   .690
  16.804   .645  -.7255  3.6619  4.6313    .746  -.127   .691
  16.793   .643  -.7224  3.6624  4.6308    .747  -.127   .692
  16.782   .642  -.7193  3.6629  4.6302    .748  -.126   .693
  16.771   .641  -.7163  3.6634  4.6297    .749  -.126   .694
  16.760   .639  -.7132  3.6639  4.6291    .750  -.125   .695
  16.749   .638  -.7101  3.6644  4.6286    .751  -.124   .696
  16.738   .637  -.7071  3.6649  4.6280    .752  -.124   .697
  16.727   .636  -.7040  3.6653  4.6275    .753  -.123   .697
  16.716   .634  -.7010  3.6658  4.6269    .754  -.123   .698
  16.705   .633  -.6979  3.6663  4.6263    .755  -.122   .699
  16.695   .632  -.6949  3.6668  4.6258    .756  -.121   .700
  16.684   .630  -.6919  3.6673  4.6252    .757  -.121   .701
  16.673   .629  -.6888  3.6678  4.6247    .758  -.120   .702
  16.662   .628  -.6858  3.6682  4.6241    .759  -.120   .703
  16.651   .627  -.6827  3.6687  4.6236    .760  -.119   .704
  16.640   .625  -.6797  3.6692  4.6230    .761  -.119   .705
  16.630   .624  -.6767  3.6697  4.6225    .762  -.118   .706
  16.619   .623  -.6737  3.6702  4.6219    .763  -.117   .707
  16.608   .622  -.6706  3.6706  4.6214    .764  -.117   .707
  16.597   .620  -.6676  3.6711  4.6208    .765  -.116   .708
  16.587   .619  -.6646  3.6716  4.6203    .766  -.116   .709
  16.576   .618  -.6616  3.6721  4.6197    .767  -.115   .710
  16.565   .617  -.6586  3.6726  4.6192    .768  -.115   .711
  16.555   .616  -.6555  3.6730  4.6186    .769  -.114   .712
  16.544   .614  -.6525  3.6735  4.6181    .770  -.114   .713
  16.533   .613  -.6495  3.6740  4.6175    .771  -.113   .714
  16.523   .612  -.6465  3.6745  4.6170    .772  -.112   .715
  16.512   .611  -.6435  3.6750  4.6164    .773  -.112   .716
  16.502   .610  -.6405  3.6754  4.6159    .774  -.111   .717
  16.491   .608  -.6375  3.6759  4.6153    .775  -.111   .718
  16.481   .607  -.6345  3.6764  4.6148    .776  -.110   .718
  16.470   .606  -.6315  3.6769  4.6142    .777  -.110   .719
  16.460   .605  -.6285  3.6774  4.6137    .778  -.109   .720
  16.449   .604  -.6256  3.6778  4.6131    .779  -.108   .721
  16.439   .603  -.6226  3.6783  4.6126    .780  -.108   .722
  16.428   .601  -.6196  3.6788  4.6120    .781  -.107   .723
  16.418   .600  -.6166  3.6793  4.6115    .782  -.107   .724
  16.408   .599  -.6136  3.6797  4.6109    .783  -.106   .725
  16.397   .598  -.6106  3.6802  4.6104    .784  -.106   .726
  16.387   .597  -.6077  3.6807  4.6098    .785  -.105   .727
  16.376   .596  -.6047  3.6812  4.6093    .786  -.105   .728
  16.366   .594  -.6017  3.6816  4.6087    .787  -.104   .729
  16.356   .593  -.5987  3.6821  4.6082    .788  -.103   .730
  16.345   .592  -.5958  3.6826  4.6076    .789  -.103   .730
  16.335   .591  -.5928  3.6831  4.6071    .790  -.102   .731
  16.325   .590  -.5898  3.6835  4.6065    .791  -.102   .732
  16.315   .589  -.5869  3.6840  4.6060    .792  -.101   .733
  16.304   .588  -.5839  3.6845  4.6055    .793  -.101   .734
  16.294   .586  -.5809  3.6850  4.6049    .794  -.100   .735
  16.284   .585  -.5780  3.6854  4.6044    .795  -.100   .736
  16.274   .584  -.5750  3.6859  4.6038    .796  -.099   .737
  16.264   .583  -.5721  3.6864  4.6033    .797  -.099   .738
  16.253   .582  -.5691  3.6869  4.6027    .798  -.098   .739
  16.243   .581  -.5662  3.6873  4.6022    .799  -.097   .740
  16.233   .580  -.5632  3.6878  4.6016    .800  -.097   .741
  16.223   .579  -.5603  3.6883  4.6011    .801  -.096   .742
  16.214   .578  -.5575  3.6887  4.6005    .802  -.096   .742
  16.204   .577  -.5546  3.6891  4.5999    .803  -.095   .743
  16.194   .576  -.5517  3.6896  4.5994    .804  -.095   .744
  16.185   .575  -.5489  3.6900  4.5988    .805  -.094   .745
  16.175   .574  -.5460  3.6905  4.5983    .806  -.094   .746
  16.166   .573  -.5432  3.6909  4.5977    .807  -.093   .747
  16.156   .572  -.5403  3.6913  4.5971    .808  -.093   .748
  16.146   .571  -.5375  3.6918  4.5966    .809  -.092   .749
  16.137   .570  -.5346  3.6922  4.5960    .810  -.092   .750
  16.127   .569  -.5318  3.6927  4.5954    .811  -.091   .751
  16.118   .568  -.5289  3.6931  4.5949    .812  -.090   .752
  16.108   .567  -.5261  3.6935  4.5943    .813  -.090   .753
  16.099   .566  -.5233  3.6940  4.5937    .814  -.089   .754
  16.089   .565  -.5204  3.6944  4.5932    .815  -.089   .755
  16.080   .564  -.5176  3.6948  4.5926    .816  -.088   .756
  16.071   .563  -.5148  3.6953  4.5920    .817  -.088   .757
  16.061   .562  -.5119  3.6957  4.5915    .818  -.087   .758
  16.052   .561  -.5091  3.6961  4.5909    .819  -.087   .759
  16.043   .560  -.5063  3.6966  4.5904    .820  -.086   .760
  16.033   .559  -.5035  3.6970  4.5898    .821  -.086   .761
  16.024   .558  -.5007  3.6974  4.5892    .822  -.085   .762
  16.015   .557  -.4979  3.6979  4.5886    .823  -.085   .762
  16.005   .556  -.4950  3.6983  4.5881    .824  -.084   .763
  15.996   .555  -.4922  3.6987  4.5875    .825  -.084   .764
  15.987   .554  -.4894  3.6992  4.5869    .826  -.083   .765
  15.978   .553  -.4866  3.6996  4.5864    .827  -.082   .766
  15.969   .552  -.4838  3.7000  4.5858    .828  -.082   .767
  15.959   .551  -.4810  3.7004  4.5852    .829  -.081   .768
  15.950   .550  -.4782  3.7009  4.5847    .830  -.081   .769
  15.941   .550  -.4754  3.7013  4.5841    .831  -.080   .770
  15.932   .549  -.4726  3.7017  4.5835    .832  -.080   .771
  15.923   .548  -.4699  3.7022  4.5830    .833  -.079   .772
  15.914   .547  -.4671  3.7026  4.5824    .834  -.079   .773
  15.905   .546  -.4643  3.7030  4.5818    .835  -.078   .774
  15.896   .545  -.4615  3.7034  4.5812    .836  -.078   .775
  15.887   .544  -.4587  3.7038  4.5807    .837  -.077   .776
  15.878   .543  -.4559  3.7043  4.5801    .838  -.077   .777
  15.869   .542  -.4532  3.7047  4.5795    .839  -.076   .778
  15.860   .541  -.4504  3.7051  4.5789    .840  -.076   .779
  15.851   .540  -.4476  3.7055  4.5784    .841  -.075   .780
  15.842   .540  -.4449  3.7060  4.5778    .842  -.075   .781
  15.833   .539  -.4421  3.7064  4.5772    .843  -.074   .782
  15.824   .538  -.4393  3.7068  4.5766    .844  -.074   .783
  15.816   .537  -.4366  3.7072  4.5761    .845  -.073   .784
  15.807   .536  -.4338  3.7076  4.5755    .846  -.073   .785
  15.798   .535  -.4310  3.7080  4.5749    .847  -.072   .786
  15.789   .534  -.4283  3.7085  4.5743    .848  -.072   .787
  15.780   .533  -.4255  3.7089  4.5738    .849  -.071   .788
  15.772   .533  -.4228  3.7093  4.5732    .850  -.071   .789
  15.763   .532  -.4200  3.7097  4.5726    .851  -.070   .790
  15.754   .531  -.4173  3.7101  4.5720    .852  -.070   .791
  15.745   .530  -.4145  3.7105  4.5714    .853  -.069   .792
  15.737   .529  -.4118  3.7110  4.5709    .854  -.069   .793
  15.728   .528  -.4090  3.7114  4.5703    .855  -.068   .794
  15.720   .527  -.4063  3.7118  4.5697    .856  -.068   .795
  15.711   .527  -.4036  3.7122  4.5691    .857  -.067   .796
  15.702   .526  -.4008  3.7126  4.5685    .858  -.067   .797
  15.694   .525  -.3981  3.7130  4.5679    .859  -.066   .798
  15.685   .524  -.3954  3.7134  4.5674    .860  -.066   .799
  15.677   .523  -.3926  3.7138  4.5668    .861  -.065   .800
  15.668   .522  -.3899  3.7142  4.5662    .862  -.064   .801
  15.660   .521  -.3872  3.7147  4.5656    .863  -.064   .802
  15.651   .521  -.3844  3.7151  4.5650    .864  -.063   .803
  15.643   .520  -.3817  3.7155  4.5644    .865  -.063   .804
  15.634   .519  -.3790  3.7159  4.5639    .866  -.062   .805
  15.626   .518  -.3763  3.7163  4.5633    .867  -.062   .806
  15.617   .517  -.3736  3.7167  4.5627    .868  -.061   .807
  15.609   .516  -.3709  3.7171  4.5621    .869  -.061   .808
  15.600   .516  -.3681  3.7175  4.5615    .870  -.060   .809
  15.592   .515  -.3654  3.7179  4.5609    .871  -.060   .810
  15.584   .514  -.3627  3.7183  4.5603    .872  -.059   .811
  15.575   .513  -.3600  3.7187  4.5597    .873  -.059   .812
  15.567   .512  -.3573  3.7191  4.5591    .874  -.058   .813
  15.559   .512  -.3546  3.7195  4.5585    .875  -.058   .814
  15.550   .511  -.3519  3.7199  4.5579    .876  -.057   .815
  15.542   .510  -.3492  3.7203  4.5574    .877  -.057   .816
  15.534   .509  -.3465  3.7207  4.5568    .878  -.057   .817
  15.526   .508  -.3438  3.7211  4.5562    .879  -.056   .818
  15.517   .507  -.3411  3.7215  4.5556    .880  -.056   .819
  15.509   .507  -.3384  3.7219  4.5550    .881  -.055   .820
  15.501   .506  -.3357  3.7223  4.5544    .882  -.055   .821
  15.493   .505  -.3330  3.7227  4.5538    .883  -.054   .822
  15.485   .504  -.3303  3.7231  4.5532    .884  -.054   .823
  15.477   .503  -.3276  3.7235  4.5526    .885  -.053   .824
  15.469   .503  -.3249  3.7239  4.5520    .886  -.053   .825
  15.461   .502  -.3223  3.7243  4.5514    .887  -.052   .826
  15.452   .501  -.3196  3.7247  4.5508    .888  -.052   .827
  15.444   .500  -.3169  3.7251  4.5502    .889  -.051   .828
  15.436   .500  -.3142  3.7255  4.5496    .890  -.051   .829
  15.428   .499  -.3115  3.7259  4.5490    .891  -.050   .830
  15.420   .498  -.3089  3.7263  4.5484    .892  -.050   .832
  15.412   .497  -.3062  3.7267  4.5478    .893  -.049   .833
  15.405   .496  -.3035  3.7271  4.5471    .894  -.049   .834
  15.397   .496  -.3008  3.7275  4.5465    .895  -.048   .835
  15.389   .495  -.2981  3.7279  4.5459    .896  -.048   .836
  15.381   .494  -.2955  3.7283  4.5453    .897  -.047   .837
  15.373   .493  -.2928  3.7287  4.5447    .898  -.047   .838
  15.365   .492  -.2901  3.7291  4.5441    .899  -.046   .839
  15.357   .492  -.2875  3.7294  4.5435    .900  -.046   .840
  15.349   .491  -.2847  3.7298  4.5426    .901  -.045   .841
  15.341   .490  -.2819  3.7301  4.5417    .902  -.045   .843
  15.333   .490  -.2792  3.7305  4.5408    .903  -.044   .844
  15.325   .489  -.2764  3.7308  4.5399    .904  -.044   .845
  15.317   .488  -.2736  3.7312  4.5390    .905  -.043   .847
  15.309   .488  -.2708  3.7315  4.5381    .906  -.043   .848
  15.301   .487  -.2680  3.7319  4.5371    .907  -.042   .849
  15.293   .486  -.2652  3.7322  4.5362    .908  -.042   .851
  15.285   .486  -.2624  3.7326  4.5353    .909  -.041   .852
  15.277   .485  -.2597  3.7329  4.5344    .910  -.041   .853
  15.270   .484  -.2569  3.7332  4.5335    .911  -.040   .855
  15.262   .484  -.2541  3.7336  4.5326    .912  -.040   .856
  15.254   .483  -.2513  3.7339  4.5317    .913  -.040   .858
  15.246   .482  -.2486  3.7343  4.5307    .914  -.039   .859
  15.238   .482  -.2458  3.7346  4.5298    .915  -.039   .860
  15.230   .481  -.2430  3.7350  4.5289    .916  -.038   .862
  15.222   .480  -.2403  3.7353  4.5280    .917  -.038   .863
  15.214   .480  -.2375  3.7356  4.5271    .918  -.037   .864
  15.206   .479  -.2348  3.7360  4.5262    .919  -.037   .866
  15.199   .478  -.2320  3.7363  4.5253    .920  -.036   .867
  15.191   .478  -.2293  3.7367  4.5244    .921  -.036   .869
  15.183   .477  -.2265  3.7370  4.5234    .922  -.035   .870
  15.175   .476  -.2237  3.7373  4.5225    .923  -.035   .871
  15.167   .476  -.2210  3.7377  4.5216    .924  -.034   .873
  15.160   .475  -.2183  3.7380  4.5207    .925  -.034   .874
  15.152   .474  -.2155  3.7383  4.5198    .926  -.033   .876
  15.144   .474  -.2128  3.7387  4.5189    .927  -.033   .877
  15.136   .473  -.2100  3.7390  4.5179    .928  -.032   .878
  15.128   .472  -.2073  3.7394  4.5170    .929  -.032   .880
  15.121   .472  -.2045  3.7397  4.5161    .930  -.032   .881
  15.113   .471  -.2018  3.7400  4.5152    .931  -.031   .883
  15.105   .470  -.1991  3.7404  4.5143    .932  -.031   .884
  15.097   .470  -.1963  3.7407  4.5134    .933  -.030   .885
  15.090   .469  -.1936  3.7410  4.5125    .934  -.030   .887
  15.082   .468  -.1909  3.7414  4.5115    .935  -.029   .888
  15.074   .468  -.1882  3.7417  4.5106    .936  -.029   .890
  15.067   .467  -.1854  3.7420  4.5097    .937  -.028   .891
  15.059   .466  -.1827  3.7424  4.5088    .938  -.028   .892
  15.051   .466  -.1800  3.7427  4.5079    .939  -.027   .894
  15.044   .465  -.1773  3.7430  4.5069    .940  -.027   .895
  15.036   .464  -.1746  3.7433  4.5060    .941  -.026   .897
  15.028   .464  -.1718  3.7437  4.5051    .942  -.026   .898
  15.021   .463  -.1691  3.7440  4.5042    .943  -.025   .900
  15.013   .462  -.1664  3.7443  4.5033    .944  -.025   .901
  15.005   .462  -.1637  3.7447  4.5023    .945  -.025   .902
  14.998   .461  -.1610  3.7450  4.5014    .946  -.024   .904
  14.990   .461  -.1583  3.7453  4.5005    .947  -.024   .905
  14.983   .460  -.1556  3.7456  4.4996    .948  -.023   .907
  14.975   .459  -.1529  3.7460  4.4987    .949  -.023   .908
  14.968   .459  -.1502  3.7463  4.4977    .950  -.022   .910
  14.960   .458  -.1475  3.7466  4.4968    .951  -.022   .911
  14.952   .457  -.1448  3.7470  4.4959    .952  -.021   .913
  14.945   .457  -.1421  3.7473  4.4950    .953  -.021   .914
  14.937   .456  -.1394  3.7476  4.4940    .954  -.020   .915
  14.930   .455  -.1367  3.7479  4.4931    .955  -.020   .917
  14.922   .455  -.1340  3.7483  4.4922    .956  -.020   .918
  14.915   .454  -.1313  3.7486  4.4913    .957  -.019   .920
  14.907   .453  -.1286  3.7489  4.4903    .958  -.019   .921
  14.900   .453  -.1259  3.7492  4.4894    .959  -.018   .923
  14.892   .452  -.1232  3.7495  4.4885    .960  -.018   .924
  14.885   .452  -.1205  3.7499  4.4876    .961  -.017   .926
  14.877   .451  -.1179  3.7502  4.4866    .962  -.017   .927
  14.870   .450  -.1152  3.7505  4.4857    .963  -.016   .929
  14.862   .450  -.1125  3.7508  4.4848    .964  -.016   .930
  14.855   .449  -.1098  3.7511  4.4838    .965  -.015   .932
  14.848   .448  -.1071  3.7515  4.4829    .966  -.015   .933
  14.840   .448  -.1045  3.7518  4.4820    .967  -.015   .935
  14.833   .447  -.1018  3.7521  4.4811    .968  -.014   .936
  14.825   .446  -.0991  3.7524  4.4801    .969  -.014   .937
  14.818   .446  -.0964  3.7527  4.4792    .970  -.013   .939
  14.811   .445  -.0938  3.7531  4.4783    .971  -.013   .940
  14.803   .445  -.0911  3.7534  4.4773    .972  -.012   .942
  14.796   .444  -.0884  3.7537  4.4764    .973  -.012   .943
  14.788   .443  -.0858  3.7540  4.4755    .974  -.011   .945
  14.781   .443  -.0831  3.7543  4.4745    .975  -.011   .946
  14.774   .442  -.0804  3.7546  4.4736    .976  -.011   .948
  14.766   .441  -.0778  3.7550  4.4726    .977  -.010   .949
  14.759   .441  -.0751  3.7553  4.4717    .978  -.010   .951
  14.752   .440  -.0724  3.7556  4.4708    .979  -.009   .953
  14.744   .439  -.0698  3.7559  4.4698    .980  -.009   .954
  14.737   .439  -.0671  3.7562  4.4689    .981  -.008   .956
  14.730   .438  -.0645  3.7565  4.4680    .982  -.008   .957
  14.722   .438  -.0618  3.7568  4.4670    .983  -.007   .959
  14.715   .437  -.0591  3.7572  4.4661    .984  -.007   .960
  14.708   .436  -.0565  3.7575  4.4651    .985  -.007   .962
  14.700   .436  -.0538  3.7578  4.4642    .986  -.006   .963
  14.693   .435  -.0512  3.7581  4.4632    .987  -.006   .965
  14.686   .434  -.0485  3.7584  4.4623    .988  -.005   .966
  14.679   .434  -.0459  3.7587  4.4613    .989  -.005   .968
  14.671   .433  -.0432  3.7590  4.4604    .990  -.004   .969
  14.664   .433  -.0406  3.7593  4.4595    .991  -.004   .971
  14.657   .432  -.0379  3.7596  4.4585    .992  -.003   .972
  14.650   .431  -.0353  3.7600  4.4576    .993  -.003   .974
  14.642   .431  -.0326  3.7603  4.4566    .994  -.003   .976
  14.635   .430  -.0300  3.7606  4.4557    .995  -.002   .977
  14.628   .429  -.0274  3.7609  4.4547    .996  -.002   .979
  14.621   .429  -.0247  3.7612  4.4537    .997  -.001   .980
  14.614   .428  -.0221  3.7615  4.4528    .998  -.001   .982
  14.606   .427  -.0194  3.7618  4.4518    .999   .000   .983
  14.599   .427  -.0168  3.7621  4.4509   1.000   .000   .985
  14.592   .426  -.0142  3.7624  4.4497   1.001   .000   .987
  14.585   .426  -.0116  3.7626  4.4486   1.002   .001   .989
  14.578   .425  -.0090  3.7629  4.4475   1.003   .001   .990
  14.571   .425  -.0064  3.7631  4.4463   1.004   .002   .992
  14.564   .424  -.0038  3.7634  4.4452   1.005   .002   .994
  14.557   .424  -.0012  3.7636  4.4440   1.006   .003   .996
  14.550   .423   .0014  3.7639  4.4429   1.007   .003   .998
  14.543   .423   .0040  3.7641  4.4418   1.008   .003   .999
  14.536   .422   .0066  3.7644  4.4406   1.009   .004  1.001
  14.530   .422   .0091  3.7646  4.4395   1.010   .004  1.003
  14.523   .421   .0117  3.7649  4.4383   1.011   .005  1.005
  14.516   .421   .0143  3.7651  4.4372   1.012   .005  1.007
  14.509   .420   .0169  3.7654  4.4361   1.013   .006  1.008
  14.502   .420   .0195  3.7656  4.4349   1.014   .006  1.010
  14.495   .419   .0220  3.7659  4.4338   1.015   .006  1.012
  14.488   .418   .0246  3.7661  4.4326   1.016   .007  1.014
  14.481   .418   .0272  3.7664  4.4315   1.017   .007  1.016
  14.474   .417   .0297  3.7666  4.4303   1.018   .008  1.018
  14.467   .417   .0323  3.7669  4.4292   1.019   .008  1.019
  14.461   .416   .0349  3.7671  4.4280   1.020   .009  1.021
  14.454   .416   .0374  3.7674  4.4269   1.021   .009  1.023
  14.447   .415   .0400  3.7676  4.4257   1.022   .009  1.025
  14.440   .415   .0426  3.7679  4.4246   1.023   .010  1.027
  14.433   .414   .0451  3.7681  4.4234   1.024   .010  1.029
  14.426   .414   .0477  3.7683  4.4222   1.025   .011  1.031
  14.420   .413   .0502  3.7686  4.4211   1.026   .011  1.033
  14.413   .413   .0528  3.7688  4.4199   1.027   .012  1.034
  14.406   .412   .0553  3.7691  4.4188   1.028   .012  1.036
  14.399   .412   .0579  3.7693  4.4176   1.029   .012  1.038
  14.392   .411   .0604  3.7696  4.4165   1.030   .013  1.040
  14.386   .411   .0630  3.7698  4.4153   1.031   .013  1.042
  14.379   .410   .0655  3.7701  4.4141   1.032   .014  1.044
  14.372   .410   .0681  3.7703  4.4130   1.033   .014  1.046
  14.365   .409   .0706  3.7705  4.4118   1.034   .015  1.048
  14.359   .409   .0732  3.7708  4.4106   1.035   .015  1.050
  14.352   .408   .0757  3.7710  4.4095   1.036   .015  1.051
  14.345   .408   .0782  3.7713  4.4083   1.037   .016  1.053
  14.338   .407   .0808  3.7715  4.4071   1.038   .016  1.055
  14.332   .407   .0833  3.7717  4.4060   1.039   .017  1.057
  14.325   .406   .0858  3.7720  4.4048   1.040   .017  1.059
  14.318   .406   .0884  3.7722  4.4036   1.041   .017  1.061
  14.311   .405   .0909  3.7725  4.4025   1.042   .018  1.063
  14.305   .405   .0934  3.7727  4.4013   1.043   .018  1.065
  14.298   .404   .0959  3.7729  4.4001   1.044   .019  1.067
  14.291   .404   .0985  3.7732  4.3989   1.045   .019  1.069
  14.285   .403   .1010  3.7734  4.3978   1.046   .020  1.071
  14.278   .403   .1035  3.7737  4.3966   1.047   .020  1.073
  14.271   .402   .1060  3.7739  4.3954   1.048   .020  1.075
  14.265   .401   .1085  3.7741  4.3942   1.049   .021  1.077
  14.258   .401   .1111  3.7744  4.3930   1.050   .021  1.079
  14.251   .400   .1136  3.7746  4.3919   1.051   .022  1.081
  14.245   .400   .1161  3.7748  4.3907   1.052   .022  1.083
  14.238   .399   .1186  3.7751  4.3895   1.053   .022  1.085
  14.231   .399   .1211  3.7753  4.3883   1.054   .023  1.087
  14.225   .398   .1236  3.7755  4.3871   1.055   .023  1.089
  14.218   .398   .1261  3.7758  4.3859   1.056   .024  1.091
  14.211   .397   .1286  3.7760  4.3847   1.057   .024  1.093
  14.205   .397   .1311  3.7763  4.3836   1.058   .024  1.095
  14.198   .396   .1336  3.7765  4.3824   1.059   .025  1.097
  14.192   .396   .1361  3.7767  4.3812   1.060   .025  1.099
  14.185   .395   .1386  3.7770  4.3800   1.061   .026  1.101
  14.178   .395   .1411  3.7772  4.3788   1.062   .026  1.103
  14.172   .394   .1436  3.7774  4.3776   1.063   .027  1.105
  14.165   .394   .1461  3.7776  4.3764   1.064   .027  1.107
  14.159   .393   .1486  3.7779  4.3752   1.065   .027  1.109
  14.152   .393   .1512  3.7781  4.3739   1.066   .028  1.111
  14.145   .392   .1538  3.7783  4.3726   1.067   .028  1.113
  14.138   .392   .1564  3.7786  4.3712   1.068   .029  1.116
  14.131   .391   .1590  3.7788  4.3699   1.069   .029  1.118
  14.125   .391   .1616  3.7790  4.3686   1.070   .029  1.120
  14.118   .390   .1641  3.7793  4.3672   1.071   .030  1.122
  14.111   .390   .1667  3.7795  4.3659   1.072   .030  1.125
  14.104   .389   .1693  3.7797  4.3646   1.073   .031  1.127
  14.098   .389   .1719  3.7799  4.3632   1.074   .031  1.129
  14.091   .388   .1744  3.7802  4.3619   1.075   .031  1.131
  14.084   .388   .1770  3.7804  4.3605   1.076   .032  1.134
  14.077   .387   .1796  3.7806  4.3592   1.077   .032  1.136
  14.071   .387   .1822  3.7809  4.3578   1.078   .033  1.138
  14.064   .386   .1847  3.7811  4.3564   1.079   .033  1.141
  14.057   .386   .1873  3.7813  4.3551   1.080   .033  1.143
  14.050   .385   .1899  3.7815  4.3537   1.081   .034  1.145
  14.044   .385   .1925  3.7817  4.3523   1.082   .034  1.148
  14.037   .384   .1950  3.7820  4.3509   1.083   .035  1.150
  14.030   .384   .1976  3.7822  4.3494   1.084   .035  1.153
  14.023   .383   .2004  3.7823  4.3478   1.085   .035  1.155
  14.016   .383   .2032  3.7825  4.3460   1.086   .036  1.158
  14.009   .383   .2060  3.7826  4.3442   1.087   .036  1.161
  14.002   .382   .2088  3.7827  4.3424   1.088   .037  1.164
  13.994   .382   .2115  3.7829  4.3406   1.089   .037  1.167
  13.987   .382   .2143  3.7830  4.3388   1.090   .037  1.170
  13.980   .381   .2171  3.7831  4.3370   1.091   .038  1.173
  13.973   .381   .2198  3.7833  4.3353   1.092   .038  1.176
  13.966   .381   .2226  3.7834  4.3335   1.093   .039  1.179
  13.959   .381   .2253  3.7835  4.3317   1.094   .039  1.182
  13.952   .380   .2281  3.7836  4.3300   1.095   .039  1.185
  13.945   .380   .2308  3.7838  4.3282   1.096   .040  1.188
  13.938   .380   .2335  3.7839  4.3265   1.097   .040  1.191
  13.931   .380   .2362  3.7840  4.3247   1.098   .041  1.193
  13.924   .379   .2389  3.7841  4.3230   1.099   .041  1.196
  13.917   .379   .2416  3.7842  4.3212   1.100   .041  1.199
  13.911   .379   .2440  3.7843  4.3197   1.101   .042  1.202
  13.905   .379   .2464  3.7844  4.3181   1.102   .042  1.205
  13.899   .378   .2487  3.7845  4.3166   1.103   .043  1.207
  13.893   .378   .2511  3.7846  4.3151   1.104   .043  1.210
  13.887   .378   .2535  3.7847  4.3135   1.105   .043  1.213
  13.881   .378   .2558  3.7848  4.3120   1.106   .044  1.215
  13.875   .377   .2582  3.7849  4.3104   1.107   .044  1.218
  13.869   .377   .2605  3.7850  4.3089   1.108   .045  1.221
  13.863   .377   .2628  3.7851  4.3074   1.109   .045  1.224
  13.857   .377   .2652  3.7852  4.3058   1.110   .045  1.226
  13.851   .377   .2675  3.7853  4.3043   1.111   .046  1.229
  13.845   .376   .2698  3.7854  4.3027   1.112   .046  1.232
  13.839   .376   .2722  3.7855  4.3012   1.113   .046  1.235
  13.833   .376   .2745  3.7855  4.2996   1.114   .047  1.237
  13.827   .376   .2768  3.7856  4.2981   1.115   .047  1.240
  13.821   .376   .2791  3.7857  4.2965   1.116   .048  1.243
  13.816   .375   .2814  3.7858  4.2950   1.117   .048  1.246
  13.810   .375   .2837  3.7859  4.2934   1.118   .048  1.248
  13.804   .375   .2861  3.7860  4.2919   1.119   .049  1.251
  13.798   .375   .2884  3.7861  4.2903   1.120   .049  1.254
  13.792   .375   .2907  3.7861  4.2888   1.121   .050  1.257
  13.786   .374   .2929  3.7862  4.2872   1.122   .050  1.260
  13.780   .374   .2952  3.7863  4.2856   1.123   .050  1.262
  13.775   .374   .2975  3.7864  4.2841   1.124   .051  1.265
  13.769   .374   .2998  3.7864  4.2825   1.125   .051  1.268
  13.763   .374   .3021  3.7865  4.2810   1.126   .052  1.271
  13.757   .374   .3044  3.7866  4.2794   1.127   .052  1.274
  13.751   .373   .3066  3.7867  4.2778   1.128   .052  1.277
  13.746   .373   .3089  3.7867  4.2763   1.129   .053  1.280
  13.740   .373   .3112  3.7868  4.2747   1.130   .053  1.282
  13.734   .373   .3134  3.7869  4.2731   1.131   .053  1.285
  13.728   .373   .3157  3.7869  4.2716   1.132   .054  1.288
  13.723   .373   .3180  3.7870  4.2700   1.133   .054  1.291
  13.717   .372   .3202  3.7871  4.2684   1.134   .055  1.294
  13.711   .372   .3225  3.7871  4.2668   1.135   .055  1.297
  13.705   .372   .3247  3.7872  4.2653   1.136   .055  1.300
  13.700   .372   .3270  3.7872  4.2637   1.137   .056  1.303
  13.694   .372   .3292  3.7873  4.2621   1.138   .056  1.306
  13.688   .372   .3314  3.7874  4.2605   1.139   .057  1.309
  13.683   .372   .3337  3.7874  4.2589   1.140   .057  1.312
  13.677   .371   .3359  3.7875  4.2573   1.141   .057  1.315
  13.671   .371   .3381  3.7875  4.2557   1.142   .058  1.318
  13.666   .371   .3403  3.7876  4.2542   1.143   .058  1.321
  13.660   .371   .3425  3.7876  4.2526   1.144   .058  1.324
  13.655   .371   .3448  3.7877  4.2510   1.145   .059  1.327
  13.649   .371   .3470  3.7877  4.2494   1.146   .059  1.330
  13.643   .371   .3492  3.7878  4.2478   1.147   .060  1.333
  13.638   .371   .3514  3.7878  4.2462   1.148   .060  1.336
  13.632   .371   .3536  3.7879  4.2446   1.149   .060  1.339
  13.627   .370   .3558  3.7879  4.2430   1.150   .061  1.342
  13.621   .370   .3580  3.7880  4.2414   1.151   .061  1.345
  13.616   .370   .3602  3.7880  4.2398   1.152   .061  1.348
  13.610   .370   .3623  3.7880  4.2381   1.153   .062  1.351
  13.605   .370   .3645  3.7881  4.2365   1.154   .062  1.354
  13.599   .370   .3667  3.7881  4.2349   1.155   .063  1.357
  13.594   .370   .3688  3.7881  4.2331   1.156   .063  1.361
  13.588   .370   .3710  3.7881  4.2313   1.157   .063  1.364
  13.583   .370   .3731  3.7881  4.2295   1.158   .064  1.368
  13.578   .370   .3752  3.7881  4.2277   1.159   .064  1.371
  13.572   .370   .3773  3.7881  4.2259   1.160   .064  1.375
  13.567   .370   .3795  3.7880  4.2240   1.161   .065  1.378
  13.562   .370   .3816  3.7880  4.2222   1.162   .065  1.382
  13.557   .370   .3837  3.7880  4.2204   1.163   .066  1.385
  13.551   .370   .3858  3.7880  4.2185   1.164   .066  1.389
  13.546   .370   .3878  3.7880  4.2167   1.165   .066  1.392
  13.541   .370   .3899  3.7879  4.2149   1.166   .067  1.396
  13.536   .370   .3920  3.7879  4.2130   1.167   .067  1.399
  13.531   .370   .3941  3.7879  4.2111   1.168   .067  1.403
  13.525   .371   .3961  3.7878  4.2093   1.169   .068  1.406
  13.520   .371   .3982  3.7878  4.2074   1.170   .068  1.410
  13.515   .371   .4002  3.7877  4.2056   1.171   .069  1.414
  13.510   .371   .4023  3.7877  4.2037   1.172   .069  1.417
  13.505   .371   .4043  3.7876  4.2018   1.173   .069  1.421
  13.500   .371   .4064  3.7876  4.1999   1.174   .070  1.425
  13.495   .371   .4084  3.7875  4.1980   1.175   .070  1.428
  13.490   .371   .4104  3.7875  4.1961   1.176   .070  1.432
  13.485   .371   .4124  3.7874  4.1942   1.177   .071  1.436
  13.480   .371   .4144  3.7874  4.1923   1.178   .071  1.440
  13.475   .372   .4164  3.7873  4.1904   1.179   .072  1.443
  13.470   .372   .4184  3.7872  4.1885   1.180   .072  1.447
  13.465   .372   .4204  3.7872  4.1866   1.181   .072  1.451
  13.461   .372   .4224  3.7871  4.1847   1.182   .073  1.455
  13.456   .372   .4243  3.7870  4.1827   1.183   .073  1.459
  13.451   .372   .4263  3.7869  4.1808   1.184   .073  1.463
  13.446   .373   .4283  3.7868  4.1788   1.185   .074  1.467
  13.441   .373   .4302  3.7868  4.1769   1.186   .074  1.470
  13.437   .373   .4321  3.7867  4.1749   1.187   .074  1.474
  13.432   .373   .4341  3.7866  4.1730   1.188   .075  1.478
  13.427   .373   .4360  3.7865  4.1710   1.189   .075  1.482
  13.422   .374   .4379  3.7864  4.1690   1.190   .076  1.486
  13.418   .374   .4398  3.7863  4.1670   1.191   .076  1.490
  13.413   .374   .4418  3.7862  4.1650   1.192   .076  1.494
  13.408   .374   .4437  3.7861  4.1630   1.193   .077  1.499
  13.404   .375   .4455  3.7859  4.1610   1.194   .077  1.503
  13.399   .375   .4474  3.7858  4.1590   1.195   .077  1.507
  13.395   .375   .4493  3.7857  4.1570   1.196   .078  1.511
  13.390   .375   .4512  3.7856  4.1550   1.197   .078  1.515
  13.386   .376   .4530  3.7854  4.1529   1.198   .078  1.519
  13.381   .376   .4549  3.7853  4.1509   1.199   .079  1.523
  13.377   .376   .4567  3.7852  4.1488   1.200   .079  1.528
  13.373   .376   .4584  3.7851  4.1473   1.201   .080  1.531
  13.368   .376   .4601  3.7851  4.1457   1.202   .080  1.534
  13.364   .377   .4618  3.7850  4.1442   1.203   .080  1.538
  13.360   .377   .4634  3.7850  4.1426   1.204   .081  1.541
  13.356   .377   .4651  3.7849  4.1411   1.205   .081  1.545
  13.351   .377   .4671  3.7848  4.1392   1.206   .081  1.549
  13.347   .377   .4690  3.7848  4.1373   1.207   .082  1.553
  13.342   .377   .4709  3.7847  4.1355   1.208   .082  1.557
  13.337   .378   .4727  3.7846  4.1336   1.209   .082  1.561
  13.333   .378   .4746  3.7845  4.1317   1.210   .083  1.565
  13.328   .378   .4765  3.7844  4.1299   1.211   .083  1.569
  13.324   .378   .4783  3.7843  4.1280   1.212   .084  1.573
  13.319   .378   .4802  3.7842  4.1261   1.213   .084  1.577
  13.315   .379   .4820  3.7841  4.1242   1.214   .084  1.581
  13.310   .379   .4838  3.7840  4.1223   1.215   .085  1.585
  13.306   .379   .4856  3.7839  4.1205   1.216   .085  1.589
  13.301   .379   .4874  3.7838  4.1186   1.217   .085  1.593
  13.297   .380   .4892  3.7837  4.1167   1.218   .086  1.597
  13.293   .380   .4910  3.7835  4.1148   1.219   .086  1.601
  13.288   .380   .4928  3.7834  4.1129   1.220   .086  1.605
  13.284   .380   .4946  3.7833  4.1110   1.221   .087  1.610
  13.280   .381   .4963  3.7832  4.1091   1.222   .087  1.614
  13.275   .381   .4983  3.7831  4.1070   1.223   .087  1.618
  13.270   .381   .5005  3.7830  4.1045   1.224   .088  1.624
  13.264   .381   .5027  3.7828  4.1021   1.225   .088  1.629
  13.259   .382   .5048  3.7827  4.0997   1.226   .088  1.634
  13.254   .382   .5070  3.7826  4.0973   1.227   .089  1.639
  13.249   .382   .5091  3.7825  4.0949   1.228   .089  1.644
  13.240   .382   .5124  3.7826  4.0924   1.229   .090  1.650
  13.228   .381   .5170  3.7831  4.0899   1.230   .090  1.655
  13.216   .380   .5216  3.7836  4.0874   1.231   .090  1.661
  13.204   .379   .5261  3.7841  4.0849   1.232   .091  1.666
  13.192   .377   .5306  3.7846  4.0824   1.233   .091  1.672
  13.180   .376   .5350  3.7850  4.0799   1.234   .091  1.677
  13.169   .375   .5395  3.7855  4.0775   1.235   .092  1.683
  13.146   .373   .5479  3.7865  4.0733   1.236   .092  1.691
  13.111   .369   .5613  3.7882  4.0672   1.237   .092  1.704
  13.076   .365   .5742  3.7898  4.0613   1.238   .093  1.716
  13.043   .362   .5868  3.7914  4.0556   1.239   .093  1.728
  13.011   .358   .5990  3.7930  4.0500   1.240   .093  1.740
  12.935   .349   .6275  3.7970  4.0378   1.241   .094  1.765
  12.854   .342   .6582  3.8006  4.0214   1.242   .094  1.800
  12.846   .344   .6620  3.7996  4.0153   1.243   .094  1.813
  12.837   .346   .6657  3.7987  4.0092   1.244   .095  1.827
  12.828   .348   .6695  3.7978  4.0032   1.245   .095  1.840
  12.823   .349   .6720  3.7973  3.9992   1.246   .096  1.849
  12.818   .349   .6742  3.7969  3.9957   1.247   .096  1.858
  12.813   .350   .6763  3.7965  3.9922   1.248   .096  1.866
  12.808   .351   .6785  3.7961  3.9888   1.249   .097  1.874
  12.803   .352   .6806  3.7957  3.9853   1.250   .097  1.882
  12.798   .353   .6827  3.7953  3.9819   1.251   .097  1.890
  12.793   .354   .6848  3.7949  3.9784   1.252   .098  1.899
  12.788   .354   .6869  3.7945  3.9750   1.253   .098  1.907
  12.783   .355   .6889  3.7941  3.9716   1.254   .098  1.915
  12.779   .356   .6910  3.7937  3.9681   1.255   .099  1.924
  12.774   .357   .6930  3.7933  3.9647   1.256   .099  1.932
  12.769   .358   .6951  3.7929  3.9613   1.257   .099  1.940
  12.765   .359   .6971  3.7925  3.9579   1.258   .100  1.949
  12.760   .360   .6991  3.7921  3.9545   1.259   .100  1.957
  12.756   .361   .7010  3.7916  3.9510   1.260   .100  1.966
  12.751   .362   .7030  3.7912  3.9476   1.261   .101  1.974
  12.747   .363   .7050  3.7907  3.9440   1.262   .101  1.983
  12.738   .370   .7100  3.7875  3.9268   1.263   .101  2.024
  12.729   .377   .7152  3.7843  3.9095   1.264   .102  2.065
  12.729   .382   .7164  3.7824  3.9012   1.265   .102  2.086
  12.729   .385   .7169  3.7808  3.8946   1.266   .102  2.103
  12.730   .389   .7175  3.7793  3.8880   1.267   .103  2.120
  12.730   .392   .7183  3.7778  3.8814   1.268   .103  2.137
  12.730   .396   .7192  3.7763  3.8749   1.269   .103  2.154
  12.730   .399   .7202  3.7748  3.8684   1.270   .104  2.171
  12.730   .402   .7212  3.7734  3.8620   1.271   .104  2.188
  12.729   .405   .7224  3.7721  3.8556   1.272   .104  2.205
  12.728   .408   .7237  3.7708  3.8492   1.273   .105  2.222
  12.726   .411   .7251  3.7695  3.8429   1.274   .105  2.239
  12.725   .414   .7267  3.7682  3.8366   1.275   .106  2.256
  12.727   .417   .7270  3.7666  3.8299   1.276   .106  2.274
  12.740   .424   .7238  3.7637  3.8219   1.277   .106  2.296
  12.753   .430   .7207  3.7609  3.8140   1.278   .107  2.318
  12.767   .436   .7176  3.7581  3.8062   1.279   .107  2.340
  12.779   .442   .7148  3.7554  3.7985   1.280   .107  2.362
  12.792   .448   .7122  3.7527  3.7908   1.281   .108  2.384
  12.805   .454   .7095  3.7500  3.7832   1.282   .108  2.405
  12.818   .460   .7068  3.7474  3.7757   1.283   .108  2.427
  12.831   .466   .7041  3.7448  3.7683   1.284   .109  2.449
  12.845   .471   .7013  3.7421  3.7610   1.285   .109  2.471
  12.859   .477   .6985  3.7395  3.7537   1.286   .109  2.492
  12.875   .484   .6950  3.7367  3.7463   1.287   .110  2.515
  12.908   .495   .6871  3.7323  3.7373   1.288   .110  2.542
  12.943   .505   .6785  3.7279  3.7287   1.289   .110  2.568
  12.981   .516   .6692  3.7234  3.7206   1.290   .111  2.593
  13.022   .527   .6591  3.7188  3.7129   1.291   .111  2.618
  13.046   .537   .6552  3.7148  3.7009   1.292   .111  2.655
  13.054   .546   .6574  3.7113  3.6847   1.293   .112  2.706
  13.063   .555   .6593  3.7077  3.6687   1.294   .112  2.757
  13.071   .564   .6619  3.7043  3.6524   1.295   .112  2.811
  13.047   .570   .6754  3.7019  3.6298   1.296   .113  2.886
  13.024   .576   .6886  3.6995  3.6074   1.297   .113  2.962
  13.003   .583   .7015  3.6971  3.5852   1.298   .113  3.040
  12.983   .589   .7141  3.6947  3.5631   1.299   .114  3.120
  12.940   .595   .7351  3.6927  3.5339   1.300   .114  3.228
  12.896   .598   .7545  3.6916  3.5102   1.301   .114  3.318
  12.852   .602   .7743  3.6906  3.4861   1.302   .115  3.413
  12.812   .604   .7915  3.6899  3.4667   1.303   .115  3.491
  12.772   .606   .8086  3.6893  3.4476   1.304   .115  3.570
  12.732   .608   .8258  3.6887  3.4283   1.305   .116  3.652
  12.691   .610   .8432  3.6880  3.4088   1.306   .116  3.736
  12.651   .613   .8607  3.6874  3.3892   1.307   .116  3.823
  12.610   .615   .8783  3.6867  3.3694   1.308   .117  3.912
  12.569   .617   .8961  3.6860  3.3495   1.309   .117  4.005
  12.527   .620   .9141  3.6854  3.3293   1.310   .117  4.100
  12.485   .622   .9321  3.6847  3.3090   1.311   .118  4.199
  12.442   .624   .9508  3.6840  3.2881   1.312   .118  4.303
  12.394   .627   .9710  3.6834  3.2655   1.313   .118  4.418
  12.347   .629   .9913  3.6827  3.2428   1.314   .119  4.537
  12.299   .632  1.0119  3.6820  3.2197   1.315   .119  4.661
  12.251   .635  1.0326  3.6813  3.1965   1.316   .119  4.789
  12.202   .637  1.0536  3.6806  3.1730   1.317   .120  4.922
  12.153   .640  1.0747  3.6798  3.1492   1.318   .120  5.061
  12.087   .644  1.1034  3.6788  3.1168   1.319   .120  5.255
  12.016   .648  1.1339  3.6776  3.0823   1.320   .121  5.470
  11.946   .652  1.1646  3.6765  3.0476   1.321   .121  5.695
  11.875   .657  1.1955  3.6753  3.0126   1.322   .121  5.932
  11.803   .661  1.2272  3.6741  2.9765   1.323   .122  6.186
  11.721   .666  1.2631  3.6726  2.9349   1.324   .122  6.491
  11.640   .672  1.2988  3.6711  2.8936   1.325   .122  6.810
  11.560   .677  1.3343  3.6696  2.8526   1.326   .123  7.142
  11.452   .685  1.3826  3.6674  2.7953   1.327   .123  7.632
  11.342   .693  1.4319  3.6652  2.7368   1.328   .123  8.167
  11.215   .704  1.4900  3.6623  2.6674   1.329   .124  8.850
  11.070   .717  1.5567  3.6588  2.5872   1.330   .124  9.709
  10.923   .730  1.6251  3.6553  2.5047   1.331   .124 10.681
  10.772   .745  1.6961  3.6515  2.4187   1.332   .125 11.797
  10.626   .765  1.7697  3.6462  2.3256   1.333   .125 13.137
  10.403   .795  1.8823  3.6386  2.1820   1.334   .125 15.503
  10.192   .826  1.9914  3.6311  2.0421   1.335   .125 18.220
   9.952   .857  2.1118  3.6240  1.8937   1.336   .126 21.623
   9.608   .912  2.2941  3.6117  1.6625   1.337   .126 28.228
   9.164  1.029  2.5824  3.5891  1.2851   1.338   .126 43.607
  10.292  1.415  3.2675  3.5146   .3034   1.339   .127135.073
