  17.795   .903 -1.1691  3.5931  4.7026    .600  -.222   .571
  17.780   .901 -1.1658  3.5936  4.7020    .601  -.221   .572
  17.765   .899 -1.1625  3.5941  4.7015    .602  -.220   .573
  17.750   .897 -1.1592  3.5946  4.7010    .603  -.220   .573
  17.736   .895 -1.1559  3.5951  4.7005    .604  -.219   .574
  17.721   .893 -1.1526  3.5956  4.6999    .605  -.218   .575
  17.706   .891 -1.1493  3.5961  4.6994    .606  -.218   .576
  17.692   .889 -1.1460  3.5966  4.6989    .607  -.217   .577
  17.677   .886 -1.1427  3.5971  4.6984    .608  -.216   .578
  17.663   .884 -1.1394  3.5976  4.6979    .609  -.215   .578
  17.649   .882 -1.1362  3.5981  4.6973    .610  -.215   .579
  17.634   .880 -1.1329  3.5986  4.6968    .611  -.214   .580
  17.620   .878 -1.1296  3.5991  4.6963    .612  -.213   .581
  17.606   .876 -1.1264  3.5996  4.6958    .613  -.213   .582
  17.592   .874 -1.1231  3.6001  4.6953    .614  -.212   .583
  17.578   .872 -1.1199  3.6006  4.6948    .615  -.211   .583
  17.565   .870 -1.1166  3.6011  4.6943    .616  -.210   .584
  17.551   .868 -1.1134  3.6016  4.6937    .617  -.210   .585
  17.537   .866 -1.1102  3.6021  4.6932    .618  -.209   .586
  17.524   .864 -1.1070  3.6026  4.6927    .619  -.208   .587
  17.510   .862 -1.1037  3.6031  4.6922    .620  -.208   .587
  17.497   .860 -1.1005  3.6036  4.6917    .621  -.207   .588
  17.484   .858 -1.0973  3.6041  4.6912    .622  -.206   .589
  17.471   .856 -1.0941  3.6046  4.6907    .623  -.206   .590
  17.458   .854 -1.0909  3.6051  4.6902    .624  -.205   .591
  17.445   .852 -1.0877  3.6056  4.6897    .625  -.204   .592
  17.432   .850 -1.0845  3.6061  4.6892    .626  -.203   .592
  17.419   .848 -1.0813  3.6066  4.6887    .627  -.203   .593
  17.407   .846 -1.0782  3.6070  4.6882    .628  -.202   .594
  17.394   .844 -1.0750  3.6075  4.6877    .629  -.201   .595
  17.382   .842 -1.0718  3.6080  4.6872    .630  -.201   .596
  17.369   .840 -1.0687  3.6085  4.6867    .631  -.200   .596
  17.357   .838 -1.0655  3.6090  4.6862    .632  -.199   .597
  17.345   .836 -1.0624  3.6095  4.6857    .633  -.199   .598
  17.333   .834 -1.0592  3.6100  4.6852    .634  -.198   .599
  17.321   .832 -1.0561  3.6104  4.6847    .635  -.197   .600
  17.309   .830 -1.0529  3.6109  4.6842    .636  -.197   .600
  17.297   .828 -1.0498  3.6114  4.6837    .637  -.196   .601
  17.285   .826 -1.0467  3.6119  4.6832    .638  -.195   .602
  17.273   .824 -1.0435  3.6124  4.6827    .639  -.194   .603
  17.262   .822 -1.0404  3.6128  4.6822    .640  -.194   .604
  17.250   .820 -1.0373  3.6133  4.6817    .641  -.193   .605
  17.238   .818 -1.0342  3.6138  4.6812    .642  -.192   .605
  17.227   .816 -1.0311  3.6143  4.6807    .643  -.192   .606
  17.215   .814 -1.0280  3.6148  4.6802    .644  -.191   .607
  17.204   .812 -1.0249  3.6152  4.6797    .645  -.190   .608
  17.193   .811 -1.0218  3.6157  4.6792    .646  -.190   .609
  17.181   .809 -1.0187  3.6162  4.6787    .647  -.189   .609
  17.170   .807 -1.0156  3.6167  4.6782    .648  -.188   .610
  17.159   .805 -1.0126  3.6171  4.6778    .649  -.188   .611
  17.147   .803 -1.0095  3.6176  4.6773    .650  -.187   .612
  17.136   .801 -1.0064  3.6181  4.6768    .651  -.186   .613
  17.125   .799 -1.0034  3.6185  4.6763    .652  -.186   .614
  17.114   .797 -1.0003  3.6190  4.6758    .653  -.185   .614
  17.103   .795  -.9972  3.6195  4.6753    .654  -.184   .615
  17.091   .794  -.9942  3.6199  4.6748    .655  -.184   .616
  17.080   .792  -.9912  3.6204  4.6744    .656  -.183   .617
  17.069   .790  -.9881  3.6209  4.6739    .657  -.182   .618
  17.058   .788  -.9851  3.6213  4.6734    .658  -.182   .618
  17.047   .786  -.9820  3.6218  4.6729    .659  -.181   .619
  17.036   .784  -.9790  3.6223  4.6724    .660  -.180   .620
  17.025   .782  -.9760  3.6227  4.6720    .661  -.180   .621
  17.014   .781  -.9730  3.6232  4.6715    .662  -.179   .622
  17.003   .779  -.9700  3.6237  4.6710    .663  -.178   .622
  16.992   .777  -.9670  3.6241  4.6705    .664  -.178   .623
  16.981   .775  -.9640  3.6246  4.6700    .665  -.177   .624
  16.970   .773  -.9610  3.6250  4.6696    .666  -.177   .625
  16.959   .772  -.9580  3.6255  4.6691    .667  -.176   .626
  16.948   .770  -.9550  3.6260  4.6686    .668  -.175   .627
  16.937   .768  -.9520  3.6264  4.6681    .669  -.175   .627
  16.926   .766  -.9490  3.6269  4.6677    .670  -.174   .628
  16.915   .764  -.9460  3.6273  4.6672    .671  -.173   .629
  16.904   .763  -.9431  3.6278  4.6667    .672  -.173   .630
  16.893   .761  -.9401  3.6282  4.6663    .673  -.172   .631
  16.881   .759  -.9371  3.6287  4.6658    .674  -.171   .631
  16.870   .757  -.9342  3.6292  4.6653    .675  -.171   .632
  16.859   .755  -.9312  3.6296  4.6648    .676  -.170   .633
  16.848   .754  -.9283  3.6301  4.6644    .677  -.169   .634
  16.837   .752  -.9253  3.6305  4.6639    .678  -.169   .635
  16.826   .750  -.9224  3.6310  4.6634    .679  -.168   .635
  16.815   .748  -.9194  3.6314  4.6630    .680  -.167   .636
  16.804   .747  -.9165  3.6319  4.6625    .681  -.167   .637
  16.793   .745  -.9136  3.6323  4.6620    .682  -.166   .638
  16.782   .743  -.9106  3.6328  4.6616    .683  -.166   .639
  16.772   .742  -.9077  3.6332  4.6611    .684  -.165   .639
  16.761   .740  -.9048  3.6337  4.6606    .685  -.164   .640
  16.750   .738  -.9019  3.6341  4.6602    .686  -.164   .641
  16.739   .736  -.8990  3.6346  4.6597    .687  -.163   .642
  16.728   .735  -.8961  3.6350  4.6592    .688  -.162   .643
  16.717   .733  -.8932  3.6354  4.6588    .689  -.162   .644
  16.707   .731  -.8903  3.6359  4.6583    .690  -.161   .644
  16.696   .730  -.8874  3.6363  4.6579    .691  -.161   .645
  16.685   .728  -.8845  3.6368  4.6574    .692  -.160   .646
  16.674   .726  -.8816  3.6372  4.6569    .693  -.159   .647
  16.664   .725  -.8787  3.6377  4.6565    .694  -.159   .648
  16.653   .723  -.8759  3.6381  4.6560    .695  -.158   .648
  16.642   .721  -.8730  3.6385  4.6556    .696  -.157   .649
  16.632   .720  -.8701  3.6390  4.6551    .697  -.157   .650
  16.621   .718  -.8672  3.6394  4.6547    .698  -.156   .651
  16.611   .717  -.8644  3.6399  4.6542    .699  -.156   .652
  16.600   .715  -.8615  3.6403  4.6537    .700  -.155   .652
  16.589   .713  -.8586  3.6408  4.6533    .701  -.154   .653
  16.578   .712  -.8556  3.6413  4.6528    .702  -.154   .654
  16.567   .710  -.8526  3.6417  4.6523    .703  -.153   .655
  16.556   .708  -.8497  3.6422  4.6519    .704  -.152   .656
  16.545   .706  -.8467  3.6427  4.6514    .705  -.152   .657
  16.534   .705  -.8437  3.6431  4.6509    .706  -.151   .657
  16.523   .703  -.8408  3.6436  4.6505    .707  -.151   .658
  16.512   .701  -.8378  3.6441  4.6500    .708  -.150   .659
  16.501   .700  -.8349  3.6445  4.6495    .709  -.149   .660
  16.490   .698  -.8320  3.6450  4.6491    .710  -.149   .661
  16.479   .696  -.8290  3.6455  4.6486    .711  -.148   .661
  16.468   .695  -.8261  3.6459  4.6482    .712  -.148   .662
  16.457   .693  -.8232  3.6464  4.6477    .713  -.147   .663
  16.446   .692  -.8202  3.6469  4.6472    .714  -.146   .664
  16.435   .690  -.8173  3.6473  4.6468    .715  -.146   .665
  16.425   .688  -.8144  3.6478  4.6463    .716  -.145   .666
  16.414   .687  -.8115  3.6483  4.6458    .717  -.144   .666
  16.403   .685  -.8086  3.6487  4.6454    .718  -.144   .667
  16.392   .684  -.8057  3.6492  4.6449    .719  -.143   .668
  16.382   .682  -.8028  3.6497  4.6445    .720  -.143   .669
  16.371   .681  -.7999  3.6501  4.6440    .721  -.142   .670
  16.360   .679  -.7970  3.6506  4.6436    .722  -.141   .670
  16.350   .677  -.7941  3.6510  4.6431    .723  -.141   .671
  16.339   .676  -.7912  3.6515  4.6426    .724  -.140   .672
  16.329   .674  -.7884  3.6520  4.6422    .725  -.140   .673
  16.318   .673  -.7855  3.6524  4.6417    .726  -.139   .674
  16.308   .671  -.7826  3.6529  4.6413    .727  -.138   .675
  16.297   .670  -.7798  3.6533  4.6408    .728  -.138   .675
  16.287   .669  -.7769  3.6538  4.6404    .729  -.137   .676
  16.276   .667  -.7740  3.6542  4.6399    .730  -.137   .677
  16.266   .666  -.7712  3.6547  4.6395    .731  -.136   .678
  16.255   .664  -.7683  3.6551  4.6390    .732  -.135   .679
  16.245   .663  -.7655  3.6556  4.6386    .733  -.135   .679
  16.234   .662  -.7625  3.6561  4.6381    .734  -.134   .680
  16.223   .660  -.7594  3.6566  4.6375    .735  -.134   .681
  16.211   .659  -.7563  3.6571  4.6369    .736  -.133   .682
  16.200   .657  -.7532  3.6575  4.6364    .737  -.133   .683
  16.189   .656  -.7501  3.6580  4.6358    .738  -.132   .684
  16.178   .655  -.7470  3.6585  4.6353    .739  -.131   .685
  16.166   .653  -.7439  3.6590  4.6347    .740  -.131   .686
  16.155   .652  -.7408  3.6595  4.6341    .741  -.130   .687
  16.144   .650  -.7378  3.6600  4.6336    .742  -.130   .687
  16.133   .649  -.7347  3.6605  4.6330    .743  -.129   .688
  16.122   .648  -.7316  3.6610  4.6325    .744  -.128   .689
  16.111   .646  -.7285  3.6615  4.6319    .745  -.128   .690
  16.100   .645  -.7255  3.6619  4.6313    .746  -.127   .691
  16.089   .643  -.7224  3.6624  4.6308    .747  -.127   .692
  16.078   .642  -.7193  3.6629  4.6302    .748  -.126   .693
  16.067   .641  -.7163  3.6634  4.6297    .749  -.126   .694
  16.056   .639  -.7132  3.6639  4.6291    .750  -.125   .695
  16.045   .638  -.7101  3.6644  4.6286    .751  -.124   .696
  16.034   .637  -.7071  3.6649  4.6280    .752  -.124   .697
  16.023   .636  -.7040  3.6653  4.6275    .753  -.123   .697
  16.012   .634  -.7010  3.6658  4.6269    .754  -.123   .698
  16.001   .633  -.6979  3.6663  4.6263    .755  -.122   .699
  15.990   .632  -.6949  3.6668  4.6258    .756  -.121   .700
  15.979   .630  -.6919  3.6673  4.6252    .757  -.121   .701
  15.968   .629  -.6888  3.6678  4.6247    .758  -.120   .702
  15.957   .628  -.6858  3.6682  4.6241    .759  -.120   .703
  15.947   .627  -.6827  3.6687  4.6236    .760  -.119   .704
  15.936   .625  -.6797  3.6692  4.6230    .761  -.119   .705
  15.925   .624  -.6767  3.6697  4.6225    .762  -.118   .706
  15.914   .623  -.6737  3.6702  4.6219    .763  -.117   .707
  15.904   .622  -.6706  3.6706  4.6214    .764  -.117   .707
  15.893   .620  -.6676  3.6711  4.6208    .765  -.116   .708
  15.882   .619  -.6646  3.6716  4.6203    .766  -.116   .709
  15.871   .618  -.6616  3.6721  4.6197    .767  -.115   .710
  15.861   .617  -.6586  3.6726  4.6192    .768  -.115   .711
  15.850   .616  -.6555  3.6730  4.6186    .769  -.114   .712
  15.839   .614  -.6525  3.6735  4.6181    .770  -.114   .713
  15.829   .613  -.6495  3.6740  4.6175    .771  -.113   .714
  15.818   .612  -.6465  3.6745  4.6170    .772  -.112   .715
  15.808   .611  -.6435  3.6750  4.6164    .773  -.112   .716
  15.797   .610  -.6405  3.6754  4.6159    .774  -.111   .717
  15.787   .608  -.6375  3.6759  4.6153    .775  -.111   .718
  15.776   .607  -.6345  3.6764  4.6148    .776  -.110   .718
  15.766   .606  -.6315  3.6769  4.6142    .777  -.110   .719
  15.755   .605  -.6285  3.6774  4.6137    .778  -.109   .720
  15.745   .604  -.6256  3.6778  4.6131    .779  -.108   .721
  15.734   .603  -.6226  3.6783  4.6126    .780  -.108   .722
  15.724   .601  -.6196  3.6788  4.6120    .781  -.107   .723
  15.713   .600  -.6166  3.6793  4.6115    .782  -.107   .724
  15.703   .599  -.6136  3.6797  4.6109    .783  -.106   .725
  15.692   .598  -.6106  3.6802  4.6104    .784  -.106   .726
  15.682   .597  -.6077  3.6807  4.6098    .785  -.105   .727
  15.672   .596  -.6047  3.6812  4.6093    .786  -.105   .728
  15.661   .594  -.6017  3.6816  4.6087    .787  -.104   .729
  15.651   .593  -.5987  3.6821  4.6082    .788  -.103   .730
  15.641   .592  -.5958  3.6826  4.6076    .789  -.103   .730
  15.631   .591  -.5928  3.6831  4.6071    .790  -.102   .731
  15.620   .590  -.5898  3.6835  4.6065    .791  -.102   .732
  15.610   .589  -.5869  3.6840  4.6060    .792  -.101   .733
  15.600   .588  -.5839  3.6845  4.6055    .793  -.101   .734
  15.590   .586  -.5809  3.6850  4.6049    .794  -.100   .735
  15.579   .585  -.5780  3.6854  4.6044    .795  -.100   .736
  15.569   .584  -.5750  3.6859  4.6038    .796  -.099   .737
  15.559   .583  -.5721  3.6864  4.6033    .797  -.099   .738
  15.549   .582  -.5691  3.6869  4.6027    .798  -.098   .739
  15.539   .581  -.5662  3.6873  4.6022    .799  -.097   .740
  15.529   .580  -.5632  3.6878  4.6016    .800  -.097   .741
  15.519   .579  -.5603  3.6883  4.6011    .801  -.096   .742
  15.509   .578  -.5575  3.6887  4.6005    .802  -.096   .742
  15.499   .577  -.5546  3.6891  4.5999    .803  -.095   .743
  15.490   .576  -.5517  3.6896  4.5994    .804  -.095   .744
  15.480   .575  -.5489  3.6900  4.5988    .805  -.094   .745
  15.471   .574  -.5460  3.6905  4.5983    .806  -.094   .746
  15.461   .573  -.5432  3.6909  4.5977    .807  -.093   .747
  15.451   .572  -.5403  3.6913  4.5971    .808  -.093   .748
  15.442   .571  -.5375  3.6918  4.5966    .809  -.092   .749
  15.432   .570  -.5346  3.6922  4.5960    .810  -.092   .750
  15.423   .569  -.5318  3.6927  4.5954    .811  -.091   .751
  15.413   .568  -.5289  3.6931  4.5949    .812  -.090   .752
  15.404   .567  -.5261  3.6935  4.5943    .813  -.090   .753
  15.394   .566  -.5233  3.6940  4.5937    .814  -.089   .754
  15.385   .565  -.5204  3.6944  4.5932    .815  -.089   .755
  15.375   .564  -.5176  3.6948  4.5926    .816  -.088   .756
  15.366   .563  -.5148  3.6953  4.5920    .817  -.088   .757
  15.357   .562  -.5119  3.6957  4.5915    .818  -.087   .758
  15.347   .561  -.5091  3.6961  4.5909    .819  -.087   .759
  15.338   .560  -.5063  3.6966  4.5904    .820  -.086   .760
  15.329   .559  -.5035  3.6970  4.5898    .821  -.086   .761
  15.319   .558  -.5007  3.6974  4.5892    .822  -.085   .762
  15.310   .557  -.4979  3.6979  4.5886    .823  -.085   .762
  15.301   .556  -.4950  3.6983  4.5881    .824  -.084   .763
  15.292   .555  -.4922  3.6987  4.5875    .825  -.084   .764
  15.282   .554  -.4894  3.6992  4.5869    .826  -.083   .765
  15.273   .553  -.4866  3.6996  4.5864    .827  -.082   .766
  15.264   .552  -.4838  3.7000  4.5858    .828  -.082   .767
  15.255   .551  -.4810  3.7004  4.5852    .829  -.081   .768
  15.246   .550  -.4782  3.7009  4.5847    .830  -.081   .769
  15.237   .550  -.4754  3.7013  4.5841    .831  -.080   .770
  15.227   .549  -.4726  3.7017  4.5835    .832  -.080   .771
  15.218   .548  -.4699  3.7022  4.5830    .833  -.079   .772
  15.209   .547  -.4671  3.7026  4.5824    .834  -.079   .773
  15.200   .546  -.4643  3.7030  4.5818    .835  -.078   .774
  15.191   .545  -.4615  3.7034  4.5812    .836  -.078   .775
  15.182   .544  -.4587  3.7038  4.5807    .837  -.077   .776
  15.173   .543  -.4559  3.7043  4.5801    .838  -.077   .777
  15.164   .542  -.4532  3.7047  4.5795    .839  -.076   .778
  15.155   .541  -.4504  3.7051  4.5789    .840  -.076   .779
  15.146   .540  -.4476  3.7055  4.5784    .841  -.075   .780
  15.138   .540  -.4449  3.7060  4.5778    .842  -.075   .781
  15.129   .539  -.4421  3.7064  4.5772    .843  -.074   .782
  15.120   .538  -.4393  3.7068  4.5766    .844  -.074   .783
  15.111   .537  -.4366  3.7072  4.5761    .845  -.073   .784
  15.102   .536  -.4338  3.7076  4.5755    .846  -.073   .785
  15.093   .535  -.4310  3.7080  4.5749    .847  -.072   .786
  15.085   .534  -.4283  3.7085  4.5743    .848  -.072   .787
  15.076   .533  -.4255  3.7089  4.5738    .849  -.071   .788
  15.067   .533  -.4228  3.7093  4.5732    .850  -.071   .789
  15.058   .532  -.4200  3.7097  4.5726    .851  -.070   .790
  15.050   .531  -.4173  3.7101  4.5720    .852  -.070   .791
  15.041   .530  -.4145  3.7105  4.5714    .853  -.069   .792
  15.032   .529  -.4118  3.7110  4.5709    .854  -.069   .793
  15.024   .528  -.4090  3.7114  4.5703    .855  -.068   .794
  15.015   .527  -.4063  3.7118  4.5697    .856  -.068   .795
  15.006   .527  -.4036  3.7122  4.5691    .857  -.067   .796
  14.998   .526  -.4008  3.7126  4.5685    .858  -.067   .797
  14.989   .525  -.3981  3.7130  4.5679    .859  -.066   .798
  14.980   .524  -.3954  3.7134  4.5674    .860  -.066   .799
  14.972   .523  -.3926  3.7138  4.5668    .861  -.065   .800
  14.963   .522  -.3899  3.7142  4.5662    .862  -.064   .801
  14.955   .521  -.3872  3.7147  4.5656    .863  -.064   .802
  14.946   .521  -.3844  3.7151  4.5650    .864  -.063   .803
  14.938   .520  -.3817  3.7155  4.5644    .865  -.063   .804
  14.929   .519  -.3790  3.7159  4.5639    .866  -.062   .805
  14.921   .518  -.3763  3.7163  4.5633    .867  -.062   .806
  14.913   .517  -.3736  3.7167  4.5627    .868  -.061   .807
  14.904   .516  -.3709  3.7171  4.5621    .869  -.061   .808
  14.896   .516  -.3681  3.7175  4.5615    .870  -.060   .809
  14.887   .515  -.3654  3.7179  4.5609    .871  -.060   .810
  14.879   .514  -.3627  3.7183  4.5603    .872  -.059   .811
  14.871   .513  -.3600  3.7187  4.5597    .873  -.059   .812
  14.862   .512  -.3573  3.7191  4.5591    .874  -.058   .813
  14.854   .512  -.3546  3.7195  4.5585    .875  -.058   .814
  14.846   .511  -.3519  3.7199  4.5579    .876  -.057   .815
  14.837   .510  -.3492  3.7203  4.5574    .877  -.057   .816
  14.829   .509  -.3465  3.7207  4.5568    .878  -.057   .817
  14.821   .508  -.3438  3.7211  4.5562    .879  -.056   .818
  14.813   .507  -.3411  3.7215  4.5556    .880  -.056   .819
  14.805   .507  -.3384  3.7219  4.5550    .881  -.055   .820
  14.796   .506  -.3357  3.7223  4.5544    .882  -.055   .821
  14.788   .505  -.3330  3.7227  4.5538    .883  -.054   .822
  14.780   .504  -.3303  3.7231  4.5532    .884  -.054   .823
  14.772   .503  -.3276  3.7235  4.5526    .885  -.053   .824
  14.764   .503  -.3249  3.7239  4.5520    .886  -.053   .825
  14.756   .502  -.3223  3.7243  4.5514    .887  -.052   .826
  14.748   .501  -.3196  3.7247  4.5508    .888  -.052   .827
  14.740   .500  -.3169  3.7251  4.5502    .889  -.051   .828
  14.732   .500  -.3142  3.7255  4.5496    .890  -.051   .829
  14.724   .499  -.3115  3.7259  4.5490    .891  -.050   .830
  14.716   .498  -.3089  3.7263  4.5484    .892  -.050   .832
  14.708   .497  -.3062  3.7267  4.5478    .893  -.049   .833
  14.700   .496  -.3035  3.7271  4.5471    .894  -.049   .834
  14.692   .496  -.3008  3.7275  4.5465    .895  -.048   .835
  14.684   .495  -.2981  3.7279  4.5459    .896  -.048   .836
  14.676   .494  -.2955  3.7283  4.5453    .897  -.047   .837
  14.668   .493  -.2928  3.7287  4.5447    .898  -.047   .838
  14.660   .492  -.2901  3.7291  4.5441    .899  -.046   .839
  14.653   .492  -.2875  3.7294  4.5435    .900  -.046   .840
  14.645   .491  -.2847  3.7298  4.5426    .901  -.045   .841
  14.637   .490  -.2819  3.7301  4.5417    .902  -.045   .843
  14.629   .490  -.2792  3.7305  4.5408    .903  -.044   .844
  14.621   .489  -.2764  3.7308  4.5399    .904  -.044   .845
  14.613   .488  -.2736  3.7312  4.5390    .905  -.043   .847
  14.605   .488  -.2708  3.7315  4.5381    .906  -.043   .848
  14.597   .487  -.2680  3.7319  4.5371    .907  -.042   .849
  14.589   .486  -.2652  3.7322  4.5362    .908  -.042   .851
  14.581   .486  -.2624  3.7326  4.5353    .909  -.041   .852
  14.573   .485  -.2597  3.7329  4.5344    .910  -.041   .853
  14.565   .484  -.2569  3.7332  4.5335    .911  -.040   .855
  14.557   .484  -.2541  3.7336  4.5326    .912  -.040   .856
  14.549   .483  -.2513  3.7339  4.5317    .913  -.040   .858
  14.541   .482  -.2486  3.7343  4.5307    .914  -.039   .859
  14.533   .482  -.2458  3.7346  4.5298    .915  -.039   .860
  14.525   .481  -.2430  3.7350  4.5289    .916  -.038   .862
  14.518   .480  -.2403  3.7353  4.5280    .917  -.038   .863
  14.510   .480  -.2375  3.7356  4.5271    .918  -.037   .864
  14.502   .479  -.2348  3.7360  4.5262    .919  -.037   .866
  14.494   .478  -.2320  3.7363  4.5253    .920  -.036   .867
  14.486   .478  -.2293  3.7367  4.5244    .921  -.036   .869
  14.478   .477  -.2265  3.7370  4.5234    .922  -.035   .870
  14.471   .476  -.2237  3.7373  4.5225    .923  -.035   .871
  14.463   .476  -.2210  3.7377  4.5216    .924  -.034   .873
  14.455   .475  -.2183  3.7380  4.5207    .925  -.034   .874
  14.447   .474  -.2155  3.7383  4.5198    .926  -.033   .876
  14.439   .474  -.2128  3.7387  4.5189    .927  -.033   .877
  14.432   .473  -.2100  3.7390  4.5179    .928  -.032   .878
  14.424   .472  -.2073  3.7394  4.5170    .929  -.032   .880
  14.416   .472  -.2045  3.7397  4.5161    .930  -.032   .881
  14.408   .471  -.2018  3.7400  4.5152    .931  -.031   .883
  14.401   .470  -.1991  3.7404  4.5143    .932  -.031   .884
  14.393   .470  -.1963  3.7407  4.5134    .933  -.030   .885
  14.385   .469  -.1936  3.7410  4.5125    .934  -.030   .887
  14.377   .468  -.1909  3.7414  4.5115    .935  -.029   .888
  14.370   .468  -.1882  3.7417  4.5106    .936  -.029   .890
  14.362   .467  -.1854  3.7420  4.5097    .937  -.028   .891
  14.354   .466  -.1827  3.7424  4.5088    .938  -.028   .892
  14.347   .466  -.1800  3.7427  4.5079    .939  -.027   .894
  14.339   .465  -.1773  3.7430  4.5069    .940  -.027   .895
  14.331   .464  -.1746  3.7433  4.5060    .941  -.026   .897
  14.324   .464  -.1718  3.7437  4.5051    .942  -.026   .898
  14.316   .463  -.1691  3.7440  4.5042    .943  -.025   .900
  14.308   .462  -.1664  3.7443  4.5033    .944  -.025   .901
  14.301   .462  -.1637  3.7447  4.5023    .945  -.025   .902
  14.293   .461  -.1610  3.7450  4.5014    .946  -.024   .904
  14.286   .461  -.1583  3.7453  4.5005    .947  -.024   .905
  14.278   .460  -.1556  3.7456  4.4996    .948  -.023   .907
  14.270   .459  -.1529  3.7460  4.4987    .949  -.023   .908
  14.263   .459  -.1502  3.7463  4.4977    .950  -.022   .910
  14.255   .458  -.1475  3.7466  4.4968    .951  -.022   .911
  14.248   .457  -.1448  3.7470  4.4959    .952  -.021   .913
  14.240   .457  -.1421  3.7473  4.4950    .953  -.021   .914
  14.233   .456  -.1394  3.7476  4.4940    .954  -.020   .915
  14.225   .455  -.1367  3.7479  4.4931    .955  -.020   .917
  14.218   .455  -.1340  3.7483  4.4922    .956  -.020   .918
  14.210   .454  -.1313  3.7486  4.4913    .957  -.019   .920
  14.203   .453  -.1286  3.7489  4.4903    .958  -.019   .921
  14.195   .453  -.1259  3.7492  4.4894    .959  -.018   .923
  14.188   .452  -.1232  3.7495  4.4885    .960  -.018   .924
  14.180   .452  -.1205  3.7499  4.4876    .961  -.017   .926
  14.173   .451  -.1179  3.7502  4.4866    .962  -.017   .927
  14.165   .450  -.1152  3.7505  4.4857    .963  -.016   .929
  14.158   .450  -.1125  3.7508  4.4848    .964  -.016   .930
  14.150   .449  -.1098  3.7511  4.4838    .965  -.015   .932
  14.143   .448  -.1071  3.7515  4.4829    .966  -.015   .933
  14.136   .448  -.1045  3.7518  4.4820    .967  -.015   .935
  14.128   .447  -.1018  3.7521  4.4811    .968  -.014   .936
  14.121   .446  -.0991  3.7524  4.4801    .969  -.014   .937
  14.113   .446  -.0964  3.7527  4.4792    .970  -.013   .939
  14.106   .445  -.0938  3.7531  4.4783    .971  -.013   .940
  14.098   .445  -.0911  3.7534  4.4773    .972  -.012   .942
  14.091   .444  -.0884  3.7537  4.4764    .973  -.012   .943
  14.084   .443  -.0858  3.7540  4.4755    .974  -.011   .945
  14.076   .443  -.0831  3.7543  4.4745    .975  -.011   .946
  14.069   .442  -.0804  3.7546  4.4736    .976  -.011   .948
  14.062   .441  -.0778  3.7550  4.4726    .977  -.010   .949
  14.054   .441  -.0751  3.7553  4.4717    .978  -.010   .951
  14.047   .440  -.0724  3.7556  4.4708    .979  -.009   .953
  14.040   .439  -.0698  3.7559  4.4698    .980  -.009   .954
  14.032   .439  -.0671  3.7562  4.4689    .981  -.008   .956
  14.025   .438  -.0645  3.7565  4.4680    .982  -.008   .957
  14.018   .438  -.0618  3.7568  4.4670    .983  -.007   .959
  14.010   .437  -.0591  3.7572  4.4661    .984  -.007   .960
  14.003   .436  -.0565  3.7575  4.4651    .985  -.007   .962
  13.996   .436  -.0538  3.7578  4.4642    .986  -.006   .963
  13.989   .435  -.0512  3.7581  4.4632    .987  -.006   .965
  13.981   .434  -.0485  3.7584  4.4623    .988  -.005   .966
  13.974   .434  -.0459  3.7587  4.4613    .989  -.005   .968
  13.967   .433  -.0432  3.7590  4.4604    .990  -.004   .969
  13.959   .433  -.0406  3.7593  4.4595    .991  -.004   .971
  13.952   .432  -.0379  3.7596  4.4585    .992  -.003   .972
  13.945   .431  -.0353  3.7600  4.4576    .993  -.003   .974
  13.938   .431  -.0326  3.7603  4.4566    .994  -.003   .976
  13.931   .430  -.0300  3.7606  4.4557    .995  -.002   .977
  13.923   .429  -.0274  3.7609  4.4547    .996  -.002   .979
  13.916   .429  -.0247  3.7612  4.4537    .997  -.001   .980
  13.909   .428  -.0221  3.7615  4.4528    .998  -.001   .982
  13.902   .427  -.0194  3.7618  4.4518    .999   .000   .983
  13.895   .427  -.0168  3.7621  4.4509   1.000   .000   .985
  13.888   .426  -.0142  3.7624  4.4497   1.001   .000   .987
  13.881   .426  -.0116  3.7626  4.4486   1.002   .001   .989
  13.874   .425  -.0090  3.7629  4.4475   1.003   .001   .990
  13.867   .425  -.0064  3.7631  4.4463   1.004   .002   .992
  13.860   .424  -.0038  3.7634  4.4452   1.005   .002   .994
  13.853   .424  -.0012  3.7636  4.4440   1.006   .003   .996
  13.846   .423   .0014  3.7639  4.4429   1.007   .003   .998
  13.839   .423   .0040  3.7641  4.4418   1.008   .003   .999
  13.832   .422   .0066  3.7644  4.4406   1.009   .004  1.001
  13.825   .422   .0091  3.7646  4.4395   1.010   .004  1.003
  13.818   .421   .0117  3.7649  4.4383   1.011   .005  1.005
  13.811   .421   .0143  3.7651  4.4372   1.012   .005  1.007
  13.804   .420   .0169  3.7654  4.4361   1.013   .006  1.008
  13.797   .420   .0195  3.7656  4.4349   1.014   .006  1.010
  13.790   .419   .0220  3.7659  4.4338   1.015   .006  1.012
  13.783   .418   .0246  3.7661  4.4326   1.016   .007  1.014
  13.777   .418   .0272  3.7664  4.4315   1.017   .007  1.016
  13.770   .417   .0297  3.7666  4.4303   1.018   .008  1.018
  13.763   .417   .0323  3.7669  4.4292   1.019   .008  1.019
  13.756   .416   .0349  3.7671  4.4280   1.020   .009  1.021
  13.749   .416   .0374  3.7674  4.4269   1.021   .009  1.023
  13.742   .415   .0400  3.7676  4.4257   1.022   .009  1.025
  13.735   .415   .0426  3.7679  4.4246   1.023   .010  1.027
  13.729   .414   .0451  3.7681  4.4234   1.024   .010  1.029
  13.722   .414   .0477  3.7683  4.4222   1.025   .011  1.031
  13.715   .413   .0502  3.7686  4.4211   1.026   .011  1.033
  13.708   .413   .0528  3.7688  4.4199   1.027   .012  1.034
  13.701   .412   .0553  3.7691  4.4188   1.028   .012  1.036
  13.695   .412   .0579  3.7693  4.4176   1.029   .012  1.038
  13.688   .411   .0604  3.7696  4.4165   1.030   .013  1.040
  13.681   .411   .0630  3.7698  4.4153   1.031   .013  1.042
  13.674   .410   .0655  3.7701  4.4141   1.032   .014  1.044
  13.667   .410   .0681  3.7703  4.4130   1.033   .014  1.046
  13.661   .409   .0706  3.7705  4.4118   1.034   .015  1.048
  13.654   .409   .0732  3.7708  4.4106   1.035   .015  1.050
  13.647   .408   .0757  3.7710  4.4095   1.036   .015  1.051
  13.640   .408   .0782  3.7713  4.4083   1.037   .016  1.053
  13.634   .407   .0808  3.7715  4.4071   1.038   .016  1.055
  13.627   .407   .0833  3.7717  4.4060   1.039   .017  1.057
  13.620   .406   .0858  3.7720  4.4048   1.040   .017  1.059
  13.614   .406   .0884  3.7722  4.4036   1.041   .017  1.061
  13.607   .405   .0909  3.7725  4.4025   1.042   .018  1.063
  13.600   .405   .0934  3.7727  4.4013   1.043   .018  1.065
  13.593   .404   .0959  3.7729  4.4001   1.044   .019  1.067
  13.587   .404   .0985  3.7732  4.3989   1.045   .019  1.069
  13.580   .403   .1010  3.7734  4.3978   1.046   .020  1.071
  13.573   .403   .1035  3.7737  4.3966   1.047   .020  1.073
  13.567   .402   .1060  3.7739  4.3954   1.048   .020  1.075
  13.560   .401   .1085  3.7741  4.3942   1.049   .021  1.077
  13.553   .401   .1111  3.7744  4.3930   1.050   .021  1.079
  13.547   .400   .1136  3.7746  4.3919   1.051   .022  1.081
  13.540   .400   .1161  3.7748  4.3907   1.052   .022  1.083
  13.533   .399   .1186  3.7751  4.3895   1.053   .022  1.085
  13.527   .399   .1211  3.7753  4.3883   1.054   .023  1.087
  13.520   .398   .1236  3.7755  4.3871   1.055   .023  1.089
  13.513   .398   .1261  3.7758  4.3859   1.056   .024  1.091
  13.507   .397   .1286  3.7760  4.3847   1.057   .024  1.093
  13.500   .397   .1311  3.7763  4.3836   1.058   .024  1.095
  13.494   .396   .1336  3.7765  4.3824   1.059   .025  1.097
  13.487   .396   .1361  3.7767  4.3812   1.060   .025  1.099
  13.480   .395   .1386  3.7770  4.3800   1.061   .026  1.101
  13.474   .395   .1411  3.7772  4.3788   1.062   .026  1.103
  13.467   .394   .1436  3.7774  4.3776   1.063   .027  1.105
  13.461   .394   .1461  3.7776  4.3764   1.064   .027  1.107
  13.454   .393   .1486  3.7779  4.3752   1.065   .027  1.109
  13.447   .393   .1512  3.7781  4.3739   1.066   .028  1.111
  13.440   .392   .1538  3.7783  4.3726   1.067   .028  1.113
  13.434   .392   .1564  3.7786  4.3712   1.068   .029  1.116
  13.427   .391   .1590  3.7788  4.3699   1.069   .029  1.118
  13.420   .391   .1616  3.7790  4.3686   1.070   .029  1.120
  13.413   .390   .1641  3.7793  4.3672   1.071   .030  1.122
  13.406   .390   .1667  3.7795  4.3659   1.072   .030  1.125
  13.400   .389   .1693  3.7797  4.3646   1.073   .031  1.127
  13.393   .389   .1719  3.7799  4.3632   1.074   .031  1.129
  13.386   .388   .1744  3.7802  4.3619   1.075   .031  1.131
  13.379   .388   .1770  3.7804  4.3605   1.076   .032  1.134
  13.373   .387   .1796  3.7806  4.3592   1.077   .032  1.136
  13.366   .387   .1822  3.7809  4.3578   1.078   .033  1.138
  13.359   .386   .1847  3.7811  4.3564   1.079   .033  1.141
  13.352   .386   .1873  3.7813  4.3551   1.080   .033  1.143
  13.346   .385   .1899  3.7815  4.3537   1.081   .034  1.145
  13.339   .385   .1925  3.7817  4.3523   1.082   .034  1.148
  13.332   .384   .1950  3.7820  4.3509   1.083   .035  1.150
  13.325   .384   .1976  3.7822  4.3494   1.084   .035  1.153
  13.318   .383   .2004  3.7823  4.3478   1.085   .035  1.155
  13.311   .383   .2032  3.7825  4.3460   1.086   .036  1.158
  13.304   .383   .2060  3.7826  4.3442   1.087   .036  1.161
  13.297   .382   .2088  3.7827  4.3424   1.088   .037  1.164
  13.290   .382   .2115  3.7829  4.3406   1.089   .037  1.167
  13.283   .382   .2143  3.7830  4.3388   1.090   .037  1.170
  13.276   .381   .2171  3.7831  4.3370   1.091   .038  1.173
  13.268   .381   .2198  3.7833  4.3353   1.092   .038  1.176
  13.261   .381   .2226  3.7834  4.3335   1.093   .039  1.179
  13.254   .381   .2253  3.7835  4.3317   1.094   .039  1.182
  13.247   .380   .2281  3.7836  4.3300   1.095   .039  1.185
  13.240   .380   .2308  3.7838  4.3282   1.096   .040  1.188
  13.233   .380   .2335  3.7839  4.3265   1.097   .040  1.191
  13.226   .380   .2362  3.7840  4.3247   1.098   .041  1.193
  13.219   .379   .2389  3.7841  4.3230   1.099   .041  1.196
  13.213   .379   .2416  3.7842  4.3212   1.100   .041  1.199
  13.207   .379   .2440  3.7843  4.3197   1.101   .042  1.202
  13.200   .379   .2464  3.7844  4.3181   1.102   .042  1.205
  13.194   .378   .2487  3.7845  4.3166   1.103   .043  1.207
  13.188   .378   .2511  3.7846  4.3151   1.104   .043  1.210
  13.182   .378   .2535  3.7847  4.3135   1.105   .043  1.213
  13.176   .378   .2558  3.7848  4.3120   1.106   .044  1.215
  13.170   .377   .2582  3.7849  4.3104   1.107   .044  1.218
  13.164   .377   .2605  3.7850  4.3089   1.108   .045  1.221
  13.158   .377   .2628  3.7851  4.3074   1.109   .045  1.224
  13.152   .377   .2652  3.7852  4.3058   1.110   .045  1.226
  13.146   .377   .2675  3.7853  4.3043   1.111   .046  1.229
  13.140   .376   .2698  3.7854  4.3027   1.112   .046  1.232
  13.135   .376   .2722  3.7855  4.3012   1.113   .046  1.235
  13.129   .376   .2745  3.7855  4.2996   1.114   .047  1.237
  13.123   .376   .2768  3.7856  4.2981   1.115   .047  1.240
  13.117   .376   .2791  3.7857  4.2965   1.116   .048  1.243
  13.111   .375   .2814  3.7858  4.2950   1.117   .048  1.246
  13.105   .375   .2837  3.7859  4.2934   1.118   .048  1.248
  13.099   .375   .2861  3.7860  4.2919   1.119   .049  1.251
  13.093   .375   .2884  3.7861  4.2903   1.120   .049  1.254
  13.087   .375   .2907  3.7861  4.2888   1.121   .050  1.257
  13.082   .374   .2929  3.7862  4.2872   1.122   .050  1.260
  13.076   .374   .2952  3.7863  4.2856   1.123   .050  1.262
  13.070   .374   .2975  3.7864  4.2841   1.124   .051  1.265
  13.064   .374   .2998  3.7864  4.2825   1.125   .051  1.268
  13.058   .374   .3021  3.7865  4.2810   1.126   .052  1.271
  13.052   .374   .3044  3.7866  4.2794   1.127   .052  1.274
  13.047   .373   .3066  3.7867  4.2778   1.128   .052  1.277
  13.041   .373   .3089  3.7867  4.2763   1.129   .053  1.280
  13.035   .373   .3112  3.7868  4.2747   1.130   .053  1.282
  13.029   .373   .3134  3.7869  4.2731   1.131   .053  1.285
  13.024   .373   .3157  3.7869  4.2716   1.132   .054  1.288
  13.018   .373   .3180  3.7870  4.2700   1.133   .054  1.291
  13.012   .372   .3202  3.7871  4.2684   1.134   .055  1.294
  13.006   .372   .3225  3.7871  4.2668   1.135   .055  1.297
  13.001   .372   .3247  3.7872  4.2653   1.136   .055  1.300
  12.995   .372   .3270  3.7872  4.2637   1.137   .056  1.303
  12.989   .372   .3292  3.7873  4.2621   1.138   .056  1.306
  12.984   .372   .3314  3.7874  4.2605   1.139   .057  1.309
  12.978   .372   .3337  3.7874  4.2589   1.140   .057  1.312
  12.972   .371   .3359  3.7875  4.2573   1.141   .057  1.315
  12.967   .371   .3381  3.7875  4.2557   1.142   .058  1.318
  12.961   .371   .3403  3.7876  4.2542   1.143   .058  1.321
  12.955   .371   .3425  3.7876  4.2526   1.144   .058  1.324
  12.950   .371   .3448  3.7877  4.2510   1.145   .059  1.327
  12.944   .371   .3470  3.7877  4.2494   1.146   .059  1.330
  12.939   .371   .3492  3.7878  4.2478   1.147   .060  1.333
  12.933   .371   .3514  3.7878  4.2462   1.148   .060  1.336
  12.928   .371   .3536  3.7879  4.2446   1.149   .060  1.339
  12.922   .370   .3558  3.7879  4.2430   1.150   .061  1.342
  12.916   .370   .3580  3.7880  4.2414   1.151   .061  1.345
  12.911   .370   .3602  3.7880  4.2398   1.152   .061  1.348
  12.905   .370   .3623  3.7880  4.2381   1.153   .062  1.351
  12.900   .370   .3645  3.7881  4.2365   1.154   .062  1.354
  12.894   .370   .3667  3.7881  4.2349   1.155   .063  1.357
  12.889   .370   .3688  3.7881  4.2331   1.156   .063  1.361
  12.884   .370   .3710  3.7881  4.2313   1.157   .063  1.364
  12.878   .370   .3731  3.7881  4.2295   1.158   .064  1.368
  12.873   .370   .3752  3.7881  4.2277   1.159   .064  1.371
  12.868   .370   .3773  3.7881  4.2259   1.160   .064  1.375
  12.862   .370   .3795  3.7880  4.2240   1.161   .065  1.378
  12.857   .370   .3816  3.7880  4.2222   1.162   .065  1.382
  12.852   .370   .3837  3.7880  4.2204   1.163   .066  1.385
  12.847   .370   .3858  3.7880  4.2185   1.164   .066  1.389
  12.842   .370   .3878  3.7880  4.2167   1.165   .066  1.392
  12.836   .370   .3899  3.7879  4.2149   1.166   .067  1.396
  12.831   .370   .3920  3.7879  4.2130   1.167   .067  1.399
  12.826   .370   .3941  3.7879  4.2111   1.168   .067  1.403
  12.821   .371   .3961  3.7878  4.2093   1.169   .068  1.406
  12.816   .371   .3982  3.7878  4.2074   1.170   .068  1.410
  12.811   .371   .4002  3.7877  4.2056   1.171   .069  1.414
  12.806   .371   .4023  3.7877  4.2037   1.172   .069  1.417
  12.801   .371   .4043  3.7876  4.2018   1.173   .069  1.421
  12.795   .371   .4064  3.7876  4.1999   1.174   .070  1.425
  12.790   .371   .4084  3.7875  4.1980   1.175   .070  1.428
  12.785   .371   .4104  3.7875  4.1961   1.176   .070  1.432
  12.781   .371   .4124  3.7874  4.1942   1.177   .071  1.436
  12.776   .371   .4144  3.7874  4.1923   1.178   .071  1.440
  12.771   .372   .4164  3.7873  4.1904   1.179   .072  1.443
  12.766   .372   .4184  3.7872  4.1885   1.180   .072  1.447
  12.761   .372   .4204  3.7872  4.1866   1.181   .072  1.451
  12.756   .372   .4224  3.7871  4.1847   1.182   .073  1.455
  12.751   .372   .4243  3.7870  4.1827   1.183   .073  1.459
  12.746   .372   .4263  3.7869  4.1808   1.184   .073  1.463
  12.741   .373   .4283  3.7868  4.1788   1.185   .074  1.467
  12.737   .373   .4302  3.7868  4.1769   1.186   .074  1.470
  12.732   .373   .4321  3.7867  4.1749   1.187   .074  1.474
  12.727   .373   .4341  3.7866  4.1730   1.188   .075  1.478
  12.722   .373   .4360  3.7865  4.1710   1.189   .075  1.482
  12.718   .374   .4379  3.7864  4.1690   1.190   .076  1.486
  12.713   .374   .4398  3.7863  4.1670   1.191   .076  1.490
  12.708   .374   .4418  3.7862  4.1650   1.192   .076  1.494
  12.704   .374   .4437  3.7861  4.1630   1.193   .077  1.499
  12.699   .375   .4455  3.7859  4.1610   1.194   .077  1.503
  12.695   .375   .4474  3.7858  4.1590   1.195   .077  1.507
  12.690   .375   .4493  3.7857  4.1570   1.196   .078  1.511
  12.685   .375   .4512  3.7856  4.1550   1.197   .078  1.515
  12.681   .376   .4530  3.7854  4.1529   1.198   .078  1.519
  12.676   .376   .4549  3.7853  4.1509   1.199   .079  1.523
  12.672   .376   .4567  3.7852  4.1488   1.200   .079  1.528
  12.668   .376   .4584  3.7851  4.1473   1.201   .080  1.531
  12.664   .376   .4601  3.7851  4.1457   1.202   .080  1.534
  12.660   .377   .4618  3.7850  4.1442   1.203   .080  1.538
  12.655   .377   .4634  3.7850  4.1426   1.204   .081  1.541
  12.651   .377   .4651  3.7849  4.1411   1.205   .081  1.545
  12.647   .377   .4671  3.7848  4.1392   1.206   .081  1.549
  12.642   .377   .4690  3.7848  4.1373   1.207   .082  1.553
  12.637   .377   .4709  3.7847  4.1355   1.208   .082  1.557
  12.633   .378   .4727  3.7846  4.1336   1.209   .082  1.561
  12.628   .378   .4746  3.7845  4.1317   1.210   .083  1.565
  12.623   .378   .4765  3.7844  4.1299   1.211   .083  1.569
  12.619   .378   .4783  3.7843  4.1280   1.212   .084  1.573
  12.614   .378   .4802  3.7842  4.1261   1.213   .084  1.577
  12.610   .379   .4820  3.7841  4.1242   1.214   .084  1.581
  12.606   .379   .4838  3.7840  4.1223   1.215   .085  1.585
  12.601   .379   .4856  3.7839  4.1205   1.216   .085  1.589
  12.597   .379   .4874  3.7838  4.1186   1.217   .085  1.593
  12.592   .380   .4892  3.7837  4.1167   1.218   .086  1.597
  12.588   .380   .4910  3.7835  4.1148   1.219   .086  1.601
  12.584   .380   .4928  3.7834  4.1129   1.220   .086  1.605
  12.580   .380   .4946  3.7833  4.1110   1.221   .087  1.610
  12.575   .381   .4963  3.7832  4.1091   1.222   .087  1.614
  12.570   .381   .4983  3.7831  4.1070   1.223   .087  1.618
  12.565   .381   .5005  3.7830  4.1045   1.224   .088  1.624
  12.560   .381   .5027  3.7828  4.1021   1.225   .088  1.629
  12.555   .382   .5048  3.7827  4.0997   1.226   .088  1.634
  12.549   .382   .5070  3.7826  4.0973   1.227   .089  1.639
  12.544   .382   .5091  3.7825  4.0949   1.228   .089  1.644
  12.536   .382   .5124  3.7826  4.0924   1.229   .090  1.650
  12.523   .381   .5170  3.7831  4.0899   1.230   .090  1.655
  12.511   .380   .5216  3.7836  4.0874   1.231   .090  1.661
  12.499   .379   .5261  3.7841  4.0849   1.232   .091  1.666
  12.487   .377   .5306  3.7846  4.0824   1.233   .091  1.672
  12.476   .376   .5350  3.7850  4.0799   1.234   .091  1.677
  12.464   .375   .5395  3.7855  4.0775   1.235   .092  1.683
  12.442   .373   .5479  3.7865  4.0733   1.236   .092  1.691
  12.406   .369   .5613  3.7882  4.0672   1.237   .092  1.704
  12.372   .365   .5742  3.7898  4.0613   1.238   .093  1.716
  12.338   .362   .5868  3.7914  4.0556   1.239   .093  1.728
  12.306   .358   .5990  3.7930  4.0500   1.240   .093  1.740
  12.230   .349   .6275  3.7970  4.0378   1.241   .094  1.765
  12.149   .342   .6582  3.8006  4.0214   1.242   .094  1.800
  12.141   .344   .6620  3.7996  4.0153   1.243   .094  1.813
  12.132   .346   .6657  3.7987  4.0092   1.244   .095  1.827
  12.124   .348   .6695  3.7978  4.0032   1.245   .095  1.840
  12.118   .349   .6720  3.7973  3.9992   1.246   .096  1.849
  12.113   .349   .6742  3.7969  3.9957   1.247   .096  1.858
  12.108   .350   .6763  3.7965  3.9922   1.248   .096  1.866
  12.103   .351   .6785  3.7961  3.9888   1.249   .097  1.874
  12.098   .352   .6806  3.7957  3.9853   1.250   .097  1.882
  12.093   .353   .6827  3.7953  3.9819   1.251   .097  1.890
  12.088   .354   .6848  3.7949  3.9784   1.252   .098  1.899
  12.083   .354   .6869  3.7945  3.9750   1.253   .098  1.907
  12.079   .355   .6889  3.7941  3.9716   1.254   .098  1.915
  12.074   .356   .6910  3.7937  3.9681   1.255   .099  1.924
  12.069   .357   .6930  3.7933  3.9647   1.256   .099  1.932
  12.065   .358   .6951  3.7929  3.9613   1.257   .099  1.940
  12.060   .359   .6971  3.7925  3.9579   1.258   .100  1.949
  12.055   .360   .6991  3.7921  3.9545   1.259   .100  1.957
  12.051   .361   .7010  3.7916  3.9510   1.260   .100  1.966
  12.047   .362   .7030  3.7912  3.9476   1.261   .101  1.974
  12.042   .363   .7050  3.7907  3.9440   1.262   .101  1.983
  12.033   .370   .7100  3.7875  3.9268   1.263   .101  2.024
  12.024   .377   .7152  3.7843  3.9095   1.264   .102  2.065
  12.024   .382   .7164  3.7824  3.9012   1.265   .102  2.086
  12.025   .385   .7169  3.7808  3.8946   1.266   .102  2.103
  12.025   .389   .7175  3.7793  3.8880   1.267   .103  2.120
  12.026   .392   .7183  3.7778  3.8814   1.268   .103  2.137
  12.026   .396   .7192  3.7763  3.8749   1.269   .103  2.154
  12.025   .399   .7202  3.7748  3.8684   1.270   .104  2.171
  12.025   .402   .7212  3.7734  3.8620   1.271   .104  2.188
  12.024   .405   .7224  3.7721  3.8556   1.272   .104  2.205
  12.023   .408   .7237  3.7708  3.8492   1.273   .105  2.222
  12.022   .411   .7251  3.7695  3.8429   1.274   .105  2.239
  12.020   .414   .7267  3.7682  3.8366   1.275   .106  2.256
  12.022   .417   .7270  3.7666  3.8299   1.276   .106  2.274
  12.035   .424   .7238  3.7637  3.8219   1.277   .106  2.296
  12.049   .430   .7207  3.7609  3.8140   1.278   .107  2.318
  12.062   .436   .7176  3.7581  3.8062   1.279   .107  2.340
  12.075   .442   .7148  3.7554  3.7985   1.280   .107  2.362
  12.087   .448   .7122  3.7527  3.7908   1.281   .108  2.384
  12.100   .454   .7095  3.7500  3.7832   1.282   .108  2.405
  12.113   .460   .7068  3.7474  3.7757   1.283   .108  2.427
  12.127   .466   .7041  3.7448  3.7683   1.284   .109  2.449
  12.140   .471   .7013  3.7421  3.7610   1.285   .109  2.471
  12.154   .477   .6985  3.7395  3.7537   1.286   .109  2.492
  12.171   .484   .6950  3.7367  3.7463   1.287   .110  2.515
  12.203   .495   .6871  3.7323  3.7373   1.288   .110  2.542
  12.238   .505   .6785  3.7279  3.7287   1.289   .110  2.568
  12.276   .516   .6692  3.7234  3.7206   1.290   .111  2.593
  12.317   .527   .6591  3.7188  3.7129   1.291   .111  2.618
  12.341   .537   .6552  3.7148  3.7009   1.292   .111  2.655
  12.349   .546   .6574  3.7113  3.6847   1.293   .112  2.706
  12.358   .555   .6593  3.7077  3.6687   1.294   .112  2.757
  12.366   .564   .6619  3.7043  3.6524   1.295   .112  2.811
  12.342   .570   .6754  3.7019  3.6298   1.296   .113  2.886
  12.320   .576   .6886  3.6995  3.6074   1.297   .113  2.962
  12.299   .583   .7015  3.6971  3.5852   1.298   .113  3.040
  12.278   .589   .7141  3.6947  3.5631   1.299   .114  3.120
  12.235   .595   .7351  3.6927  3.5339   1.300   .114  3.228
  12.192   .598   .7545  3.6916  3.5102   1.301   .114  3.318
  12.147   .602   .7743  3.6906  3.4861   1.302   .115  3.413
  12.107   .604   .7915  3.6899  3.4667   1.303   .115  3.491
  12.067   .606   .8086  3.6893  3.4476   1.304   .115  3.570
  12.027   .608   .8258  3.6887  3.4283   1.305   .116  3.652
  11.987   .610   .8432  3.6880  3.4088   1.306   .116  3.736
  11.946   .613   .8607  3.6874  3.3892   1.307   .116  3.823
  11.905   .615   .8783  3.6867  3.3694   1.308   .117  3.912
  11.864   .617   .8961  3.6860  3.3495   1.309   .117  4.005
  11.822   .620   .9141  3.6854  3.3293   1.310   .117  4.100
  11.780   .622   .9321  3.6847  3.3090   1.311   .118  4.199
  11.737   .624   .9508  3.6840  3.2881   1.312   .118  4.303
  11.690   .627   .9710  3.6834  3.2655   1.313   .118  4.418
  11.642   .629   .9913  3.6827  3.2428   1.314   .119  4.537
  11.594   .632  1.0119  3.6820  3.2197   1.315   .119  4.661
  11.546   .635  1.0326  3.6813  3.1965   1.316   .119  4.789
  11.497   .637  1.0536  3.6806  3.1730   1.317   .120  4.922
  11.448   .640  1.0747  3.6798  3.1492   1.318   .120  5.061
  11.382   .644  1.1034  3.6788  3.1168   1.319   .120  5.255
  11.312   .648  1.1339  3.6776  3.0823   1.320   .121  5.470
  11.241   .652  1.1646  3.6765  3.0476   1.321   .121  5.695
  11.171   .657  1.1955  3.6753  3.0126   1.322   .121  5.932
  11.098   .661  1.2272  3.6741  2.9765   1.323   .122  6.186
  11.017   .666  1.2631  3.6726  2.9349   1.324   .122  6.491
  10.936   .672  1.2988  3.6711  2.8936   1.325   .122  6.810
  10.855   .677  1.3343  3.6696  2.8526   1.326   .123  7.142
  10.747   .685  1.3826  3.6674  2.7953   1.327   .123  7.632
  10.637   .693  1.4319  3.6652  2.7368   1.328   .123  8.167
  10.510   .704  1.4900  3.6623  2.6674   1.329   .124  8.850
  10.366   .717  1.5567  3.6588  2.5872   1.330   .124  9.709
  10.219   .730  1.6251  3.6553  2.5047   1.331   .124 10.681
  10.067   .745  1.6961  3.6515  2.4187   1.332   .125 11.797
   9.922   .765  1.7697  3.6462  2.3256   1.333   .125 13.137
   9.698   .795  1.8823  3.6386  2.1820   1.334   .125 15.503
   9.488   .826  1.9914  3.6311  2.0421   1.335   .125 18.220
   9.248   .857  2.1118  3.6240  1.8937   1.336   .126 21.623
   8.903   .912  2.2941  3.6117  1.6625   1.337   .126 28.228
   8.460  1.029  2.5824  3.5891  1.2851   1.338   .126 43.607
   9.588  1.415  3.2675  3.5146   .3034   1.339   .127135.073
