  18.392   .878 -1.1460  3.6004  4.7091    .600  -.222   .567
  18.378   .875 -1.1427  3.6010  4.7086    .601  -.221   .568
  18.364   .873 -1.1393  3.6015  4.7081    .602  -.220   .568
  18.350   .871 -1.1360  3.6020  4.7075    .603  -.220   .569
  18.336   .869 -1.1327  3.6025  4.7070    .604  -.219   .570
  18.322   .867 -1.1294  3.6030  4.7065    .605  -.218   .571
  18.308   .864 -1.1261  3.6035  4.7059    .606  -.218   .572
  18.295   .862 -1.1228  3.6040  4.7054    .607  -.217   .572
  18.281   .860 -1.1195  3.6045  4.7049    .608  -.216   .573
  18.268   .858 -1.1162  3.6050  4.7043    .609  -.215   .574
  18.255   .855 -1.1129  3.6055  4.7038    .610  -.215   .575
  18.242   .853 -1.1096  3.6060  4.7033    .611  -.214   .576
  18.229   .851 -1.1063  3.6065  4.7028    .612  -.213   .577
  18.216   .849 -1.1030  3.6070  4.7022    .613  -.213   .577
  18.203   .846 -1.0998  3.6075  4.7017    .614  -.212   .578
  18.190   .844 -1.0965  3.6080  4.7012    .615  -.211   .579
  18.178   .842 -1.0932  3.6085  4.7007    .616  -.210   .580
  18.165   .840 -1.0900  3.6090  4.7001    .617  -.210   .581
  18.153   .838 -1.0867  3.6095  4.6996    .618  -.209   .582
  18.140   .835 -1.0835  3.6100  4.6991    .619  -.208   .582
  18.128   .833 -1.0803  3.6105  4.6986    .620  -.208   .583
  18.116   .831 -1.0770  3.6110  4.6980    .621  -.207   .584
  18.104   .829 -1.0738  3.6115  4.6975    .622  -.206   .585
  18.091   .827 -1.0706  3.6120  4.6970    .623  -.206   .586
  18.079   .824 -1.0674  3.6125  4.6965    .624  -.205   .586
  18.068   .822 -1.0641  3.6130  4.6960    .625  -.204   .587
  18.056   .820 -1.0609  3.6135  4.6955    .626  -.203   .588
  18.044   .818 -1.0577  3.6140  4.6949    .627  -.203   .589
  18.032   .816 -1.0545  3.6145  4.6944    .628  -.202   .590
  18.020   .814 -1.0514  3.6150  4.6939    .629  -.201   .591
  18.009   .811 -1.0482  3.6155  4.6934    .630  -.201   .591
  17.997   .809 -1.0450  3.6159  4.6929    .631  -.200   .592
  17.986   .807 -1.0418  3.6164  4.6924    .632  -.199   .593
  17.974   .805 -1.0386  3.6169  4.6919    .633  -.199   .594
  17.962   .803 -1.0355  3.6174  4.6914    .634  -.198   .595
  17.951   .801 -1.0323  3.6179  4.6908    .635  -.197   .595
  17.940   .799 -1.0292  3.6184  4.6903    .636  -.197   .596
  17.928   .796 -1.0260  3.6189  4.6898    .637  -.196   .597
  17.917   .794 -1.0229  3.6193  4.6893    .638  -.195   .598
  17.905   .792 -1.0197  3.6198  4.6888    .639  -.194   .599
  17.894   .790 -1.0166  3.6203  4.6883    .640  -.194   .600
  17.883   .788 -1.0134  3.6208  4.6878    .641  -.193   .600
  17.872   .786 -1.0103  3.6213  4.6873    .642  -.192   .601
  17.860   .784 -1.0072  3.6217  4.6868    .643  -.192   .602
  17.849   .782 -1.0041  3.6222  4.6863    .644  -.191   .603
  17.838   .780 -1.0010  3.6227  4.6858    .645  -.190   .604
  17.826   .778  -.9979  3.6232  4.6853    .646  -.190   .604
  17.815   .776  -.9947  3.6237  4.6848    .647  -.189   .605
  17.804   .774  -.9916  3.6241  4.6843    .648  -.188   .606
  17.793   .772  -.9886  3.6246  4.6838    .649  -.188   .607
  17.781   .770  -.9855  3.6251  4.6833    .650  -.187   .608
  17.770   .768  -.9824  3.6255  4.6828    .651  -.186   .608
  17.759   .766  -.9793  3.6260  4.6823    .652  -.186   .609
  17.748   .764  -.9762  3.6265  4.6818    .653  -.185   .610
  17.736   .762  -.9732  3.6270  4.6813    .654  -.184   .611
  17.725   .760  -.9701  3.6274  4.6808    .655  -.184   .612
  17.714   .758  -.9670  3.6279  4.6803    .656  -.183   .613
  17.702   .756  -.9640  3.6284  4.6798    .657  -.182   .613
  17.691   .754  -.9609  3.6288  4.6793    .658  -.182   .614
  17.680   .752  -.9579  3.6293  4.6788    .659  -.181   .615
  17.668   .750  -.9548  3.6298  4.6784    .660  -.180   .616
  17.657   .748  -.9518  3.6302  4.6779    .661  -.180   .617
  17.646   .746  -.9488  3.6307  4.6774    .662  -.179   .617
  17.634   .744  -.9457  3.6312  4.6769    .663  -.178   .618
  17.623   .743  -.9427  3.6316  4.6764    .664  -.178   .619
  17.612   .741  -.9397  3.6321  4.6759    .665  -.177   .620
  17.601   .739  -.9367  3.6326  4.6754    .666  -.177   .621
  17.590   .737  -.9336  3.6330  4.6749    .667  -.176   .622
  17.578   .735  -.9306  3.6335  4.6744    .668  -.175   .622
  17.567   .733  -.9276  3.6339  4.6740    .669  -.175   .623
  17.556   .732  -.9246  3.6344  4.6735    .670  -.174   .624
  17.545   .730  -.9216  3.6349  4.6730    .671  -.173   .625
  17.534   .728  -.9187  3.6353  4.6725    .672  -.173   .626
  17.523   .726  -.9157  3.6358  4.6720    .673  -.172   .626
  17.512   .725  -.9127  3.6362  4.6716    .674  -.171   .627
  17.501   .723  -.9097  3.6367  4.6711    .675  -.171   .628
  17.490   .721  -.9067  3.6372  4.6706    .676  -.170   .629
  17.479   .719  -.9038  3.6376  4.6701    .677  -.169   .630
  17.468   .718  -.9008  3.6381  4.6696    .678  -.169   .630
  17.457   .716  -.8978  3.6385  4.6692    .679  -.168   .631
  17.446   .714  -.8949  3.6390  4.6687    .680  -.167   .632
  17.436   .713  -.8919  3.6394  4.6682    .681  -.167   .633
  17.425   .711  -.8890  3.6399  4.6677    .682  -.166   .634
  17.414   .709  -.8861  3.6403  4.6672    .683  -.166   .635
  17.403   .707  -.8831  3.6408  4.6668    .684  -.165   .635
  17.392   .706  -.8802  3.6412  4.6663    .685  -.164   .636
  17.382   .704  -.8773  3.6417  4.6658    .686  -.164   .637
  17.370   .702  -.8742  3.6421  4.6653    .687  -.163   .638
  17.359   .701  -.8710  3.6426  4.6647    .688  -.162   .639
  17.347   .699  -.8679  3.6431  4.6641    .689  -.162   .640
  17.336   .697  -.8647  3.6436  4.6636    .690  -.161   .640
  17.324   .695  -.8615  3.6441  4.6630    .691  -.161   .641
  17.312   .694  -.8583  3.6446  4.6624    .692  -.160   .642
  17.301   .692  -.8552  3.6450  4.6618    .693  -.159   .643
  17.289   .690  -.8520  3.6455  4.6612    .694  -.159   .644
  17.278   .689  -.8489  3.6460  4.6606    .695  -.158   .645
  17.266   .687  -.8457  3.6465  4.6601    .696  -.157   .646
  17.255   .685  -.8426  3.6470  4.6595    .697  -.157   .647
  17.243   .684  -.8394  3.6474  4.6589    .698  -.156   .648
  17.232   .682  -.8363  3.6479  4.6583    .699  -.156   .649
  17.221   .680  -.8331  3.6484  4.6577    .700  -.155   .649
  17.209   .679  -.8299  3.6489  4.6572    .701  -.154   .650
  17.197   .677  -.8268  3.6494  4.6566    .702  -.154   .651
  17.186   .675  -.8236  3.6499  4.6561    .703  -.153   .652
  17.174   .674  -.8204  3.6504  4.6556    .704  -.152   .653
  17.162   .672  -.8172  3.6509  4.6550    .705  -.152   .654
  17.151   .670  -.8141  3.6514  4.6545    .706  -.151   .655
  17.139   .669  -.8109  3.6519  4.6539    .707  -.151   .656
  17.127   .667  -.8077  3.6524  4.6534    .708  -.150   .656
  17.116   .665  -.8046  3.6530  4.6529    .709  -.149   .657
  17.104   .664  -.8014  3.6535  4.6523    .710  -.149   .658
  17.093   .662  -.7983  3.6540  4.6518    .711  -.148   .659
  17.081   .661  -.7951  3.6545  4.6512    .712  -.148   .660
  17.070   .659  -.7920  3.6550  4.6507    .713  -.147   .661
  17.059   .658  -.7888  3.6555  4.6502    .714  -.146   .662
  17.047   .656  -.7857  3.6560  4.6496    .715  -.146   .663
  17.036   .655  -.7826  3.6565  4.6491    .716  -.145   .663
  17.024   .653  -.7794  3.6570  4.6486    .717  -.144   .664
  17.013   .652  -.7763  3.6575  4.6480    .718  -.144   .665
  17.002   .650  -.7732  3.6580  4.6475    .719  -.143   .666
  16.990   .649  -.7701  3.6585  4.6469    .720  -.143   .667
  16.979   .647  -.7670  3.6590  4.6464    .721  -.142   .668
  16.968   .646  -.7638  3.6595  4.6459    .722  -.141   .669
  16.957   .644  -.7607  3.6600  4.6453    .723  -.141   .670
  16.945   .643  -.7576  3.6605  4.6448    .724  -.140   .670
  16.934   .642  -.7545  3.6609  4.6443    .725  -.140   .671
  16.923   .640  -.7514  3.6614  4.6438    .726  -.139   .672
  16.912   .639  -.7483  3.6619  4.6432    .727  -.138   .673
  16.901   .637  -.7452  3.6624  4.6427    .728  -.138   .674
  16.890   .636  -.7421  3.6629  4.6422    .729  -.137   .675
  16.878   .635  -.7391  3.6634  4.6416    .730  -.137   .676
  16.867   .633  -.7360  3.6639  4.6411    .731  -.136   .677
  16.856   .632  -.7329  3.6644  4.6406    .732  -.135   .677
  16.845   .631  -.7298  3.6649  4.6400    .733  -.135   .678
  16.834   .629  -.7267  3.6654  4.6395    .734  -.134   .679
  16.823   .628  -.7237  3.6659  4.6390    .735  -.134   .680
  16.812   .627  -.7206  3.6664  4.6385    .736  -.133   .681
  16.801   .625  -.7175  3.6669  4.6379    .737  -.133   .682
  16.790   .624  -.7145  3.6674  4.6374    .738  -.132   .683
  16.779   .623  -.7114  3.6678  4.6369    .739  -.131   .684
  16.769   .622  -.7084  3.6683  4.6363    .740  -.131   .684
  16.758   .620  -.7053  3.6688  4.6358    .741  -.130   .685
  16.747   .619  -.7023  3.6693  4.6353    .742  -.130   .686
  16.736   .618  -.6992  3.6698  4.6348    .743  -.129   .687
  16.725   .617  -.6962  3.6703  4.6342    .744  -.128   .688
  16.714   .615  -.6931  3.6708  4.6337    .745  -.128   .689
  16.704   .614  -.6901  3.6713  4.6332    .746  -.127   .690
  16.693   .613  -.6871  3.6718  4.6327    .747  -.127   .691
  16.682   .612  -.6840  3.6722  4.6321    .748  -.126   .691
  16.672   .610  -.6810  3.6727  4.6316    .749  -.126   .692
  16.661   .609  -.6780  3.6732  4.6311    .750  -.125   .693
  16.650   .608  -.6749  3.6737  4.6306    .751  -.124   .694
  16.640   .607  -.6719  3.6742  4.6300    .752  -.124   .695
  16.629   .606  -.6689  3.6747  4.6295    .753  -.123   .696
  16.618   .604  -.6659  3.6751  4.6290    .754  -.123   .697
  16.608   .603  -.6629  3.6756  4.6285    .755  -.122   .698
  16.597   .602  -.6599  3.6761  4.6279    .756  -.121   .698
  16.587   .601  -.6569  3.6766  4.6274    .757  -.121   .699
  16.576   .600  -.6539  3.6771  4.6269    .758  -.120   .700
  16.566   .598  -.6509  3.6776  4.6264    .759  -.120   .701
  16.555   .597  -.6479  3.6780  4.6259    .760  -.119   .702
  16.545   .596  -.6449  3.6785  4.6253    .761  -.119   .703
  16.534   .595  -.6419  3.6790  4.6248    .762  -.118   .704
  16.524   .594  -.6389  3.6795  4.6243    .763  -.117   .705
  16.513   .593  -.6359  3.6800  4.6238    .764  -.117   .706
  16.503   .591  -.6329  3.6804  4.6233    .765  -.116   .706
  16.493   .590  -.6299  3.6809  4.6227    .766  -.116   .707
  16.482   .589  -.6270  3.6814  4.6222    .767  -.115   .708
  16.472   .588  -.6240  3.6819  4.6217    .768  -.115   .709
  16.462   .587  -.6210  3.6824  4.6212    .769  -.114   .710
  16.451   .586  -.6180  3.6828  4.6207    .770  -.114   .711
  16.441   .585  -.6151  3.6833  4.6201    .771  -.113   .712
  16.431   .583  -.6121  3.6838  4.6196    .772  -.112   .713
  16.421   .582  -.6091  3.6843  4.6191    .773  -.112   .714
  16.411   .581  -.6062  3.6847  4.6186    .774  -.111   .714
  16.400   .580  -.6032  3.6852  4.6181    .775  -.111   .715
  16.390   .579  -.6002  3.6857  4.6175    .776  -.110   .716
  16.380   .578  -.5973  3.6862  4.6170    .777  -.110   .717
  16.370   .577  -.5943  3.6867  4.6165    .778  -.109   .718
  16.360   .576  -.5914  3.6871  4.6160    .779  -.108   .719
  16.350   .575  -.5884  3.6876  4.6155    .780  -.108   .720
  16.340   .573  -.5855  3.6881  4.6150    .781  -.107   .721
  16.330   .572  -.5825  3.6886  4.6144    .782  -.107   .722
  16.320   .571  -.5796  3.6890  4.6139    .783  -.106   .722
  16.310   .570  -.5767  3.6895  4.6134    .784  -.106   .723
  16.300   .569  -.5737  3.6900  4.6129    .785  -.105   .724
  16.290   .568  -.5708  3.6904  4.6124    .786  -.105   .725
  16.280   .567  -.5679  3.6909  4.6118    .787  -.104   .726
  16.270   .566  -.5649  3.6914  4.6113    .788  -.103   .727
  16.260   .565  -.5620  3.6919  4.6108    .789  -.103   .728
  16.250   .564  -.5591  3.6923  4.6103    .790  -.102   .729
  16.240   .563  -.5561  3.6928  4.6098    .791  -.102   .730
  16.230   .562  -.5532  3.6933  4.6093    .792  -.101   .730
  16.220   .561  -.5503  3.6938  4.6087    .793  -.101   .731
  16.210   .560  -.5474  3.6942  4.6082    .794  -.100   .732
  16.201   .559  -.5445  3.6947  4.6077    .795  -.100   .733
  16.191   .558  -.5415  3.6952  4.6072    .796  -.099   .734
  16.181   .556  -.5386  3.6956  4.6067    .797  -.099   .735
  16.171   .555  -.5357  3.6961  4.6062    .798  -.098   .736
  16.162   .554  -.5328  3.6966  4.6056    .799  -.097   .737
  16.152   .553  -.5299  3.6970  4.6051    .800  -.097   .738
  16.143   .552  -.5270  3.6975  4.6045    .801  -.096   .739
  16.133   .552  -.5242  3.6979  4.6039    .802  -.096   .740
  16.124   .551  -.5213  3.6983  4.6033    .803  -.095   .741
  16.114   .550  -.5184  3.6988  4.6027    .804  -.095   .742
  16.105   .549  -.5156  3.6992  4.6021    .805  -.094   .743
  16.096   .548  -.5127  3.6996  4.6015    .806  -.094   .744
  16.087   .547  -.5099  3.7000  4.6008    .807  -.093   .745
  16.077   .546  -.5070  3.7005  4.6002    .808  -.093   .745
  16.068   .545  -.5041  3.7009  4.5996    .809  -.092   .746
  16.059   .544  -.5013  3.7013  4.5990    .810  -.092   .747
  16.050   .543  -.4985  3.7018  4.5984    .811  -.091   .748
  16.040   .542  -.4956  3.7022  4.5978    .812  -.090   .749
  16.031   .542  -.4928  3.7026  4.5972    .813  -.090   .750
  16.022   .541  -.4899  3.7030  4.5966    .814  -.089   .751
  16.013   .540  -.4871  3.7034  4.5960    .815  -.089   .752
  16.004   .539  -.4843  3.7039  4.5953    .816  -.088   .753
  15.995   .538  -.4814  3.7043  4.5947    .817  -.088   .754
  15.986   .537  -.4786  3.7047  4.5941    .818  -.087   .755
  15.977   .536  -.4758  3.7051  4.5935    .819  -.087   .756
  15.968   .535  -.4729  3.7056  4.5929    .820  -.086   .757
  15.959   .535  -.4701  3.7060  4.5923    .821  -.086   .758
  15.950   .534  -.4673  3.7064  4.5917    .822  -.085   .759
  15.941   .533  -.4645  3.7068  4.5911    .823  -.085   .760
  15.932   .532  -.4617  3.7072  4.5904    .824  -.084   .761
  15.923   .531  -.4589  3.7076  4.5898    .825  -.084   .762
  15.914   .530  -.4561  3.7081  4.5892    .826  -.083   .763
  15.905   .529  -.4532  3.7085  4.5886    .827  -.082   .764
  15.896   .529  -.4504  3.7089  4.5880    .828  -.082   .765
  15.887   .528  -.4476  3.7093  4.5874    .829  -.081   .766
  15.879   .527  -.4448  3.7097  4.5868    .830  -.081   .767
  15.870   .526  -.4420  3.7101  4.5861    .831  -.080   .768
  15.861   .525  -.4392  3.7105  4.5855    .832  -.080   .769
  15.852   .524  -.4365  3.7110  4.5849    .833  -.079   .770
  15.844   .523  -.4337  3.7114  4.5843    .834  -.079   .771
  15.835   .523  -.4309  3.7118  4.5837    .835  -.078   .772
  15.826   .522  -.4281  3.7122  4.5831    .836  -.078   .773
  15.817   .521  -.4253  3.7126  4.5825    .837  -.077   .774
  15.809   .520  -.4225  3.7130  4.5818    .838  -.077   .775
  15.800   .519  -.4197  3.7134  4.5812    .839  -.076   .776
  15.791   .518  -.4170  3.7138  4.5806    .840  -.076   .777
  15.783   .518  -.4142  3.7142  4.5800    .841  -.075   .779
  15.774   .517  -.4114  3.7147  4.5794    .842  -.075   .780
  15.766   .516  -.4087  3.7151  4.5788    .843  -.074   .781
  15.757   .515  -.4059  3.7155  4.5781    .844  -.074   .782
  15.749   .514  -.4031  3.7159  4.5775    .845  -.073   .783
  15.740   .514  -.4004  3.7163  4.5769    .846  -.073   .784
  15.732   .513  -.3976  3.7167  4.5763    .847  -.072   .785
  15.723   .512  -.3948  3.7171  4.5757    .848  -.072   .786
  15.715   .511  -.3921  3.7175  4.5750    .849  -.071   .787
  15.706   .510  -.3893  3.7179  4.5744    .850  -.071   .788
  15.698   .509  -.3866  3.7183  4.5738    .851  -.070   .789
  15.689   .509  -.3838  3.7187  4.5732    .852  -.070   .790
  15.681   .508  -.3811  3.7191  4.5726    .853  -.069   .791
  15.673   .507  -.3783  3.7195  4.5719    .854  -.069   .792
  15.664   .506  -.3756  3.7199  4.5713    .855  -.068   .793
  15.656   .505  -.3728  3.7203  4.5707    .856  -.068   .794
  15.648   .505  -.3701  3.7207  4.5701    .857  -.067   .795
  15.639   .504  -.3674  3.7211  4.5695    .858  -.067   .796
  15.631   .503  -.3646  3.7215  4.5688    .859  -.066   .797
  15.623   .502  -.3619  3.7219  4.5682    .860  -.066   .798
  15.615   .502  -.3592  3.7223  4.5676    .861  -.065   .799
  15.606   .501  -.3564  3.7227  4.5670    .862  -.064   .800
  15.598   .500  -.3537  3.7231  4.5663    .863  -.064   .801
  15.590   .499  -.3510  3.7235  4.5657    .864  -.063   .802
  15.582   .498  -.3483  3.7239  4.5651    .865  -.063   .803
  15.574   .498  -.3455  3.7243  4.5645    .866  -.062   .804
  15.566   .497  -.3428  3.7247  4.5638    .867  -.062   .805
  15.558   .496  -.3401  3.7251  4.5632    .868  -.061   .806
  15.550   .495  -.3374  3.7255  4.5626    .869  -.061   .807
  15.542   .494  -.3347  3.7259  4.5620    .870  -.060   .808
  15.534   .494  -.3320  3.7263  4.5613    .871  -.060   .809
  15.526   .493  -.3293  3.7267  4.5607    .872  -.059   .811
  15.518   .492  -.3266  3.7271  4.5601    .873  -.059   .812
  15.510   .491  -.3238  3.7275  4.5595    .874  -.058   .813
  15.502   .491  -.3211  3.7279  4.5588    .875  -.058   .814
  15.494   .490  -.3184  3.7283  4.5582    .876  -.057   .815
  15.486   .489  -.3157  3.7286  4.5576    .877  -.057   .816
  15.478   .488  -.3130  3.7290  4.5569    .878  -.057   .817
  15.470   .487  -.3104  3.7294  4.5563    .879  -.056   .818
  15.462   .487  -.3077  3.7298  4.5557    .880  -.056   .819
  15.455   .486  -.3050  3.7302  4.5551    .881  -.055   .820
  15.447   .485  -.3023  3.7306  4.5544    .882  -.055   .821
  15.439   .484  -.2996  3.7310  4.5538    .883  -.054   .822
  15.431   .484  -.2969  3.7314  4.5532    .884  -.054   .823
  15.423   .483  -.2942  3.7318  4.5525    .885  -.053   .824
  15.415   .482  -.2915  3.7322  4.5519    .886  -.053   .825
  15.408   .481  -.2888  3.7325  4.5513    .887  -.052   .826
  15.400   .481  -.2861  3.7329  4.5506    .888  -.052   .828
  15.391   .480  -.2832  3.7333  4.5498    .889  -.051   .829
  15.383   .479  -.2803  3.7338  4.5490    .890  -.051   .830
  15.375   .478  -.2774  3.7342  4.5483    .891  -.050   .831
  15.366   .477  -.2745  3.7346  4.5475    .892  -.050   .832
  15.358   .477  -.2716  3.7350  4.5467    .893  -.049   .834
  15.350   .476  -.2687  3.7354  4.5460    .894  -.049   .835
  15.341   .475  -.2658  3.7358  4.5452    .895  -.048   .836
  15.333   .474  -.2630  3.7362  4.5444    .896  -.048   .837
  15.325   .473  -.2601  3.7366  4.5436    .897  -.047   .838
  15.317   .473  -.2572  3.7370  4.5429    .898  -.047   .840
  15.308   .472  -.2543  3.7374  4.5421    .899  -.046   .841
  15.300   .471  -.2514  3.7378  4.5413    .900  -.046   .842
  15.292   .470  -.2486  3.7382  4.5404    .901  -.045   .843
  15.284   .470  -.2458  3.7385  4.5394    .902  -.045   .845
  15.276   .469  -.2431  3.7388  4.5385    .903  -.044   .846
  15.269   .468  -.2403  3.7392  4.5376    .904  -.044   .848
  15.261   .468  -.2375  3.7395  4.5366    .905  -.043   .849
  15.253   .467  -.2347  3.7399  4.5357    .906  -.043   .850
  15.245   .466  -.2319  3.7402  4.5348    .907  -.042   .852
  15.237   .466  -.2292  3.7405  4.5338    .908  -.042   .853
  15.229   .465  -.2264  3.7409  4.5329    .909  -.041   .854
  15.222   .465  -.2236  3.7412  4.5320    .910  -.041   .856
  15.214   .464  -.2208  3.7415  4.5310    .911  -.040   .857
  15.206   .463  -.2181  3.7419  4.5301    .912  -.040   .859
  15.198   .463  -.2153  3.7422  4.5291    .913  -.040   .860
  15.191   .462  -.2125  3.7426  4.5282    .914  -.039   .861
  15.183   .461  -.2098  3.7429  4.5273    .915  -.039   .863
  15.175   .461  -.2070  3.7432  4.5263    .916  -.038   .864
  15.167   .460  -.2042  3.7436  4.5254    .917  -.038   .866
  15.160   .459  -.2015  3.7439  4.5244    .918  -.037   .867
  15.152   .459  -.1987  3.7442  4.5235    .919  -.037   .868
  15.144   .458  -.1960  3.7446  4.5226    .920  -.036   .870
  15.137   .457  -.1932  3.7449  4.5216    .921  -.036   .871
  15.129   .457  -.1905  3.7452  4.5207    .922  -.035   .873
  15.121   .456  -.1877  3.7456  4.5197    .923  -.035   .874
  15.114   .455  -.1850  3.7459  4.5188    .924  -.034   .876
  15.106   .455  -.1822  3.7462  4.5178    .925  -.034   .877
  15.098   .454  -.1795  3.7465  4.5169    .926  -.033   .878
  15.091   .454  -.1767  3.7469  4.5159    .927  -.033   .880
  15.083   .453  -.1740  3.7472  4.5150    .928  -.032   .881
  15.075   .452  -.1713  3.7475  4.5141    .929  -.032   .883
  15.068   .452  -.1685  3.7479  4.5131    .930  -.032   .884
  15.060   .451  -.1658  3.7482  4.5122    .931  -.031   .886
  15.053   .450  -.1631  3.7485  4.5112    .932  -.031   .887
  15.045   .450  -.1603  3.7488  4.5103    .933  -.030   .889
  15.037   .449  -.1576  3.7492  4.5093    .934  -.030   .890
  15.030   .449  -.1549  3.7495  4.5084    .935  -.029   .891
  15.022   .448  -.1521  3.7498  4.5074    .936  -.029   .893
  15.015   .447  -.1494  3.7501  4.5065    .937  -.028   .894
  15.007   .447  -.1467  3.7505  4.5055    .938  -.028   .896
  15.000   .446  -.1439  3.7508  4.5045    .939  -.027   .897
  14.992   .445  -.1412  3.7511  4.5036    .940  -.027   .899
  14.985   .445  -.1385  3.7514  4.5026    .941  -.026   .900
  14.977   .444  -.1358  3.7518  4.5017    .942  -.026   .902
  14.970   .443  -.1331  3.7521  4.5007    .943  -.025   .903
  14.962   .443  -.1303  3.7524  4.4998    .944  -.025   .905
  14.955   .442  -.1276  3.7527  4.4988    .945  -.025   .906
  14.947   .442  -.1249  3.7530  4.4978    .946  -.024   .908
  14.940   .441  -.1222  3.7534  4.4969    .947  -.024   .909
  14.932   .440  -.1195  3.7537  4.4959    .948  -.023   .911
  14.925   .440  -.1168  3.7540  4.4950    .949  -.023   .912
  14.917   .439  -.1141  3.7543  4.4940    .950  -.022   .914
  14.910   .438  -.1114  3.7546  4.4930    .951  -.022   .915
  14.902   .438  -.1086  3.7550  4.4921    .952  -.021   .917
  14.895   .437  -.1059  3.7553  4.4911    .953  -.021   .918
  14.888   .437  -.1032  3.7556  4.4901    .954  -.020   .920
  14.880   .436  -.1005  3.7559  4.4892    .955  -.020   .921
  14.873   .435  -.0978  3.7562  4.4882    .956  -.020   .923
  14.865   .435  -.0951  3.7565  4.4872    .957  -.019   .924
  14.858   .434  -.0924  3.7569  4.4863    .958  -.019   .926
  14.851   .433  -.0897  3.7572  4.4853    .959  -.018   .927
  14.843   .433  -.0870  3.7575  4.4843    .960  -.018   .929
  14.836   .432  -.0843  3.7578  4.4833    .961  -.017   .930
  14.829   .432  -.0816  3.7581  4.4824    .962  -.017   .932
  14.821   .431  -.0789  3.7584  4.4814    .963  -.016   .933
  14.814   .430  -.0762  3.7587  4.4804    .964  -.016   .935
  14.806   .430  -.0736  3.7590  4.4794    .965  -.015   .936
  14.799   .429  -.0709  3.7594  4.4785    .966  -.015   .938
  14.792   .429  -.0682  3.7597  4.4775    .967  -.015   .939
  14.784   .428  -.0655  3.7600  4.4765    .968  -.014   .941
  14.777   .427  -.0628  3.7603  4.4755    .969  -.014   .942
  14.770   .427  -.0601  3.7606  4.4745    .970  -.013   .944
  14.763   .426  -.0574  3.7609  4.4736    .971  -.013   .946
  14.755   .425  -.0547  3.7612  4.4726    .972  -.012   .947
  14.748   .425  -.0520  3.7615  4.4716    .973  -.012   .949
  14.741   .424  -.0494  3.7618  4.4706    .974  -.011   .950
  14.733   .424  -.0467  3.7621  4.4696    .975  -.011   .952
  14.726   .423  -.0440  3.7624  4.4686    .976  -.011   .953
  14.719   .422  -.0413  3.7627  4.4676    .977  -.010   .955
  14.712   .422  -.0386  3.7631  4.4666    .978  -.010   .957
  14.704   .421  -.0360  3.7634  4.4656    .979  -.009   .958
  14.697   .420  -.0333  3.7637  4.4646    .980  -.009   .960
  14.690   .420  -.0306  3.7640  4.4637    .981  -.008   .961
  14.683   .419  -.0279  3.7643  4.4627    .982  -.008   .963
  14.675   .419  -.0252  3.7646  4.4617    .983  -.007   .965
  14.668   .418  -.0226  3.7649  4.4607    .984  -.007   .966
  14.661   .417  -.0199  3.7652  4.4597    .985  -.007   .968
  14.654   .417  -.0172  3.7655  4.4586    .986  -.006   .969
  14.646   .416  -.0145  3.7658  4.4576    .987  -.006   .971
  14.639   .416  -.0119  3.7661  4.4566    .988  -.005   .973
  14.632   .415  -.0092  3.7664  4.4556    .989  -.005   .974
  14.625   .414  -.0065  3.7667  4.4546    .990  -.004   .976
  14.618   .414  -.0038  3.7670  4.4536    .991  -.004   .977
  14.611   .413  -.0012  3.7673  4.4526    .992  -.003   .979
  14.603   .412   .0015  3.7676  4.4516    .993  -.003   .981
  14.596   .412   .0042  3.7679  4.4506    .994  -.003   .982
  14.589   .411   .0068  3.7682  4.4496    .995  -.002   .984
  14.582   .411   .0095  3.7685  4.4485    .996  -.002   .986
  14.575   .410   .0122  3.7688  4.4475    .997  -.001   .987
  14.567   .409   .0149  3.7691  4.4465    .998  -.001   .989
  14.560   .409   .0175  3.7694  4.4455    .999   .000   .991
  14.553   .408   .0202  3.7697  4.4445   1.000   .000   .992
  14.546   .408   .0228  3.7699  4.4433   1.001   .000   .994
  14.540   .407   .0253  3.7702  4.4422   1.002   .001   .996
  14.533   .407   .0279  3.7704  4.4411   1.003   .001   .998
  14.526   .406   .0305  3.7707  4.4399   1.004   .002   .999
  14.519   .406   .0330  3.7709  4.4388   1.005   .002  1.001
  14.512   .405   .0356  3.7711  4.4377   1.006   .003  1.003
  14.506   .405   .0381  3.7714  4.4365   1.007   .003  1.005
  14.499   .404   .0407  3.7716  4.4354   1.008   .003  1.007
  14.492   .403   .0432  3.7719  4.4343   1.009   .004  1.008
  14.485   .403   .0458  3.7721  4.4331   1.010   .004  1.010
  14.478   .402   .0483  3.7724  4.4320   1.011   .005  1.012
  14.472   .402   .0509  3.7726  4.4309   1.012   .005  1.014
  14.465   .401   .0534  3.7729  4.4297   1.013   .006  1.016
  14.458   .401   .0560  3.7731  4.4286   1.014   .006  1.018
  14.451   .400   .0585  3.7734  4.4275   1.015   .006  1.019
  14.445   .400   .0611  3.7736  4.4263   1.016   .007  1.021
  14.438   .399   .0636  3.7739  4.4252   1.017   .007  1.023
  14.431   .399   .0661  3.7741  4.4241   1.018   .008  1.025
  14.425   .398   .0687  3.7743  4.4229   1.019   .008  1.027
  14.418   .398   .0712  3.7746  4.4218   1.020   .009  1.029
  14.411   .397   .0737  3.7748  4.4206   1.021   .009  1.031
  14.405   .397   .0763  3.7751  4.4195   1.022   .009  1.032
  14.398   .396   .0788  3.7753  4.4184   1.023   .010  1.034
  14.391   .396   .0813  3.7756  4.4172   1.024   .010  1.036
  14.385   .395   .0838  3.7758  4.4161   1.025   .011  1.038
  14.378   .395   .0864  3.7760  4.4149   1.026   .011  1.040
  14.371   .394   .0889  3.7763  4.4138   1.027   .012  1.042
  14.365   .394   .0914  3.7765  4.4126   1.028   .012  1.044
  14.358   .393   .0939  3.7768  4.4115   1.029   .012  1.045
  14.351   .393   .0964  3.7770  4.4103   1.030   .013  1.047
  14.345   .392   .0990  3.7772  4.4092   1.031   .013  1.049
  14.338   .392   .1015  3.7775  4.4080   1.032   .014  1.051
  14.331   .391   .1040  3.7777  4.4069   1.033   .014  1.053
  14.325   .391   .1065  3.7780  4.4057   1.034   .015  1.055
  14.318   .390   .1090  3.7782  4.4046   1.035   .015  1.057
  14.312   .390   .1115  3.7784  4.4034   1.036   .015  1.059
  14.305   .389   .1140  3.7787  4.4023   1.037   .016  1.061
  14.298   .389   .1165  3.7789  4.4011   1.038   .016  1.063
  14.292   .388   .1190  3.7791  4.4000   1.039   .017  1.065
  14.285   .388   .1215  3.7794  4.3988   1.040   .017  1.067
  14.279   .387   .1240  3.7796  4.3977   1.041   .017  1.068
  14.272   .387   .1265  3.7798  4.3965   1.042   .018  1.070
  14.265   .386   .1291  3.7801  4.3953   1.043   .018  1.072
  14.258   .386   .1318  3.7803  4.3939   1.044   .019  1.075
  14.251   .385   .1345  3.7806  4.3926   1.045   .019  1.077
  14.244   .385   .1371  3.7808  4.3912   1.046   .020  1.079
  14.237   .384   .1398  3.7810  4.3899   1.047   .020  1.081
  14.230   .384   .1424  3.7813  4.3885   1.048   .020  1.083
  14.224   .383   .1451  3.7815  4.3872   1.049   .021  1.086
  14.217   .383   .1478  3.7817  4.3858   1.050   .021  1.088
  14.210   .382   .1504  3.7820  4.3845   1.051   .022  1.090
  14.203   .382   .1531  3.7822  4.3831   1.052   .022  1.092
  14.196   .381   .1557  3.7824  4.3818   1.053   .022  1.094
  14.189   .381   .1584  3.7827  4.3804   1.054   .023  1.097
  14.182   .380   .1610  3.7829  4.3790   1.055   .023  1.099
  14.175   .380   .1637  3.7831  4.3777   1.056   .024  1.101
  14.168   .379   .1663  3.7834  4.3763   1.057   .024  1.103
  14.161   .379   .1689  3.7836  4.3750   1.058   .024  1.106
  14.154   .378   .1716  3.7838  4.3736   1.059   .025  1.108
  14.147   .378   .1742  3.7841  4.3722   1.060   .025  1.110
  14.141   .377   .1769  3.7843  4.3708   1.061   .026  1.112
  14.134   .377   .1795  3.7845  4.3695   1.062   .026  1.115
  14.127   .376   .1822  3.7848  4.3681   1.063   .027  1.117
  14.120   .376   .1848  3.7850  4.3667   1.064   .027  1.119
  14.113   .375   .1874  3.7852  4.3653   1.065   .027  1.122
  14.106   .375   .1901  3.7854  4.3639   1.066   .028  1.124
  14.099   .374   .1927  3.7857  4.3626   1.067   .028  1.126
  14.092   .374   .1954  3.7859  4.3612   1.068   .029  1.129
  14.085   .373   .1980  3.7861  4.3598   1.069   .029  1.131
  14.079   .373   .2007  3.7863  4.3583   1.070   .029  1.133
  14.072   .372   .2033  3.7866  4.3569   1.071   .030  1.136
  14.065   .372   .2060  3.7868  4.3555   1.072   .030  1.138
  14.058   .371   .2086  3.7870  4.3541   1.073   .031  1.141
  14.051   .371   .2113  3.7872  4.3527   1.074   .031  1.143
  14.044   .370   .2139  3.7874  4.3512   1.075   .031  1.145
  14.037   .370   .2166  3.7877  4.3498   1.076   .032  1.148
  14.030   .369   .2192  3.7879  4.3483   1.077   .032  1.150
  14.023   .369   .2219  3.7881  4.3468   1.078   .033  1.153
  14.016   .368   .2246  3.7883  4.3453   1.079   .033  1.155
  14.009   .368   .2275  3.7885  4.3435   1.080   .033  1.158
  14.002   .368   .2303  3.7886  4.3417   1.081   .034  1.161
  13.994   .367   .2331  3.7888  4.3399   1.082   .034  1.164
  13.987   .367   .2360  3.7889  4.3381   1.083   .035  1.167
  13.980   .367   .2388  3.7890  4.3363   1.084   .035  1.170
  13.973   .366   .2416  3.7892  4.3345   1.085   .035  1.173
  13.966   .366   .2444  3.7893  4.3328   1.086   .036  1.176
  13.958   .366   .2472  3.7895  4.3310   1.087   .036  1.179
  13.951   .366   .2500  3.7896  4.3292   1.088   .037  1.182
  13.944   .365   .2528  3.7897  4.3274   1.089   .037  1.185
  13.937   .365   .2556  3.7899  4.3257   1.090   .037  1.188
  13.930   .365   .2584  3.7900  4.3239   1.091   .038  1.191
  13.923   .364   .2611  3.7902  4.3221   1.092   .038  1.194
  13.916   .364   .2639  3.7903  4.3204   1.093   .039  1.197
  13.909   .364   .2667  3.7904  4.3186   1.094   .039  1.200
  13.902   .363   .2694  3.7905  4.3168   1.095   .039  1.203
  13.895   .363   .2722  3.7907  4.3151   1.096   .040  1.206
  13.888   .363   .2749  3.7908  4.3133   1.097   .040  1.209
  13.881   .363   .2777  3.7909  4.3116   1.098   .041  1.212
  13.874   .362   .2804  3.7911  4.3098   1.099   .041  1.215
  13.867   .362   .2831  3.7912  4.3081   1.100   .041  1.218
  13.861   .362   .2855  3.7913  4.3066   1.101   .042  1.220
  13.855   .362   .2878  3.7914  4.3051   1.102   .042  1.223
  13.849   .361   .2902  3.7915  4.3036   1.103   .043  1.226
  13.843   .361   .2925  3.7916  4.3021   1.104   .043  1.228
  13.837   .361   .2949  3.7917  4.3006   1.105   .043  1.231
  13.831   .361   .2972  3.7918  4.2991   1.106   .044  1.234
  13.825   .361   .2995  3.7919  4.2976   1.107   .044  1.236
  13.819   .360   .3019  3.7920  4.2961   1.108   .045  1.239
  13.813   .360   .3042  3.7921  4.2946   1.109   .045  1.242
  13.807   .360   .3065  3.7922  4.2930   1.110   .045  1.245
  13.801   .360   .3088  3.7923  4.2915   1.111   .046  1.247
  13.795   .359   .3111  3.7924  4.2900   1.112   .046  1.250
  13.789   .359   .3135  3.7925  4.2885   1.113   .046  1.253
  13.783   .359   .3158  3.7926  4.2870   1.114   .047  1.255
  13.777   .359   .3181  3.7927  4.2855   1.115   .047  1.258
  13.772   .359   .3204  3.7928  4.2840   1.116   .048  1.261
  13.766   .358   .3227  3.7929  4.2824   1.117   .048  1.264
  13.760   .358   .3250  3.7929  4.2809   1.118   .048  1.267
  13.754   .358   .3273  3.7930  4.2794   1.119   .049  1.269
  13.748   .358   .3296  3.7931  4.2779   1.120   .049  1.272
  13.742   .358   .3319  3.7932  4.2763   1.121   .050  1.275
  13.737   .358   .3341  3.7933  4.2748   1.122   .050  1.278
  13.731   .357   .3364  3.7934  4.2733   1.123   .050  1.281
  13.725   .357   .3387  3.7935  4.2718   1.124   .051  1.283
  13.719   .357   .3410  3.7935  4.2702   1.125   .051  1.286
  13.713   .357   .3432  3.7936  4.2687   1.126   .052  1.289
  13.708   .357   .3455  3.7937  4.2671   1.127   .052  1.292
  13.702   .356   .3478  3.7938  4.2656   1.128   .052  1.295
  13.696   .356   .3500  3.7938  4.2641   1.129   .053  1.298
  13.690   .356   .3523  3.7939  4.2625   1.130   .053  1.301
  13.685   .356   .3545  3.7940  4.2610   1.131   .053  1.303
  13.679   .356   .3568  3.7941  4.2594   1.132   .054  1.306
  13.673   .356   .3590  3.7941  4.2579   1.133   .054  1.309
  13.668   .356   .3613  3.7942  4.2563   1.134   .055  1.312
  13.662   .355   .3635  3.7943  4.2548   1.135   .055  1.315
  13.656   .355   .3658  3.7943  4.2532   1.136   .055  1.318
  13.650   .355   .3680  3.7944  4.2517   1.137   .056  1.321
  13.645   .355   .3702  3.7944  4.2499   1.138   .056  1.324
  13.639   .355   .3724  3.7944  4.2481   1.139   .057  1.328
  13.634   .355   .3746  3.7945  4.2463   1.140   .057  1.331
  13.628   .355   .3768  3.7945  4.2446   1.141   .057  1.334
  13.623   .355   .3790  3.7945  4.2428   1.142   .058  1.338
  13.617   .355   .3812  3.7945  4.2410   1.143   .058  1.341
  13.612   .355   .3834  3.7945  4.2392   1.144   .058  1.344
  13.606   .355   .3856  3.7945  4.2374   1.145   .059  1.348
  13.601   .355   .3878  3.7945  4.2356   1.146   .059  1.351
  13.595   .355   .3899  3.7945  4.2338   1.147   .060  1.354
  13.590   .355   .3921  3.7945  4.2320   1.148   .060  1.358
  13.584   .355   .3942  3.7945  4.2301   1.149   .060  1.361
  13.579   .355   .3964  3.7945  4.2283   1.150   .061  1.365
  13.574   .355   .3985  3.7945  4.2265   1.151   .061  1.368
  13.568   .355   .4007  3.7945  4.2247   1.152   .061  1.372
  13.563   .355   .4028  3.7945  4.2228   1.153   .062  1.375
  13.558   .355   .4050  3.7944  4.2210   1.154   .062  1.379
  13.552   .355   .4071  3.7944  4.2192   1.155   .063  1.382
  13.547   .355   .4092  3.7944  4.2173   1.156   .063  1.386
  13.542   .355   .4113  3.7944  4.2155   1.157   .063  1.389
  13.536   .355   .4134  3.7944  4.2136   1.158   .064  1.393
  13.531   .355   .4155  3.7943  4.2118   1.159   .064  1.396
  13.526   .355   .4176  3.7943  4.2099   1.160   .064  1.400
  13.521   .355   .4197  3.7943  4.2080   1.161   .065  1.404
  13.516   .355   .4218  3.7943  4.2062   1.162   .065  1.407
  13.510   .355   .4239  3.7942  4.2043   1.163   .066  1.411
  13.505   .355   .4260  3.7942  4.2024   1.164   .066  1.415
  13.500   .355   .4280  3.7941  4.2005   1.165   .066  1.418
  13.495   .355   .4301  3.7941  4.1986   1.166   .067  1.422
  13.490   .356   .4321  3.7940  4.1967   1.167   .067  1.426
  13.485   .356   .4342  3.7940  4.1948   1.168   .067  1.429
  13.480   .356   .4362  3.7939  4.1929   1.169   .068  1.433
  13.475   .356   .4383  3.7939  4.1910   1.170   .068  1.437
  13.469   .356   .4403  3.7938  4.1891   1.171   .069  1.441
  13.464   .356   .4423  3.7938  4.1871   1.172   .069  1.445
  13.459   .356   .4444  3.7937  4.1852   1.173   .069  1.448
  13.454   .356   .4464  3.7937  4.1833   1.174   .070  1.452
  13.449   .356   .4484  3.7936  4.1813   1.175   .070  1.456
  13.444   .357   .4504  3.7935  4.1794   1.176   .070  1.460
  13.440   .357   .4524  3.7934  4.1774   1.177   .071  1.464
  13.435   .357   .4544  3.7934  4.1754   1.178   .071  1.468
  13.430   .357   .4564  3.7933  4.1735   1.179   .072  1.472
  13.425   .357   .4584  3.7932  4.1715   1.180   .072  1.476
  13.420   .357   .4603  3.7931  4.1695   1.181   .072  1.480
  13.415   .357   .4623  3.7930  4.1675   1.182   .073  1.484
  13.410   .358   .4643  3.7929  4.1655   1.183   .073  1.488
  13.405   .358   .4662  3.7928  4.1635   1.184   .073  1.492
  13.401   .358   .4682  3.7928  4.1615   1.185   .074  1.496
  13.396   .358   .4701  3.7926  4.1595   1.186   .074  1.500
  13.391   .358   .4720  3.7925  4.1575   1.187   .074  1.504
  13.386   .359   .4740  3.7924  4.1554   1.188   .075  1.509
  13.382   .359   .4760  3.7923  4.1532   1.189   .075  1.513
  13.377   .359   .4780  3.7921  4.1508   1.190   .076  1.518
  13.372   .360   .4800  3.7919  4.1485   1.191   .076  1.523
  13.367   .360   .4820  3.7918  4.1461   1.192   .076  1.527
  13.362   .360   .4841  3.7916  4.1437   1.193   .077  1.532
  13.357   .361   .4861  3.7914  4.1413   1.194   .077  1.537
  13.352   .361   .4881  3.7912  4.1389   1.195   .077  1.542
  13.347   .362   .4901  3.7910  4.1365   1.196   .078  1.547
  13.342   .362   .4922  3.7908  4.1340   1.197   .078  1.552
  13.337   .362   .4942  3.7906  4.1315   1.198   .078  1.557
  13.333   .363   .4962  3.7904  4.1290   1.199   .079  1.562
  13.328   .363   .4983  3.7902  4.1265   1.200   .079  1.567
  13.323   .363   .5002  3.7901  4.1246   1.201   .080  1.572
  13.318   .364   .5020  3.7900  4.1226   1.202   .080  1.576
  13.314   .364   .5039  3.7899  4.1206   1.203   .080  1.580
  13.309   .364   .5058  3.7898  4.1187   1.204   .081  1.584
  13.305   .364   .5077  3.7896  4.1167   1.205   .081  1.589
  13.300   .365   .5095  3.7895  4.1147   1.206   .081  1.593
  13.296   .365   .5114  3.7894  4.1128   1.207   .082  1.597
  13.291   .365   .5132  3.7893  4.1108   1.208   .082  1.601
  13.287   .365   .5152  3.7891  4.1087   1.209   .082  1.606
  13.281   .366   .5175  3.7890  4.1062   1.210   .083  1.611
  13.275   .366   .5198  3.7888  4.1037   1.211   .083  1.617
  13.270   .366   .5221  3.7886  4.1012   1.212   .084  1.622
  13.264   .367   .5244  3.7885  4.0986   1.213   .084  1.627
  13.259   .367   .5266  3.7883  4.0961   1.214   .084  1.633
  13.253   .368   .5288  3.7881  4.0936   1.215   .085  1.638
  13.245   .367   .5322  3.7882  4.0910   1.216   .085  1.644
  13.233   .366   .5368  3.7887  4.0885   1.217   .085  1.649
  13.221   .365   .5413  3.7892  4.0859   1.218   .086  1.655
  13.209   .364   .5459  3.7896  4.0833   1.219   .086  1.660
  13.197   .363   .5503  3.7901  4.0807   1.220   .086  1.666
  13.186   .362   .5547  3.7905  4.0782   1.221   .087  1.672
  13.173   .361   .5595  3.7910  4.0755   1.222   .087  1.678
  13.140   .358   .5721  3.7926  4.0697   1.223   .087  1.689
  13.107   .354   .5844  3.7942  4.0641   1.224   .088  1.701
  13.075   .351   .5965  3.7957  4.0586   1.225   .088  1.713
  13.044   .348   .6084  3.7972  4.0532   1.226   .088  1.724
  12.992   .342   .6280  3.8000  4.0449   1.227   .089  1.741
  12.923   .334   .6543  3.8039  4.0340   1.228   .089  1.764
  12.871   .330   .6742  3.8058  4.0222   1.229   .090  1.789
  12.861   .332   .6785  3.8049  4.0156   1.230   .090  1.803
  12.851   .334   .6829  3.8040  4.0090   1.231   .090  1.818
  12.843   .335   .6861  3.8033  4.0038   1.232   .091  1.829
  12.837   .336   .6885  3.8028  3.9996   1.233   .091  1.839
  12.832   .337   .6910  3.8022  3.9953   1.234   .091  1.849
  12.826   .338   .6934  3.8017  3.9911   1.235   .092  1.858
  12.821   .339   .6958  3.8012  3.9869   1.236   .092  1.868
  12.815   .340   .6981  3.8007  3.9828   1.237   .092  1.878
  12.810   .341   .7005  3.8002  3.9786   1.238   .093  1.888
  12.804   .342   .7029  3.7996  3.9744   1.239   .093  1.898
  12.799   .343   .7052  3.7991  3.9703   1.240   .093  1.907
  12.793   .344   .7076  3.7986  3.9662   1.241   .094  1.917
  12.788   .345   .7099  3.7981  3.9620   1.242   .094  1.927
  12.783   .346   .7122  3.7976  3.9579   1.243   .094  1.937
  12.777   .348   .7145  3.7971  3.9538   1.244   .095  1.947
  12.772   .349   .7168  3.7965  3.9497   1.245   .095  1.957
  12.767   .350   .7191  3.7960  3.9457   1.246   .096  1.967
  12.762   .351   .7213  3.7955  3.9416   1.247   .096  1.977
  12.757   .352   .7236  3.7950  3.9376   1.248   .096  1.987
  12.752   .353   .7258  3.7945  3.9335   1.249   .097  1.997
  12.747   .354   .7280  3.7939  3.9295   1.250   .097  2.007
  12.742   .355   .7302  3.7934  3.9254   1.251   .097  2.017
  12.737   .356   .7324  3.7929  3.9214   1.252   .098  2.027
  12.732   .362   .7354  3.7901  3.9078   1.253   .098  2.060
  12.728   .368   .7385  3.7873  3.8941   1.254   .098  2.094
  12.723   .374   .7417  3.7845  3.8804   1.255   .099  2.128
  12.718   .380   .7450  3.7818  3.8667   1.256   .099  2.163
  12.719   .386   .7461  3.7793  3.8561   1.257   .099  2.190
  12.725   .390   .7451  3.7771  3.8485   1.258   .100  2.210
  12.730   .395   .7443  3.7750  3.8410   1.259   .100  2.230
  12.735   .400   .7436  3.7729  3.8335   1.260   .100  2.251
  12.739   .404   .7431  3.7708  3.8261   1.261   .101  2.271
  12.744   .409   .7427  3.7688  3.8187   1.262   .101  2.291
  12.748   .413   .7424  3.7669  3.8113   1.263   .101  2.311
  12.751   .417   .7423  3.7650  3.8040   1.264   .102  2.332
  12.755   .421   .7423  3.7631  3.7968   1.265   .102  2.352
  12.758   .425   .7424  3.7613  3.7896   1.266   .102  2.373
  12.776   .433   .7379  3.7577  3.7801   1.267   .103  2.400
  12.799   .442   .7319  3.7536  3.7699   1.268   .103  2.429
  12.824   .451   .7258  3.7495  3.7599   1.269   .103  2.458
  12.849   .460   .7196  3.7453  3.7500   1.270   .104  2.488
  12.873   .468   .7138  3.7414  3.7402   1.271   .104  2.517
  12.882   .474   .7131  3.7388  3.7309   1.272   .104  2.545
  12.891   .480   .7122  3.7362  3.7218   1.273   .105  2.573
  12.901   .486   .7112  3.7336  3.7129   1.274   .105  2.600
  12.911   .492   .7099  3.7310  3.7042   1.275   .106  2.627
  12.923   .498   .7084  3.7284  3.6957   1.276   .106  2.654
  12.931   .507   .7092  3.7250  3.6818   1.277   .106  2.698
  12.942   .515   .7098  3.7214  3.6675   1.278   .107  2.744
  12.955   .524   .7096  3.7178  3.6536   1.279   .107  2.789
  12.970   .533   .7087  3.7140  3.6402   1.280   .107  2.834
  12.970   .541   .7137  3.7108  3.6227   1.281   .108  2.893
  12.939   .546   .7293  3.7085  3.5979   1.282   .108  2.978
  12.910   .552   .7446  3.7062  3.5735   1.283   .108  3.064
  12.882   .558   .7594  3.7039  3.5495   1.284   .109  3.151
  12.856   .564   .7738  3.7016  3.5258   1.285   .109  3.239
  12.807   .570   .7971  3.6995  3.4948   1.286   .109  3.358
  12.757   .575   .8206  3.6975  3.4635   1.287   .110  3.483
  12.708   .581   .8438  3.6954  3.4324   1.288   .110  3.611
  12.660   .587   .8667  3.6934  3.4017   1.289   .110  3.742
  12.606   .593   .8920  3.6913  3.3684   1.290   .111  3.890
  12.505   .599   .9361  3.6893  3.3163   1.291   .111  4.132
  12.403   .606   .9805  3.6873  3.2638   1.292   .111  4.391
  12.335   .610  1.0100  3.6861  3.2300   1.293   .112  4.567
  12.271   .614  1.0379  3.6850  3.1983   1.294   .112  4.739
  12.207   .617  1.0656  3.6839  3.1667   1.295   .112  4.916
  12.143   .621  1.0931  3.6828  3.1353   1.296   .113  5.099
  12.087   .624  1.1171  3.6820  3.1085   1.297   .113  5.261
  12.038   .626  1.1379  3.6815  3.0857   1.298   .113  5.403
  11.990   .628  1.1579  3.6810  3.0639   1.299   .114  5.542
  11.911   .633  1.1923  3.6797  3.0251   1.300   .114  5.798
  11.837   .637  1.2244  3.6785  2.9887   1.301   .114  6.049
  11.763   .642  1.2565  3.6772  2.9520   1.302   .115  6.312
  11.689   .646  1.2888  3.6759  2.9151   1.303   .115  6.588
  11.597   .652  1.3297  3.6741  2.8675   1.304   .115  6.962
  11.489   .660  1.3777  3.6719  2.8108   1.305   .116  7.435
  11.382   .668  1.4257  3.6696  2.7541   1.306   .116  7.940
  11.275   .676  1.4740  3.6673  2.6971   1.307   .116  8.481
  11.134   .688  1.5380  3.6641  2.6201   1.308   .117  9.271
  10.993   .699  1.6023  3.6609  2.5427   1.309   .117 10.139
  10.833   .714  1.6769  3.6569  2.4523   1.310   .117 11.255
  10.649   .733  1.7641  3.6518  2.3455   1.311   .118 12.732
  10.454   .755  1.8583  3.6462  2.2292   1.312   .118 14.562
  10.245   .782  1.9630  3.6392  2.0968   1.313   .118 16.967
   9.978   .831  2.1114  3.6268  1.8992   1.314   .119 21.308
   9.726   .884  2.2577  3.6140  1.7012   1.315   .119 26.775
   9.524   .926  2.3760  3.6050  1.5472   1.316   .119 31.980
   9.292   .971  2.5099  3.5966  1.3799   1.317   .120 38.790
   8.960  1.066  2.7365  3.5804  1.0892   1.318   .120 54.225
