  18.164   .827 -1.1079  3.6124  4.7191    .600  -.222   .560
  18.151   .824 -1.1044  3.6129  4.7185    .601  -.221   .561
  18.138   .822 -1.1008  3.6135  4.7179    .602  -.220   .562
  18.126   .819 -1.0973  3.6140  4.7173    .603  -.220   .563
  18.113   .816 -1.0938  3.6145  4.7166    .604  -.219   .564
  18.100   .814 -1.0902  3.6151  4.7160    .605  -.218   .565
  18.087   .811 -1.0867  3.6156  4.7154    .606  -.218   .565
  18.075   .808 -1.0832  3.6161  4.7148    .607  -.217   .566
  18.062   .806 -1.0797  3.6167  4.7141    .608  -.216   .567
  18.050   .803 -1.0762  3.6172  4.7135    .609  -.215   .568
  18.037   .800 -1.0727  3.6178  4.7129    .610  -.215   .569
  18.025   .798 -1.0692  3.6183  4.7123    .611  -.214   .570
  18.012   .795 -1.0657  3.6188  4.7117    .612  -.213   .571
  18.000   .792 -1.0622  3.6194  4.7110    .613  -.213   .572
  17.987   .790 -1.0588  3.6199  4.7104    .614  -.212   .572
  17.975   .787 -1.0553  3.6204  4.7098    .615  -.211   .573
  17.963   .785 -1.0518  3.6210  4.7092    .616  -.210   .574
  17.950   .782 -1.0484  3.6215  4.7086    .617  -.210   .575
  17.938   .780 -1.0449  3.6220  4.7080    .618  -.209   .576
  17.926   .777 -1.0414  3.6225  4.7074    .619  -.208   .577
  17.913   .774 -1.0380  3.6231  4.7067    .620  -.208   .578
  17.901   .772 -1.0346  3.6236  4.7061    .621  -.207   .579
  17.889   .769 -1.0311  3.6241  4.7055    .622  -.206   .579
  17.877   .767 -1.0277  3.6246  4.7049    .623  -.206   .580
  17.864   .764 -1.0242  3.6252  4.7043    .624  -.205   .581
  17.852   .762 -1.0208  3.6257  4.7037    .625  -.204   .582
  17.839   .759 -1.0174  3.6262  4.7031    .626  -.203   .583
  17.827   .757 -1.0140  3.6267  4.7025    .627  -.203   .584
  17.815   .755 -1.0106  3.6273  4.7019    .628  -.202   .585
  17.802   .752 -1.0072  3.6278  4.7012    .629  -.201   .586
  17.790   .750 -1.0038  3.6283  4.7006    .630  -.201   .586
  17.777   .747 -1.0004  3.6288  4.7000    .631  -.200   .587
  17.765   .745  -.9970  3.6293  4.6994    .632  -.199   .588
  17.752   .743  -.9936  3.6299  4.6988    .633  -.199   .589
  17.740   .741  -.9902  3.6304  4.6982    .634  -.198   .590
  17.727   .738  -.9868  3.6309  4.6976    .635  -.197   .591
  17.715   .736  -.9834  3.6314  4.6970    .636  -.197   .592
  17.703   .734  -.9801  3.6319  4.6964    .637  -.196   .593
  17.690   .732  -.9767  3.6324  4.6958    .638  -.195   .593
  17.678   .730  -.9733  3.6330  4.6952    .639  -.194   .594
  17.666   .728  -.9700  3.6335  4.6946    .640  -.194   .595
  17.653   .726  -.9666  3.6340  4.6940    .641  -.193   .596
  17.641   .723  -.9633  3.6345  4.6934    .642  -.192   .597
  17.629   .721  -.9599  3.6350  4.6928    .643  -.192   .598
  17.616   .719  -.9566  3.6355  4.6922    .644  -.191   .599
  17.604   .717  -.9532  3.6360  4.6916    .645  -.190   .600
  17.592   .715  -.9499  3.6365  4.6910    .646  -.190   .600
  17.580   .713  -.9466  3.6371  4.6904    .647  -.189   .601
  17.568   .711  -.9432  3.6376  4.6898    .648  -.188   .602
  17.556   .709  -.9399  3.6381  4.6892    .649  -.188   .603
  17.543   .707  -.9366  3.6386  4.6886    .650  -.187   .604
  17.531   .705  -.9333  3.6391  4.6880    .651  -.186   .605
  17.519   .703  -.9300  3.6396  4.6874    .652  -.186   .606
  17.507   .701  -.9267  3.6401  4.6868    .653  -.185   .607
  17.495   .699  -.9234  3.6406  4.6862    .654  -.184   .608
  17.483   .697  -.9201  3.6411  4.6856    .655  -.184   .608
  17.471   .696  -.9168  3.6416  4.6850    .656  -.183   .609
  17.459   .694  -.9135  3.6421  4.6844    .657  -.182   .610
  17.447   .692  -.9102  3.6426  4.6838    .658  -.182   .611
  17.435   .690  -.9069  3.6431  4.6832    .659  -.181   .612
  17.424   .688  -.9036  3.6436  4.6826    .660  -.180   .613
  17.412   .686  -.9004  3.6441  4.6820    .661  -.180   .614
  17.400   .684  -.8971  3.6446  4.6814    .662  -.179   .615
  17.388   .683  -.8938  3.6451  4.6808    .663  -.178   .615
  17.376   .681  -.8906  3.6456  4.6802    .664  -.178   .616
  17.364   .679  -.8873  3.6461  4.6797    .665  -.177   .617
  17.353   .677  -.8841  3.6466  4.6791    .666  -.177   .618
  17.341   .676  -.8808  3.6471  4.6785    .667  -.176   .619
  17.329   .674  -.8776  3.6476  4.6779    .668  -.175   .620
  17.317   .672  -.8743  3.6481  4.6773    .669  -.175   .621
  17.306   .670  -.8711  3.6486  4.6767    .670  -.174   .622
  17.294   .669  -.8678  3.6491  4.6761    .671  -.173   .623
  17.282   .667  -.8646  3.6496  4.6755    .672  -.173   .623
  17.271   .665  -.8614  3.6501  4.6749    .673  -.172   .624
  17.259   .664  -.8581  3.6506  4.6743    .674  -.171   .625
  17.248   .662  -.8549  3.6510  4.6737    .675  -.171   .626
  17.236   .661  -.8517  3.6515  4.6732    .676  -.170   .627
  17.225   .659  -.8485  3.6520  4.6726    .677  -.169   .628
  17.213   .657  -.8453  3.6525  4.6720    .678  -.169   .629
  17.202   .656  -.8421  3.6530  4.6714    .679  -.168   .630
  17.190   .654  -.8389  3.6535  4.6708    .680  -.167   .631
  17.179   .653  -.8357  3.6540  4.6702    .681  -.167   .631
  17.167   .651  -.8325  3.6545  4.6696    .682  -.166   .632
  17.156   .650  -.8293  3.6550  4.6690    .683  -.166   .633
  17.144   .648  -.8261  3.6554  4.6685    .684  -.165   .634
  17.133   .647  -.8229  3.6559  4.6679    .685  -.164   .635
  17.122   .645  -.8197  3.6564  4.6673    .686  -.164   .636
  17.110   .644  -.8165  3.6569  4.6667    .687  -.163   .637
  17.099   .642  -.8133  3.6574  4.6661    .688  -.162   .638
  17.088   .641  -.8102  3.6579  4.6655    .689  -.162   .639
  17.076   .640  -.8070  3.6584  4.6649    .690  -.161   .639
  17.065   .638  -.8038  3.6588  4.6643    .691  -.161   .640
  17.054   .637  -.8006  3.6593  4.6638    .692  -.160   .641
  17.043   .635  -.7975  3.6598  4.6632    .693  -.159   .642
  17.032   .634  -.7943  3.6603  4.6626    .694  -.159   .643
  17.020   .633  -.7912  3.6608  4.6620    .695  -.158   .644
  17.009   .631  -.7880  3.6612  4.6614    .696  -.157   .645
  16.998   .630  -.7848  3.6617  4.6608    .697  -.157   .646
  16.987   .629  -.7817  3.6622  4.6603    .698  -.156   .647
  16.976   .627  -.7786  3.6627  4.6597    .699  -.156   .648
  16.965   .626  -.7754  3.6632  4.6591    .700  -.155   .648
  16.953   .625  -.7723  3.6637  4.6586    .701  -.154   .649
  16.942   .623  -.7691  3.6642  4.6581    .702  -.154   .650
  16.931   .622  -.7660  3.6647  4.6576    .703  -.153   .651
  16.920   .620  -.7629  3.6652  4.6571    .704  -.152   .652
  16.909   .619  -.7598  3.6657  4.6566    .705  -.152   .653
  16.898   .618  -.7566  3.6662  4.6561    .706  -.151   .653
  16.886   .616  -.7535  3.6667  4.6556    .707  -.151   .654
  16.875   .615  -.7504  3.6672  4.6551    .708  -.150   .655
  16.864   .614  -.7473  3.6677  4.6547    .709  -.149   .656
  16.853   .612  -.7442  3.6682  4.6542    .710  -.149   .657
  16.842   .611  -.7411  3.6687  4.6537    .711  -.148   .658
  16.831   .610  -.7380  3.6692  4.6532    .712  -.148   .658
  16.820   .609  -.7349  3.6697  4.6527    .713  -.147   .659
  16.809   .607  -.7318  3.6702  4.6522    .714  -.146   .660
  16.798   .606  -.7288  3.6707  4.6517    .715  -.146   .661
  16.787   .605  -.7257  3.6712  4.6512    .716  -.145   .662
  16.777   .603  -.7226  3.6717  4.6507    .717  -.144   .663
  16.766   .602  -.7195  3.6722  4.6503    .718  -.144   .663
  16.755   .601  -.7165  3.6727  4.6498    .719  -.143   .664
  16.744   .600  -.7134  3.6732  4.6493    .720  -.143   .665
  16.733   .598  -.7103  3.6737  4.6488    .721  -.142   .666
  16.723   .597  -.7073  3.6742  4.6483    .722  -.141   .667
  16.712   .596  -.7042  3.6747  4.6478    .723  -.141   .668
  16.701   .595  -.7012  3.6752  4.6473    .724  -.140   .668
  16.690   .594  -.6981  3.6757  4.6469    .725  -.140   .669
  16.680   .592  -.6951  3.6762  4.6464    .726  -.139   .670
  16.669   .591  -.6920  3.6767  4.6459    .727  -.138   .671
  16.658   .590  -.6890  3.6772  4.6454    .728  -.138   .672
  16.648   .589  -.6860  3.6777  4.6449    .729  -.137   .673
  16.637   .588  -.6829  3.6782  4.6444    .730  -.137   .673
  16.627   .586  -.6799  3.6787  4.6439    .731  -.136   .674
  16.616   .585  -.6769  3.6792  4.6435    .732  -.135   .675
  16.606   .584  -.6739  3.6797  4.6430    .733  -.135   .676
  16.595   .583  -.6708  3.6802  4.6425    .734  -.134   .677
  16.585   .582  -.6678  3.6806  4.6420    .735  -.134   .678
  16.574   .581  -.6648  3.6811  4.6415    .736  -.133   .678
  16.564   .579  -.6618  3.6816  4.6411    .737  -.133   .679
  16.554   .578  -.6588  3.6821  4.6406    .738  -.132   .680
  16.543   .577  -.6558  3.6826  4.6401    .739  -.131   .681
  16.533   .576  -.6528  3.6831  4.6396    .740  -.131   .682
  16.523   .575  -.6498  3.6836  4.6391    .741  -.130   .683
  16.512   .574  -.6468  3.6841  4.6386    .742  -.130   .683
  16.502   .573  -.6438  3.6845  4.6382    .743  -.129   .684
  16.492   .572  -.6408  3.6850  4.6377    .744  -.128   .685
  16.482   .570  -.6379  3.6855  4.6372    .745  -.128   .686
  16.471   .569  -.6349  3.6860  4.6367    .746  -.127   .687
  16.461   .568  -.6319  3.6865  4.6363    .747  -.127   .688
  16.451   .567  -.6289  3.6870  4.6358    .748  -.126   .689
  16.441   .566  -.6260  3.6875  4.6353    .749  -.126   .689
  16.431   .565  -.6230  3.6879  4.6348    .750  -.125   .690
  16.421   .564  -.6200  3.6884  4.6343    .751  -.124   .691
  16.411   .563  -.6171  3.6889  4.6339    .752  -.124   .692
  16.400   .562  -.6141  3.6894  4.6334    .753  -.123   .693
  16.390   .561  -.6112  3.6899  4.6329    .754  -.123   .694
  16.380   .560  -.6082  3.6903  4.6324    .755  -.122   .694
  16.370   .559  -.6053  3.6908  4.6319    .756  -.121   .695
  16.361   .557  -.6023  3.6913  4.6315    .757  -.121   .696
  16.351   .556  -.5994  3.6918  4.6310    .758  -.120   .697
  16.341   .555  -.5964  3.6923  4.6305    .759  -.120   .698
  16.331   .554  -.5935  3.6927  4.6300    .760  -.119   .699
  16.321   .553  -.5906  3.6932  4.6296    .761  -.119   .699
  16.311   .552  -.5876  3.6937  4.6291    .762  -.118   .700
  16.301   .551  -.5847  3.6942  4.6286    .763  -.117   .701
  16.291   .550  -.5818  3.6946  4.6281    .764  -.117   .702
  16.282   .549  -.5789  3.6951  4.6277    .765  -.116   .703
  16.272   .548  -.5759  3.6956  4.6272    .766  -.116   .704
  16.262   .547  -.5730  3.6961  4.6267    .767  -.115   .705
  16.253   .546  -.5701  3.6965  4.6262    .768  -.115   .705
  16.243   .545  -.5672  3.6970  4.6258    .769  -.114   .706
  16.233   .544  -.5643  3.6975  4.6253    .770  -.114   .707
  16.224   .543  -.5614  3.6980  4.6248    .771  -.113   .708
  16.214   .542  -.5585  3.6984  4.6243    .772  -.112   .709
  16.204   .541  -.5556  3.6989  4.6239    .773  -.112   .710
  16.195   .540  -.5527  3.6994  4.6234    .774  -.111   .710
  16.185   .539  -.5498  3.6998  4.6229    .775  -.111   .711
  16.176   .538  -.5469  3.7003  4.6224    .776  -.110   .712
  16.166   .537  -.5440  3.7008  4.6220    .777  -.110   .713
  16.157   .536  -.5411  3.7013  4.6215    .778  -.109   .714
  16.147   .535  -.5382  3.7017  4.6210    .779  -.108   .715
  16.138   .534  -.5353  3.7022  4.6205    .780  -.108   .716
  16.128   .533  -.5325  3.7027  4.6201    .781  -.107   .716
  16.119   .532  -.5296  3.7031  4.6196    .782  -.107   .717
  16.110   .532  -.5267  3.7036  4.6191    .783  -.106   .718
  16.100   .531  -.5238  3.7041  4.6186    .784  -.106   .719
  16.091   .530  -.5210  3.7045  4.6182    .785  -.105   .720
  16.082   .529  -.5181  3.7050  4.6177    .786  -.105   .721
  16.072   .528  -.5152  3.7055  4.6172    .787  -.104   .722
  16.063   .527  -.5124  3.7059  4.6167    .788  -.103   .722
  16.054   .526  -.5095  3.7064  4.6163    .789  -.103   .723
  16.045   .525  -.5067  3.7069  4.6158    .790  -.102   .724
  16.036   .524  -.5038  3.7073  4.6153    .791  -.102   .725
  16.026   .523  -.5010  3.7078  4.6148    .792  -.101   .726
  16.017   .522  -.4981  3.7083  4.6144    .793  -.101   .727
  16.008   .521  -.4953  3.7087  4.6139    .794  -.100   .727
  15.999   .520  -.4924  3.7092  4.6134    .795  -.100   .728
  15.990   .519  -.4896  3.7096  4.6129    .796  -.099   .729
  15.981   .518  -.4867  3.7101  4.6125    .797  -.099   .730
  15.972   .518  -.4839  3.7106  4.6120    .798  -.098   .731
  15.963   .517  -.4810  3.7110  4.6115    .799  -.097   .732
  15.954   .516  -.4782  3.7115  4.6110    .800  -.097   .733
  15.945   .515  -.4753  3.7119  4.6103    .801  -.096   .734
  15.936   .514  -.4724  3.7123  4.6096    .802  -.096   .735
  15.927   .513  -.4695  3.7127  4.6089    .803  -.095   .736
  15.918   .512  -.4666  3.7131  4.6082    .804  -.095   .737
  15.909   .512  -.4637  3.7136  4.6075    .805  -.094   .738
  15.900   .511  -.4608  3.7140  4.6068    .806  -.094   .739
  15.891   .510  -.4579  3.7144  4.6061    .807  -.093   .740
  15.882   .509  -.4550  3.7148  4.6054    .808  -.093   .741
  15.874   .508  -.4521  3.7152  4.6047    .809  -.092   .742
  15.865   .508  -.4492  3.7156  4.6040    .810  -.092   .743
  15.856   .507  -.4464  3.7160  4.6033    .811  -.091   .744
  15.847   .506  -.4435  3.7164  4.6026    .812  -.090   .745
  15.839   .505  -.4406  3.7168  4.6019    .813  -.090   .746
  15.830   .505  -.4377  3.7172  4.6012    .814  -.089   .747
  15.821   .504  -.4349  3.7176  4.6005    .815  -.089   .748
  15.813   .503  -.4320  3.7180  4.5998    .816  -.088   .750
  15.804   .502  -.4292  3.7184  4.5991    .817  -.088   .751
  15.795   .501  -.4263  3.7188  4.5984    .818  -.087   .752
  15.787   .501  -.4234  3.7192  4.5977    .819  -.087   .753
  15.778   .500  -.4206  3.7196  4.5970    .820  -.086   .754
  15.770   .499  -.4177  3.7201  4.5963    .821  -.086   .755
  15.761   .498  -.4149  3.7205  4.5956    .822  -.085   .756
  15.753   .497  -.4120  3.7209  4.5949    .823  -.085   .757
  15.744   .497  -.4091  3.7213  4.5942    .824  -.084   .758
  15.735   .496  -.4062  3.7217  4.5934    .825  -.084   .759
  15.727   .495  -.4033  3.7221  4.5927    .826  -.083   .760
  15.718   .494  -.4003  3.7225  4.5920    .827  -.082   .761
  15.709   .494  -.3974  3.7229  4.5912    .828  -.082   .763
  15.701   .493  -.3945  3.7233  4.5905    .829  -.081   .764
  15.692   .492  -.3916  3.7237  4.5897    .830  -.081   .765
  15.684   .491  -.3887  3.7241  4.5890    .831  -.080   .766
  15.675   .490  -.3858  3.7245  4.5883    .832  -.080   .767
  15.667   .490  -.3829  3.7249  4.5875    .833  -.079   .768
  15.658   .489  -.3800  3.7253  4.5868    .834  -.079   .769
  15.650   .488  -.3771  3.7257  4.5860    .835  -.078   .770
  15.641   .487  -.3742  3.7261  4.5853    .836  -.078   .771
  15.633   .486  -.3713  3.7265  4.5845    .837  -.077   .773
  15.625   .486  -.3684  3.7270  4.5838    .838  -.077   .774
  15.616   .485  -.3655  3.7274  4.5831    .839  -.076   .775
  15.608   .484  -.3626  3.7278  4.5823    .840  -.076   .776
  15.599   .483  -.3597  3.7282  4.5816    .841  -.075   .777
  15.591   .482  -.3568  3.7286  4.5808    .842  -.075   .778
  15.583   .482  -.3539  3.7290  4.5801    .843  -.074   .779
  15.575   .481  -.3511  3.7294  4.5793    .844  -.074   .780
  15.566   .480  -.3482  3.7298  4.5786    .845  -.073   .782
  15.558   .479  -.3453  3.7302  4.5778    .846  -.073   .783
  15.550   .479  -.3424  3.7306  4.5771    .847  -.072   .784
  15.542   .478  -.3396  3.7310  4.5764    .848  -.072   .785
  15.533   .477  -.3367  3.7314  4.5756    .849  -.071   .786
  15.525   .476  -.3338  3.7318  4.5749    .850  -.071   .787
  15.517   .476  -.3309  3.7322  4.5741    .851  -.070   .788
  15.509   .475  -.3281  3.7326  4.5734    .852  -.070   .790
  15.501   .474  -.3252  3.7330  4.5726    .853  -.069   .791
  15.493   .473  -.3224  3.7334  4.5719    .854  -.069   .792
  15.484   .472  -.3195  3.7338  4.5711    .855  -.068   .793
  15.476   .472  -.3166  3.7342  4.5704    .856  -.068   .794
  15.468   .471  -.3138  3.7345  4.5696    .857  -.067   .795
  15.460   .470  -.3109  3.7349  4.5689    .858  -.067   .796
  15.452   .469  -.3081  3.7353  4.5681    .859  -.066   .798
  15.444   .469  -.3052  3.7357  4.5674    .860  -.066   .799
  15.436   .468  -.3024  3.7361  4.5666    .861  -.065   .800
  15.428   .467  -.2995  3.7365  4.5659    .862  -.064   .801
  15.420   .466  -.2967  3.7369  4.5651    .863  -.064   .802
  15.412   .466  -.2939  3.7373  4.5644    .864  -.063   .803
  15.404   .465  -.2910  3.7377  4.5636    .865  -.063   .805
  15.395   .464  -.2882  3.7381  4.5629    .866  -.062   .806
  15.387   .463  -.2853  3.7385  4.5621    .867  -.062   .807
  15.379   .463  -.2825  3.7389  4.5613    .868  -.061   .808
  15.371   .462  -.2797  3.7393  4.5606    .869  -.061   .809
  15.363   .461  -.2768  3.7397  4.5598    .870  -.060   .810
  15.355   .460  -.2740  3.7401  4.5591    .871  -.060   .812
  15.347   .460  -.2712  3.7405  4.5583    .872  -.059   .813
  15.339   .459  -.2684  3.7408  4.5576    .873  -.059   .814
  15.331   .458  -.2655  3.7412  4.5568    .874  -.058   .815
  15.323   .457  -.2627  3.7416  4.5561    .875  -.058   .816
  15.315   .457  -.2599  3.7420  4.5553    .876  -.057   .817
  15.307   .456  -.2571  3.7424  4.5545    .877  -.057   .819
  15.300   .455  -.2543  3.7428  4.5538    .878  -.057   .820
  15.292   .454  -.2514  3.7432  4.5530    .879  -.056   .821
  15.284   .454  -.2486  3.7436  4.5523    .880  -.056   .822
  15.276   .453  -.2458  3.7440  4.5515    .881  -.055   .823
  15.268   .452  -.2430  3.7444  4.5507    .882  -.055   .825
  15.260   .452  -.2402  3.7447  4.5500    .883  -.054   .826
  15.252   .451  -.2374  3.7451  4.5492    .884  -.054   .827
  15.244   .450  -.2346  3.7455  4.5485    .885  -.053   .828
  15.236   .449  -.2318  3.7459  4.5477    .886  -.053   .829
  15.228   .449  -.2290  3.7463  4.5469    .887  -.052   .831
  15.221   .448  -.2262  3.7467  4.5462    .888  -.052   .832
  15.213   .447  -.2234  3.7471  4.5454    .889  -.051   .833
  15.205   .446  -.2206  3.7475  4.5446    .890  -.051   .834
  15.197   .446  -.2178  3.7478  4.5439    .891  -.050   .835
  15.189   .445  -.2150  3.7482  4.5431    .892  -.050   .837
  15.181   .444  -.2122  3.7486  4.5423    .893  -.049   .838
  15.174   .444  -.2094  3.7490  4.5416    .894  -.049   .839
  15.166   .443  -.2066  3.7494  4.5408    .895  -.048   .840
  15.158   .442  -.2038  3.7498  4.5400    .896  -.048   .841
  15.150   .441  -.2010  3.7501  4.5393    .897  -.047   .843
  15.143   .441  -.1982  3.7505  4.5385    .898  -.047   .844
  15.135   .440  -.1954  3.7509  4.5377    .899  -.046   .845
  15.127   .439  -.1927  3.7513  4.5370    .900  -.046   .846
  15.119   .439  -.1899  3.7516  4.5360    .901  -.045   .848
  15.112   .438  -.1871  3.7520  4.5350    .902  -.045   .849
  15.104   .437  -.1843  3.7523  4.5340    .903  -.044   .851
  15.097   .437  -.1816  3.7526  4.5331    .904  -.044   .852
  15.089   .436  -.1788  3.7530  4.5321    .905  -.043   .853
  15.082   .436  -.1760  3.7533  4.5311    .906  -.043   .855
  15.074   .435  -.1732  3.7536  4.5301    .907  -.042   .856
  15.066   .434  -.1705  3.7539  4.5292    .908  -.042   .858
  15.059   .434  -.1677  3.7543  4.5282    .909  -.041   .859
  15.051   .433  -.1650  3.7546  4.5272    .910  -.041   .861
  15.044   .432  -.1622  3.7549  4.5262    .911  -.040   .862
  15.036   .432  -.1594  3.7552  4.5253    .912  -.040   .863
  15.029   .431  -.1567  3.7556  4.5243    .913  -.040   .865
  15.021   .431  -.1539  3.7559  4.5233    .914  -.039   .866
  15.014   .430  -.1512  3.7562  4.5223    .915  -.039   .868
  15.006   .429  -.1484  3.7565  4.5213    .916  -.038   .869
  14.999   .429  -.1457  3.7569  4.5203    .917  -.038   .871
  14.991   .428  -.1429  3.7572  4.5194    .918  -.037   .872
  14.984   .428  -.1402  3.7575  4.5184    .919  -.037   .874
  14.976   .427  -.1374  3.7578  4.5174    .920  -.036   .875
  14.969   .426  -.1347  3.7582  4.5164    .921  -.036   .877
  14.961   .426  -.1319  3.7585  4.5154    .922  -.035   .878
  14.954   .425  -.1292  3.7588  4.5144    .923  -.035   .880
  14.947   .424  -.1264  3.7591  4.5134    .924  -.034   .881
  14.939   .424  -.1237  3.7594  4.5124    .925  -.034   .882
  14.932   .423  -.1210  3.7598  4.5114    .926  -.033   .884
  14.924   .423  -.1182  3.7601  4.5104    .927  -.033   .885
  14.917   .422  -.1155  3.7604  4.5094    .928  -.032   .887
  14.910   .421  -.1128  3.7607  4.5085    .929  -.032   .888
  14.902   .421  -.1100  3.7610  4.5075    .930  -.032   .890
  14.895   .420  -.1073  3.7613  4.5065    .931  -.031   .891
  14.887   .420  -.1046  3.7616  4.5055    .932  -.031   .893
  14.880   .419  -.1018  3.7620  4.5045    .933  -.030   .894
  14.873   .418  -.0991  3.7623  4.5035    .934  -.030   .896
  14.865   .418  -.0964  3.7626  4.5024    .935  -.029   .898
  14.858   .417  -.0936  3.7629  4.5014    .936  -.029   .899
  14.851   .416  -.0909  3.7632  4.5004    .937  -.028   .901
  14.843   .416  -.0882  3.7635  4.4994    .938  -.028   .902
  14.836   .415  -.0855  3.7638  4.4984    .939  -.027   .904
  14.829   .415  -.0828  3.7641  4.4974    .940  -.027   .905
  14.821   .414  -.0800  3.7644  4.4964    .941  -.026   .907
  14.814   .413  -.0773  3.7648  4.4954    .942  -.026   .908
  14.807   .413  -.0746  3.7651  4.4944    .943  -.025   .910
  14.800   .412  -.0719  3.7654  4.4934    .944  -.025   .911
  14.792   .412  -.0692  3.7657  4.4923    .945  -.025   .913
  14.785   .411  -.0665  3.7660  4.4913    .946  -.024   .914
  14.778   .410  -.0637  3.7663  4.4903    .947  -.024   .916
  14.770   .410  -.0610  3.7666  4.4893    .948  -.023   .918
  14.763   .409  -.0583  3.7669  4.4883    .949  -.023   .919
  14.756   .409  -.0556  3.7672  4.4872    .950  -.022   .921
  14.749   .408  -.0529  3.7675  4.4862    .951  -.022   .922
  14.741   .407  -.0502  3.7678  4.4852    .952  -.021   .924
  14.734   .407  -.0475  3.7681  4.4842    .953  -.021   .925
  14.727   .406  -.0448  3.7684  4.4831    .954  -.020   .927
  14.720   .405  -.0421  3.7687  4.4821    .955  -.020   .929
  14.713   .405  -.0394  3.7690  4.4811    .956  -.020   .930
  14.705   .404  -.0367  3.7693  4.4800    .957  -.019   .932
  14.698   .404  -.0340  3.7696  4.4790    .958  -.019   .933
  14.691   .403  -.0313  3.7699  4.4780    .959  -.018   .935
  14.684   .402  -.0286  3.7702  4.4769    .960  -.018   .937
  14.677   .402  -.0259  3.7705  4.4759    .961  -.017   .938
  14.669   .401  -.0232  3.7708  4.4748    .962  -.017   .940
  14.662   .401  -.0205  3.7711  4.4738    .963  -.016   .941
  14.655   .400  -.0178  3.7714  4.4728    .964  -.016   .943
  14.648   .400  -.0151  3.7717  4.4717    .965  -.015   .945
  14.641   .399  -.0124  3.7720  4.4707    .966  -.015   .946
  14.634   .398  -.0097  3.7723  4.4696    .967  -.015   .948
  14.626   .398  -.0070  3.7726  4.4686    .968  -.014   .950
  14.619   .397  -.0043  3.7729  4.4675    .969  -.014   .951
  14.612   .397  -.0016  3.7732  4.4665    .970  -.013   .953
  14.605   .396   .0011  3.7735  4.4654    .971  -.013   .954
  14.598   .395   .0038  3.7737  4.4644    .972  -.012   .956
  14.591   .395   .0064  3.7740  4.4633    .973  -.012   .958
  14.584   .394   .0091  3.7743  4.4622    .974  -.011   .959
  14.576   .394   .0118  3.7746  4.4612    .975  -.011   .961
  14.569   .393   .0145  3.7749  4.4601    .976  -.011   .963
  14.562   .392   .0172  3.7752  4.4590    .977  -.010   .964
  14.555   .392   .0199  3.7755  4.4580    .978  -.010   .966
  14.548   .391   .0226  3.7758  4.4569    .979  -.009   .968
  14.541   .391   .0253  3.7761  4.4558    .980  -.009   .970
  14.534   .390   .0280  3.7763  4.4548    .981  -.008   .971
  14.527   .390   .0306  3.7766  4.4537    .982  -.008   .973
  14.520   .389   .0333  3.7769  4.4526    .983  -.007   .975
  14.513   .388   .0360  3.7772  4.4515    .984  -.007   .976
  14.505   .388   .0387  3.7775  4.4504    .985  -.007   .978
  14.498   .387   .0414  3.7778  4.4494    .986  -.006   .980
  14.491   .387   .0441  3.7780  4.4483    .987  -.006   .981
  14.484   .386   .0467  3.7783  4.4472    .988  -.005   .983
  14.477   .386   .0494  3.7786  4.4461    .989  -.005   .985
  14.470   .385   .0521  3.7789  4.4450    .990  -.004   .987
  14.463   .385   .0548  3.7792  4.4439    .991  -.004   .988
  14.456   .384   .0575  3.7795  4.4428    .992  -.003   .990
  14.449   .383   .0602  3.7797  4.4417    .993  -.003   .992
  14.442   .383   .0628  3.7800  4.4406    .994  -.003   .994
  14.435   .382   .0655  3.7803  4.4395    .995  -.002   .995
  14.428   .382   .0682  3.7806  4.4384    .996  -.002   .997
  14.421   .381   .0709  3.7808  4.4373    .997  -.001   .999
  14.414   .381   .0736  3.7811  4.4362    .998  -.001  1.001
  14.407   .380   .0763  3.7814  4.4351    .999   .000  1.003
  14.399   .380   .0791  3.7817  4.4338   1.000   .000  1.004
  14.392   .379   .0818  3.7819  4.4325   1.001   .000  1.007
  14.385   .378   .0845  3.7822  4.4312   1.002   .001  1.009
  14.378   .378   .0873  3.7824  4.4299   1.003   .001  1.011
  14.371   .377   .0900  3.7827  4.4286   1.004   .002  1.013
  14.364   .377   .0927  3.7829  4.4272   1.005   .002  1.015
  14.357   .376   .0954  3.7832  4.4259   1.006   .003  1.017
  14.350   .376   .0981  3.7834  4.4246   1.007   .003  1.019
  14.343   .375   .1009  3.7837  4.4233   1.008   .003  1.021
  14.335   .375   .1036  3.7839  4.4220   1.009   .004  1.023
  14.328   .374   .1063  3.7842  4.4207   1.010   .004  1.025
  14.321   .374   .1090  3.7844  4.4193   1.011   .005  1.027
  14.314   .373   .1117  3.7847  4.4180   1.012   .005  1.029
  14.307   .373   .1144  3.7849  4.4167   1.013   .006  1.031
  14.300   .373   .1171  3.7852  4.4154   1.014   .006  1.033
  14.293   .372   .1198  3.7854  4.4141   1.015   .006  1.035
  14.286   .372   .1225  3.7857  4.4127   1.016   .007  1.037
  14.279   .371   .1252  3.7859  4.4114   1.017   .007  1.039
  14.272   .371   .1279  3.7862  4.4101   1.018   .008  1.042
  14.265   .370   .1306  3.7864  4.4088   1.019   .008  1.044
  14.258   .370   .1333  3.7866  4.4074   1.020   .009  1.046
  14.251   .369   .1359  3.7869  4.4061   1.021   .009  1.048
  14.244   .369   .1386  3.7871  4.4048   1.022   .009  1.050
  14.237   .368   .1413  3.7874  4.4035   1.023   .010  1.052
  14.230   .368   .1440  3.7876  4.4021   1.024   .010  1.054
  14.223   .367   .1467  3.7878  4.4008   1.025   .011  1.056
  14.216   .367   .1494  3.7881  4.3995   1.026   .011  1.059
  14.209   .366   .1520  3.7883  4.3981   1.027   .012  1.061
  14.203   .366   .1547  3.7886  4.3968   1.028   .012  1.063
  14.196   .365   .1574  3.7888  4.3955   1.029   .012  1.065
  14.189   .365   .1601  3.7890  4.3941   1.030   .013  1.067
  14.182   .364   .1627  3.7893  4.3928   1.031   .013  1.069
  14.175   .364   .1654  3.7895  4.3915   1.032   .014  1.071
  14.168   .363   .1681  3.7897  4.3901   1.033   .014  1.074
  14.161   .363   .1707  3.7900  4.3888   1.034   .015  1.076
  14.154   .362   .1734  3.7902  4.3875   1.035   .015  1.078
  14.147   .362   .1760  3.7905  4.3861   1.036   .015  1.080
  14.140   .362   .1787  3.7907  4.3848   1.037   .016  1.082
  14.133   .361   .1814  3.7909  4.3834   1.038   .016  1.085
  14.127   .361   .1840  3.7911  4.3821   1.039   .017  1.087
  14.120   .360   .1867  3.7914  4.3807   1.040   .017  1.089
  14.113   .360   .1893  3.7916  4.3794   1.041   .017  1.091
  14.106   .359   .1920  3.7918  4.3780   1.042   .018  1.093
  14.099   .359   .1947  3.7921  4.3767   1.043   .018  1.096
  14.092   .358   .1973  3.7923  4.3753   1.044   .019  1.098
  14.085   .358   .2000  3.7925  4.3740   1.045   .019  1.100
  14.079   .357   .2026  3.7928  4.3726   1.046   .020  1.102
  14.072   .357   .2053  3.7930  4.3712   1.047   .020  1.105
  14.065   .357   .2079  3.7932  4.3699   1.048   .020  1.107
  14.058   .356   .2106  3.7934  4.3685   1.049   .021  1.109
  14.051   .356   .2132  3.7937  4.3671   1.050   .021  1.111
  14.044   .355   .2159  3.7939  4.3658   1.051   .022  1.114
  14.037   .355   .2185  3.7941  4.3644   1.052   .022  1.116
  14.031   .354   .2211  3.7943  4.3630   1.053   .022  1.118
  14.024   .354   .2238  3.7946  4.3617   1.054   .023  1.121
  14.017   .353   .2264  3.7948  4.3603   1.055   .023  1.123
  14.010   .353   .2291  3.7950  4.3589   1.056   .024  1.125
  14.003   .353   .2317  3.7952  4.3575   1.057   .024  1.128
  13.997   .352   .2344  3.7954  4.3561   1.058   .024  1.130
  13.990   .352   .2370  3.7957  4.3547   1.059   .025  1.132
  13.983   .351   .2396  3.7959  4.3533   1.060   .025  1.135
  13.976   .351   .2423  3.7961  4.3519   1.061   .026  1.137
  13.969   .350   .2449  3.7963  4.3506   1.062   .026  1.139
  13.962   .350   .2476  3.7965  4.3492   1.063   .027  1.142
  13.956   .350   .2502  3.7967  4.3477   1.064   .027  1.144
  13.949   .349   .2529  3.7970  4.3463   1.065   .027  1.146
  13.942   .349   .2556  3.7971  4.3447   1.066   .028  1.149
  13.934   .348   .2585  3.7973  4.3430   1.067   .028  1.152
  13.927   .348   .2614  3.7975  4.3413   1.068   .029  1.155
  13.920   .348   .2642  3.7977  4.3395   1.069   .029  1.158
  13.912   .347   .2671  3.7978  4.3378   1.070   .029  1.161
  13.905   .347   .2699  3.7980  4.3360   1.071   .030  1.163
  13.898   .347   .2728  3.7982  4.3343   1.072   .030  1.166
  13.891   .346   .2756  3.7983  4.3326   1.073   .031  1.169
  13.883   .346   .2785  3.7985  4.3308   1.074   .031  1.172
  13.876   .346   .2813  3.7987  4.3291   1.075   .031  1.175
  13.869   .346   .2841  3.7988  4.3273   1.076   .032  1.178
  13.862   .345   .2870  3.7990  4.3256   1.077   .032  1.181
  13.854   .345   .2898  3.7992  4.3239   1.078   .033  1.184
  13.847   .345   .2926  3.7993  4.3221   1.079   .033  1.187
  13.840   .344   .2955  3.7995  4.3204   1.080   .033  1.190
  13.833   .344   .2983  3.7996  4.3186   1.081   .034  1.193
  13.826   .344   .3011  3.7998  4.3169   1.082   .034  1.195
  13.818   .343   .3039  3.7999  4.3151   1.083   .035  1.198
  13.811   .343   .3067  3.8001  4.3134   1.084   .035  1.201
  13.804   .343   .3095  3.8002  4.3116   1.085   .035  1.204
  13.797   .342   .3123  3.8004  4.3099   1.086   .036  1.207
  13.790   .342   .3151  3.8005  4.3081   1.087   .036  1.210
  13.783   .342   .3179  3.8007  4.3063   1.088   .037  1.213
  13.775   .341   .3207  3.8008  4.3046   1.089   .037  1.216
  13.768   .341   .3235  3.8010  4.3028   1.090   .037  1.219
  13.761   .341   .3263  3.8011  4.3011   1.091   .038  1.222
  13.754   .341   .3291  3.8013  4.2993   1.092   .038  1.225
  13.747   .340   .3319  3.8014  4.2976   1.093   .039  1.229
  13.740   .340   .3347  3.8016  4.2958   1.094   .039  1.232
  13.733   .340   .3374  3.8017  4.2940   1.095   .039  1.235
  13.726   .339   .3402  3.8018  4.2923   1.096   .040  1.238
  13.719   .339   .3430  3.8020  4.2905   1.097   .040  1.241
  13.712   .339   .3457  3.8021  4.2888   1.098   .041  1.244
  13.705   .339   .3485  3.8023  4.2870   1.099   .041  1.247
  13.698   .338   .3513  3.8024  4.2852   1.100   .041  1.250
  13.692   .338   .3536  3.8025  4.2838   1.101   .042  1.253
  13.686   .338   .3560  3.8026  4.2823   1.102   .042  1.255
  13.680   .338   .3584  3.8028  4.2809   1.103   .043  1.258
  13.674   .337   .3607  3.8029  4.2794   1.104   .043  1.261
  13.668   .337   .3631  3.8030  4.2779   1.105   .043  1.263
  13.662   .337   .3654  3.8031  4.2765   1.106   .044  1.266
  13.656   .337   .3677  3.8032  4.2750   1.107   .044  1.269
  13.650   .336   .3701  3.8033  4.2735   1.108   .045  1.272
  13.644   .336   .3724  3.8034  4.2720   1.109   .045  1.274
  13.638   .336   .3748  3.8036  4.2706   1.110   .045  1.277
  13.632   .336   .3771  3.8037  4.2691   1.111   .046  1.280
  13.626   .336   .3794  3.8038  4.2676   1.112   .046  1.283
  13.620   .335   .3817  3.8039  4.2661   1.113   .046  1.285
  13.614   .335   .3841  3.8039  4.2643   1.114   .047  1.289
  13.608   .335   .3864  3.8040  4.2626   1.115   .047  1.292
  13.602   .335   .3887  3.8040  4.2608   1.116   .048  1.295
  13.596   .335   .3910  3.8041  4.2591   1.117   .048  1.298
  13.591   .335   .3934  3.8041  4.2573   1.118   .048  1.301
  13.585   .335   .3957  3.8041  4.2556   1.119   .049  1.305
  13.579   .335   .3980  3.8042  4.2538   1.120   .049  1.308
  13.573   .335   .4003  3.8042  4.2520   1.121   .050  1.311
  13.567   .335   .4026  3.8042  4.2503   1.122   .050  1.314
  13.562   .334   .4048  3.8043  4.2485   1.123   .050  1.318
  13.556   .334   .4071  3.8043  4.2467   1.124   .051  1.321
  13.550   .334   .4094  3.8043  4.2449   1.125   .051  1.324
  13.544   .334   .4117  3.8044  4.2431   1.126   .052  1.328
  13.539   .334   .4140  3.8044  4.2413   1.127   .052  1.331
  13.533   .334   .4162  3.8044  4.2395   1.128   .052  1.334
  13.527   .334   .4185  3.8044  4.2377   1.129   .053  1.338
  13.522   .334   .4207  3.8045  4.2359   1.130   .053  1.341
  13.516   .334   .4230  3.8045  4.2341   1.131   .053  1.344
  13.510   .334   .4252  3.8045  4.2323   1.132   .054  1.348
  13.505   .334   .4275  3.8045  4.2305   1.133   .054  1.351
  13.499   .334   .4297  3.8045  4.2286   1.134   .055  1.355
  13.493   .334   .4319  3.8045  4.2268   1.135   .055  1.358
  13.488   .334   .4342  3.8045  4.2250   1.136   .055  1.362
  13.482   .334   .4364  3.8046  4.2231   1.137   .056  1.365
  13.477   .334   .4386  3.8046  4.2213   1.138   .056  1.369
  13.471   .334   .4408  3.8046  4.2195   1.139   .057  1.372
  13.465   .334   .4430  3.8046  4.2176   1.140   .057  1.376
  13.460   .334   .4452  3.8046  4.2158   1.141   .057  1.379
  13.454   .334   .4474  3.8046  4.2139   1.142   .058  1.383
  13.449   .334   .4496  3.8046  4.2120   1.143   .058  1.386
  13.443   .334   .4518  3.8045  4.2102   1.144   .058  1.390
  13.438   .334   .4540  3.8045  4.2083   1.145   .059  1.394
  13.433   .334   .4561  3.8045  4.2064   1.146   .059  1.397
  13.427   .334   .4583  3.8045  4.2045   1.147   .060  1.401
  13.422   .334   .4605  3.8045  4.2026   1.148   .060  1.404
  13.416   .334   .4626  3.8045  4.2007   1.149   .060  1.408
  13.411   .334   .4648  3.8045  4.1988   1.150   .061  1.412
  13.405   .334   .4669  3.8044  4.1969   1.151   .061  1.416
  13.400   .334   .4691  3.8044  4.1950   1.152   .061  1.419
  13.395   .334   .4712  3.8044  4.1931   1.153   .062  1.423
  13.389   .334   .4734  3.8044  4.1912   1.154   .062  1.427
  13.384   .334   .4755  3.8043  4.1893   1.155   .063  1.431
  13.379   .334   .4776  3.8043  4.1874   1.156   .063  1.434
  13.373   .334   .4797  3.8043  4.1854   1.157   .063  1.438
  13.368   .334   .4819  3.8042  4.1835   1.158   .064  1.442
  13.363   .334   .4840  3.8042  4.1815   1.159   .064  1.446
  13.357   .334   .4861  3.8042  4.1796   1.160   .064  1.450
  13.352   .334   .4882  3.8041  4.1776   1.161   .065  1.454
  13.347   .334   .4902  3.8040  4.1754   1.162   .065  1.458
  13.342   .335   .4923  3.8038  4.1731   1.163   .066  1.463
  13.337   .335   .4943  3.8037  4.1707   1.164   .066  1.467
  13.332   .335   .4963  3.8035  4.1684   1.165   .066  1.472
  13.327   .335   .4984  3.8034  4.1661   1.166   .067  1.476
  13.322   .336   .5004  3.8032  4.1637   1.167   .067  1.481
  13.317   .336   .5024  3.8030  4.1614   1.168   .067  1.486
  13.312   .336   .5044  3.8029  4.1590   1.169   .068  1.490
  13.307   .337   .5065  3.8027  4.1566   1.170   .068  1.495
  13.302   .337   .5085  3.8025  4.1543   1.171   .069  1.500
  13.297   .337   .5105  3.8024  4.1519   1.172   .069  1.504
  13.292   .337   .5125  3.8022  4.1495   1.173   .069  1.509
  13.288   .338   .5145  3.8020  4.1471   1.174   .070  1.514
  13.283   .338   .5166  3.8018  4.1447   1.175   .070  1.519
  13.278   .338   .5186  3.8016  4.1423   1.176   .070  1.524
  13.273   .339   .5206  3.8014  4.1398   1.177   .071  1.529
  13.268   .339   .5226  3.8013  4.1374   1.178   .071  1.534
  13.263   .340   .5246  3.8011  4.1350   1.179   .072  1.539
  13.258   .340   .5266  3.8009  4.1325   1.180   .072  1.544
  13.253   .340   .5286  3.8007  4.1301   1.181   .072  1.549
  13.248   .341   .5306  3.8005  4.1276   1.182   .073  1.554
  13.243   .341   .5326  3.8003  4.1251   1.183   .073  1.559
  13.239   .341   .5346  3.8001  4.1226   1.184   .073  1.564
  13.234   .342   .5366  3.7998  4.1201   1.185   .074  1.569
  13.229   .342   .5386  3.7996  4.1176   1.186   .074  1.574
  13.224   .343   .5406  3.7994  4.1151   1.187   .074  1.580
  13.219   .343   .5426  3.7992  4.1126   1.188   .075  1.585
  13.214   .343   .5447  3.7990  4.1100   1.189   .075  1.590
  13.208   .344   .5472  3.7987  4.1071   1.190   .076  1.596
  13.202   .344   .5497  3.7984  4.1042   1.191   .076  1.602
  13.196   .345   .5522  3.7982  4.1013   1.192   .076  1.608
  13.190   .345   .5548  3.7979  4.0984   1.193   .077  1.614
  13.184   .346   .5573  3.7976  4.0955   1.194   .077  1.620
  13.178   .346   .5598  3.7974  4.0926   1.195   .077  1.627
  13.172   .347   .5623  3.7971  4.0896   1.196   .078  1.633
  13.165   .347   .5648  3.7968  4.0866   1.197   .078  1.639
  13.155   .347   .5691  3.7970  4.0836   1.198   .078  1.646
  13.141   .346   .5743  3.7975  4.0805   1.199   .079  1.652
  13.127   .345   .5796  3.7980  4.0774   1.200   .079  1.659
  13.108   .343   .5870  3.7989  4.0739   1.201   .080  1.666
  13.086   .341   .5954  3.8000  4.0701   1.202   .080  1.674
  13.064   .339   .6039  3.8011  4.0663   1.203   .080  1.682
  13.042   .337   .6122  3.8022  4.0625   1.204   .081  1.690
  13.020   .334   .6205  3.8033  4.0588   1.205   .081  1.698
  12.998   .332   .6288  3.8043  4.0551   1.206   .081  1.706
  12.923   .323   .6572  3.8088  4.0446   1.207   .082  1.728
  12.835   .313   .6909  3.8141  4.0315   1.208   .082  1.755
  12.803   .312   .7036  3.8143  4.0204   1.209   .082  1.778
  12.792   .314   .7081  3.8132  4.0130   1.210   .083  1.794
  12.786   .316   .7109  3.8125  4.0074   1.211   .083  1.806
  12.779   .317   .7137  3.8117  4.0018   1.212   .084  1.818
  12.772   .319   .7166  3.8109  3.9962   1.213   .084  1.831
  12.766   .320   .7194  3.8102  3.9907   1.214   .084  1.843
  12.759   .321   .7222  3.8094  3.9852   1.215   .085  1.856
  12.753   .323   .7250  3.8086  3.9797   1.216   .085  1.868
  12.746   .324   .7278  3.8079  3.9742   1.217   .085  1.881
  12.740   .326   .7305  3.8071  3.9688   1.218   .086  1.894
  12.734   .327   .7333  3.8064  3.9633   1.219   .086  1.906
  12.727   .329   .7361  3.8056  3.9579   1.220   .086  1.919
  12.721   .330   .7388  3.8049  3.9525   1.221   .087  1.932
  12.715   .331   .7415  3.8041  3.9472   1.222   .087  1.945
  12.708   .333   .7442  3.8034  3.9418   1.223   .087  1.957
  12.702   .334   .7470  3.8027  3.9365   1.224   .088  1.970
  12.696   .336   .7496  3.8019  3.9312   1.225   .088  1.983
  12.690   .337   .7523  3.8012  3.9259   1.226   .088  1.996
  12.684   .338   .7550  3.8005  3.9206   1.227   .089  2.009
  12.678   .340   .7577  3.7997  3.9154   1.228   .089  2.022
  12.672   .341   .7603  3.7990  3.9102   1.229   .090  2.035
  12.666   .343   .7630  3.7983  3.9050   1.230   .090  2.048
  12.660   .344   .7656  3.7976  3.8998   1.231   .090  2.061
  12.654   .345   .7682  3.7969  3.8946   1.232   .091  2.074
  12.648   .347   .7708  3.7961  3.8895   1.233   .091  2.087
  12.642   .348   .7734  3.7954  3.8844   1.234   .091  2.101
  12.636   .350   .7760  3.7947  3.8792   1.235   .092  2.114
  12.631   .351   .7784  3.7938  3.8735   1.236   .092  2.129
  12.631   .357   .7797  3.7910  3.8614   1.237   .092  2.159
  12.630   .362   .7812  3.7882  3.8493   1.238   .093  2.191
  12.629   .368   .7828  3.7855  3.8372   1.239   .093  2.222
  12.628   .373   .7846  3.7828  3.8251   1.240   .093  2.254
  12.627   .379   .7865  3.7801  3.8130   1.241   .094  2.287
  12.625   .384   .7885  3.7775  3.8009   1.242   .094  2.320
  12.624   .389   .7906  3.7749  3.7889   1.243   .094  2.353
  12.639   .397   .7865  3.7713  3.7789   1.244   .095  2.381
  12.656   .405   .7821  3.7677  3.7691   1.245   .095  2.409
  12.672   .413   .7778  3.7642  3.7593   1.246   .096  2.438
  12.689   .420   .7736  3.7607  3.7496   1.247   .096  2.466
  12.705   .427   .7696  3.7572  3.7399   1.248   .096  2.495
  12.721   .434   .7658  3.7538  3.7302   1.249   .097  2.524
  12.737   .441   .7621  3.7505  3.7206   1.250   .097  2.553
  12.760   .450   .7568  3.7461  3.7086   1.251   .097  2.589
  12.788   .461   .7505  3.7411  3.6955   1.252   .098  2.630
  12.817   .472   .7438  3.7361  3.6826   1.253   .098  2.670
  12.848   .483   .7367  3.7310  3.6699   1.254   .098  2.711
  12.881   .495   .7294  3.7260  3.6573   1.255   .099  2.751
  12.901   .504   .7269  3.7218  3.6434   1.256   .099  2.797
  12.884   .509   .7360  3.7197  3.6264   1.257   .099  2.853
  12.870   .514   .7447  3.7176  3.6098   1.258   .100  2.909
  12.855   .519   .7535  3.7155  3.5929   1.259   .100  2.968
  12.820   .524   .7707  3.7133  3.5674   1.260   .100  3.057
  12.786   .529   .7873  3.7110  3.5423   1.261   .101  3.148
  12.755   .535   .8032  3.7086  3.5176   1.262   .101  3.240
  12.725   .541   .8186  3.7063  3.4933   1.263   .101  3.333
  12.678   .545   .8406  3.7043  3.4639   1.264   .102  3.450
  12.613   .549   .8690  3.7028  3.4296   1.265   .102  3.590
  12.549   .553   .8969  3.7013  3.3959   1.266   .102  3.734
  12.487   .557   .9242  3.6998  3.3628   1.267   .103  3.880
  12.426   .562   .9509  3.6984  3.3302   1.268   .103  4.030
  12.366   .566   .9772  3.6969  3.2982   1.269   .103  4.183
  12.284   .571  1.0132  3.6951  3.2554   1.270   .104  4.396
  12.194   .576  1.0524  3.6932  3.2090   1.271   .104  4.639
  12.105   .582  1.0912  3.6914  3.1631   1.272   .104  4.893
  12.018   .587  1.1294  3.6895  3.1179   1.273   .105  5.156
  11.932   .593  1.1671  3.6877  3.0732   1.274   .105  5.431
  11.803   .600  1.2230  3.6854  3.0084   1.275   .106  5.853
  11.666   .608  1.2822  3.6830  2.9400   1.276   .106  6.335
  11.539   .616  1.3371  3.6807  2.8765   1.277   .106  6.819
  11.441   .621  1.3799  3.6790  2.8271   1.278   .107  7.221
  11.342   .627  1.4230  3.6773  2.7773   1.279   .107  7.649
  11.267   .631  1.4553  3.6762  2.7407   1.280   .107  7.982
  11.176   .637  1.4950  3.6747  2.6951   1.281   .108  8.416
  10.993   .650  1.5770  3.6706  2.5975   1.282   .108  9.420
  10.764   .668  1.6811  3.6652  2.4725   1.283   .108 10.883
  10.488   .692  1.8078  3.6585  2.3191   1.284   .109 12.990
  10.114   .730  1.9849  3.6483  2.1016   1.285   .109 16.692
   9.629   .793  2.2275  3.6325  1.7968   1.286   .109 23.718
   8.904   .957  2.6643  3.5960  1.2144   1.287   .110 46.391
   8.728  1.176  3.0461  3.5589   .6834   1.288   .110 85.533
