  18.785   .970 -1.1864  3.5838  4.6834    .600  -.222   .584
  18.770   .968 -1.1832  3.5843  4.6829    .601  -.221   .585
  18.755   .966 -1.1800  3.5848  4.6824    .602  -.220   .585
  18.740   .964 -1.1767  3.5853  4.6818    .603  -.220   .586
  18.725   .961 -1.1735  3.5858  4.6813    .604  -.219   .587
  18.710   .959 -1.1703  3.5863  4.6808    .605  -.218   .588
  18.695   .957 -1.1671  3.5868  4.6802    .606  -.218   .589
  18.681   .955 -1.1639  3.5873  4.6797    .607  -.217   .590
  18.666   .953 -1.1607  3.5877  4.6792    .608  -.216   .591
  18.652   .951 -1.1575  3.5882  4.6786    .609  -.215   .591
  18.637   .948 -1.1543  3.5887  4.6781    .610  -.215   .592
  18.623   .946 -1.1511  3.5892  4.6776    .611  -.214   .593
  18.609   .944 -1.1479  3.5897  4.6770    .612  -.213   .594
  18.594   .942 -1.1447  3.5902  4.6765    .613  -.213   .595
  18.580   .940 -1.1415  3.5906  4.6760    .614  -.212   .596
  18.566   .938 -1.1384  3.5911  4.6755    .615  -.211   .596
  18.552   .936 -1.1352  3.5916  4.6749    .616  -.210   .597
  18.538   .934 -1.1320  3.5921  4.6744    .617  -.210   .598
  18.524   .931 -1.1289  3.5926  4.6739    .618  -.209   .599
  18.510   .929 -1.1257  3.5930  4.6734    .619  -.208   .600
  18.496   .927 -1.1226  3.5935  4.6728    .620  -.208   .601
  18.482   .925 -1.1195  3.5940  4.6723    .621  -.207   .602
  18.469   .923 -1.1163  3.5945  4.6718    .622  -.206   .602
  18.455   .921 -1.1132  3.5950  4.6713    .623  -.206   .603
  18.441   .919 -1.1101  3.5954  4.6708    .624  -.205   .604
  18.428   .917 -1.1069  3.5959  4.6702    .625  -.204   .605
  18.414   .915 -1.1038  3.5964  4.6697    .626  -.203   .606
  18.400   .913 -1.1007  3.5968  4.6692    .627  -.203   .607
  18.387   .911 -1.0976  3.5973  4.6687    .628  -.202   .607
  18.374   .909 -1.0945  3.5978  4.6682    .629  -.201   .608
  18.360   .907 -1.0914  3.5983  4.6677    .630  -.201   .609
  18.347   .905 -1.0883  3.5987  4.6671    .631  -.200   .610
  18.334   .903 -1.0852  3.5992  4.6666    .632  -.199   .611
  18.320   .901 -1.0822  3.5997  4.6661    .633  -.199   .612
  18.307   .898 -1.0791  3.6001  4.6656    .634  -.198   .612
  18.294   .896 -1.0760  3.6006  4.6651    .635  -.197   .613
  18.281   .894 -1.0730  3.6011  4.6646    .636  -.197   .614
  18.268   .893 -1.0699  3.6015  4.6641    .637  -.196   .615
  18.255   .891 -1.0668  3.6020  4.6636    .638  -.195   .616
  18.242   .889 -1.0638  3.6025  4.6631    .639  -.194   .617
  18.229   .887 -1.0607  3.6029  4.6626    .640  -.194   .618
  18.216   .885 -1.0577  3.6034  4.6621    .641  -.193   .618
  18.203   .883 -1.0547  3.6038  4.6615    .642  -.192   .619
  18.190   .881 -1.0516  3.6043  4.6610    .643  -.192   .620
  18.178   .879 -1.0486  3.6048  4.6605    .644  -.191   .621
  18.165   .877 -1.0456  3.6052  4.6600    .645  -.190   .622
  18.152   .876 -1.0426  3.6057  4.6595    .646  -.190   .623
  18.140   .874 -1.0395  3.6061  4.6590    .647  -.189   .623
  18.128   .872 -1.0365  3.6066  4.6585    .648  -.188   .624
  18.115   .870 -1.0335  3.6071  4.6580    .649  -.188   .625
  18.103   .868 -1.0305  3.6075  4.6575    .650  -.187   .626
  18.091   .867 -1.0275  3.6080  4.6570    .651  -.186   .627
  18.079   .865 -1.0245  3.6084  4.6565    .652  -.186   .628
  18.067   .863 -1.0216  3.6089  4.6560    .653  -.185   .628
  18.055   .861 -1.0186  3.6093  4.6555    .654  -.184   .629
  18.043   .859 -1.0156  3.6098  4.6550    .655  -.184   .630
  18.031   .858 -1.0126  3.6102  4.6546    .656  -.183   .631
  18.019   .856 -1.0096  3.6107  4.6541    .657  -.182   .632
  18.007   .854 -1.0067  3.6111  4.6536    .658  -.182   .633
  17.995   .852 -1.0037  3.6116  4.6531    .659  -.181   .634
  17.983   .851 -1.0008  3.6120  4.6526    .660  -.180   .634
  17.972   .849  -.9978  3.6125  4.6521    .661  -.180   .635
  17.960   .847  -.9949  3.6129  4.6516    .662  -.179   .636
  17.948   .845  -.9919  3.6134  4.6511    .663  -.178   .637
  17.937   .844  -.9890  3.6138  4.6506    .664  -.178   .638
  17.925   .842  -.9861  3.6143  4.6501    .665  -.177   .639
  17.914   .840  -.9831  3.6147  4.6496    .666  -.177   .639
  17.902   .839  -.9802  3.6152  4.6492    .667  -.176   .640
  17.891   .837  -.9773  3.6156  4.6487    .668  -.175   .641
  17.879   .835  -.9744  3.6161  4.6482    .669  -.175   .642
  17.868   .834  -.9714  3.6165  4.6477    .670  -.174   .643
  17.857   .832  -.9685  3.6169  4.6472    .671  -.173   .644
  17.845   .830  -.9656  3.6174  4.6467    .672  -.173   .644
  17.834   .829  -.9627  3.6178  4.6462    .673  -.172   .645
  17.823   .827  -.9598  3.6183  4.6458    .674  -.171   .646
  17.812   .825  -.9569  3.6187  4.6453    .675  -.171   .647
  17.800   .824  -.9541  3.6191  4.6448    .676  -.170   .648
  17.789   .822  -.9512  3.6196  4.6443    .677  -.169   .649
  17.778   .821  -.9483  3.6200  4.6438    .678  -.169   .649
  17.767   .819  -.9454  3.6204  4.6434    .679  -.168   .650
  17.756   .817  -.9426  3.6209  4.6429    .680  -.167   .651
  17.745   .816  -.9397  3.6213  4.6424    .681  -.167   .652
  17.734   .814  -.9368  3.6218  4.6419    .682  -.166   .653
  17.723   .813  -.9340  3.6222  4.6415    .683  -.166   .654
  17.712   .811  -.9311  3.6226  4.6410    .684  -.165   .654
  17.701   .809  -.9283  3.6231  4.6405    .685  -.164   .655
  17.690   .808  -.9254  3.6235  4.6400    .686  -.164   .656
  17.679   .806  -.9226  3.6239  4.6396    .687  -.163   .657
  17.668   .805  -.9197  3.6244  4.6391    .688  -.162   .658
  17.657   .803  -.9169  3.6248  4.6386    .689  -.162   .659
  17.646   .802  -.9141  3.6252  4.6381    .690  -.161   .660
  17.635   .800  -.9112  3.6256  4.6377    .691  -.161   .660
  17.624   .799  -.9084  3.6261  4.6372    .692  -.160   .661
  17.613   .797  -.9056  3.6265  4.6367    .693  -.159   .662
  17.602   .796  -.9028  3.6269  4.6363    .694  -.159   .663
  17.591   .794  -.9000  3.6274  4.6358    .695  -.158   .664
  17.580   .792  -.8972  3.6278  4.6353    .696  -.157   .665
  17.569   .791  -.8944  3.6282  4.6349    .697  -.157   .665
  17.559   .789  -.8916  3.6286  4.6344    .698  -.156   .666
  17.548   .788  -.8888  3.6291  4.6339    .699  -.156   .667
  17.537   .787  -.8860  3.6295  4.6335    .700  -.155   .668
  17.525   .785  -.8830  3.6300  4.6330    .701  -.154   .669
  17.513   .783  -.8799  3.6305  4.6325    .702  -.154   .670
  17.501   .781  -.8769  3.6309  4.6320    .703  -.153   .670
  17.489   .780  -.8739  3.6314  4.6316    .704  -.152   .671
  17.477   .778  -.8709  3.6319  4.6311    .705  -.152   .672
  17.465   .776  -.8679  3.6324  4.6306    .706  -.151   .673
  17.453   .775  -.8649  3.6329  4.6302    .707  -.151   .674
  17.442   .773  -.8619  3.6334  4.6297    .708  -.150   .675
  17.430   .771  -.8589  3.6338  4.6292    .709  -.149   .675
  17.418   .770  -.8559  3.6343  4.6287    .710  -.149   .676
  17.406   .768  -.8529  3.6348  4.6283    .711  -.148   .677
  17.395   .767  -.8499  3.6353  4.6278    .712  -.148   .678
  17.383   .765  -.8469  3.6358  4.6273    .713  -.147   .679
  17.371   .763  -.8439  3.6362  4.6269    .714  -.146   .680
  17.360   .762  -.8410  3.6367  4.6264    .715  -.146   .680
  17.348   .760  -.8380  3.6372  4.6260    .716  -.145   .681
  17.337   .758  -.8350  3.6377  4.6255    .717  -.144   .682
  17.325   .757  -.8321  3.6381  4.6250    .718  -.144   .683
  17.314   .755  -.8291  3.6386  4.6246    .719  -.143   .684
  17.302   .754  -.8262  3.6391  4.6241    .720  -.143   .685
  17.291   .752  -.8232  3.6396  4.6236    .721  -.142   .685
  17.279   .751  -.8203  3.6400  4.6232    .722  -.141   .686
  17.268   .749  -.8173  3.6405  4.6227    .723  -.141   .687
  17.257   .747  -.8144  3.6410  4.6223    .724  -.140   .688
  17.245   .746  -.8115  3.6415  4.6218    .725  -.140   .689
  17.234   .744  -.8086  3.6419  4.6213    .726  -.139   .690
  17.223   .743  -.8056  3.6424  4.6209    .727  -.138   .691
  17.211   .741  -.8027  3.6429  4.6204    .728  -.138   .691
  17.200   .740  -.7998  3.6433  4.6200    .729  -.137   .692
  17.189   .738  -.7969  3.6438  4.6195    .730  -.137   .693
  17.178   .737  -.7940  3.6443  4.6191    .731  -.136   .694
  17.167   .735  -.7911  3.6447  4.6186    .732  -.135   .695
  17.156   .734  -.7882  3.6452  4.6182    .733  -.135   .696
  17.144   .732  -.7853  3.6457  4.6177    .734  -.134   .696
  17.133   .731  -.7824  3.6461  4.6173    .735  -.134   .697
  17.122   .729  -.7795  3.6466  4.6168    .736  -.133   .698
  17.111   .728  -.7766  3.6471  4.6164    .737  -.133   .699
  17.100   .726  -.7737  3.6475  4.6159    .738  -.132   .700
  17.089   .725  -.7709  3.6480  4.6155    .739  -.131   .701
  17.078   .723  -.7680  3.6484  4.6150    .740  -.131   .701
  17.067   .722  -.7651  3.6489  4.6146    .741  -.130   .702
  17.056   .720  -.7622  3.6494  4.6141    .742  -.130   .703
  17.046   .719  -.7594  3.6498  4.6137    .743  -.129   .704
  17.035   .717  -.7565  3.6503  4.6132    .744  -.128   .705
  17.024   .716  -.7537  3.6507  4.6128    .745  -.128   .706
  17.013   .715  -.7508  3.6512  4.6123    .746  -.127   .706
  17.002   .713  -.7480  3.6517  4.6119    .747  -.127   .707
  16.992   .712  -.7451  3.6521  4.6114    .748  -.126   .708
  16.981   .710  -.7423  3.6526  4.6110    .749  -.126   .709
  16.970   .709  -.7395  3.6530  4.6105    .750  -.125   .710
  16.959   .707  -.7366  3.6535  4.6101    .751  -.124   .711
  16.949   .706  -.7338  3.6539  4.6097    .752  -.124   .711
  16.938   .705  -.7310  3.6544  4.6092    .753  -.123   .712
  16.928   .703  -.7282  3.6548  4.6088    .754  -.123   .713
  16.917   .702  -.7253  3.6553  4.6083    .755  -.122   .714
  16.906   .700  -.7225  3.6558  4.6079    .756  -.121   .715
  16.896   .699  -.7197  3.6562  4.6075    .757  -.121   .716
  16.885   .698  -.7169  3.6567  4.6070    .758  -.120   .716
  16.875   .696  -.7141  3.6571  4.6066    .759  -.120   .717
  16.864   .695  -.7113  3.6576  4.6061    .760  -.119   .718
  16.854   .694  -.7085  3.6580  4.6057    .761  -.119   .719
  16.844   .692  -.7057  3.6585  4.6053    .762  -.118   .720
  16.833   .691  -.7029  3.6589  4.6048    .763  -.117   .721
  16.823   .690  -.7001  3.6593  4.6044    .764  -.117   .721
  16.812   .688  -.6974  3.6598  4.6040    .765  -.116   .722
  16.802   .687  -.6946  3.6602  4.6035    .766  -.116   .723
  16.792   .685  -.6918  3.6607  4.6031    .767  -.115   .724
  16.782   .684  -.6890  3.6611  4.6027    .768  -.115   .725
  16.771   .683  -.6863  3.6616  4.6022    .769  -.114   .726
  16.761   .682  -.6835  3.6620  4.6018    .770  -.114   .726
  16.751   .680  -.6807  3.6625  4.6014    .771  -.113   .727
  16.741   .679  -.6780  3.6629  4.6009    .772  -.112   .728
  16.731   .678  -.6752  3.6634  4.6005    .773  -.112   .729
  16.720   .676  -.6725  3.6638  4.6001    .774  -.111   .730
  16.710   .675  -.6697  3.6642  4.5996    .775  -.111   .731
  16.700   .674  -.6670  3.6647  4.5992    .776  -.110   .731
  16.690   .672  -.6643  3.6651  4.5988    .777  -.110   .732
  16.680   .671  -.6615  3.6656  4.5984    .778  -.109   .733
  16.670   .670  -.6588  3.6660  4.5979    .779  -.108   .734
  16.659   .669  -.6558  3.6665  4.5974    .780  -.108   .735
  16.649   .667  -.6528  3.6669  4.5969    .781  -.107   .736
  16.638   .666  -.6499  3.6674  4.5963    .782  -.107   .737
  16.627   .665  -.6469  3.6679  4.5958    .783  -.106   .738
  16.616   .663  -.6440  3.6684  4.5953    .784  -.106   .739
  16.606   .662  -.6411  3.6688  4.5948    .785  -.105   .739
  16.595   .661  -.6381  3.6693  4.5943    .786  -.105   .740
  16.584   .659  -.6352  3.6698  4.5937    .787  -.104   .741
  16.574   .658  -.6322  3.6702  4.5932    .788  -.103   .742
  16.563   .657  -.6293  3.6707  4.5927    .789  -.103   .743
  16.553   .655  -.6264  3.6712  4.5922    .790  -.102   .744
  16.542   .654  -.6234  3.6716  4.5916    .791  -.102   .745
  16.531   .653  -.6205  3.6721  4.5911    .792  -.101   .746
  16.521   .651  -.6176  3.6726  4.5906    .793  -.101   .747
  16.510   .650  -.6146  3.6730  4.5901    .794  -.100   .748
  16.500   .649  -.6117  3.6735  4.5895    .795  -.100   .749
  16.489   .648  -.6088  3.6740  4.5890    .796  -.099   .750
  16.479   .646  -.6059  3.6744  4.5885    .797  -.099   .750
  16.469   .645  -.6030  3.6749  4.5880    .798  -.098   .751
  16.458   .644  -.6000  3.6754  4.5874    .799  -.097   .752
  16.448   .643  -.5971  3.6758  4.5869    .800  -.097   .753
  16.437   .641  -.5942  3.6763  4.5863    .801  -.096   .754
  16.427   .640  -.5912  3.6767  4.5857    .802  -.096   .755
  16.417   .639  -.5883  3.6772  4.5851    .803  -.095   .756
  16.407   .638  -.5854  3.6776  4.5845    .804  -.095   .757
  16.396   .637  -.5825  3.6781  4.5840    .805  -.094   .758
  16.386   .636  -.5796  3.6785  4.5834    .806  -.094   .759
  16.376   .635  -.5766  3.6789  4.5828    .807  -.093   .760
  16.366   .634  -.5737  3.6794  4.5822    .808  -.093   .761
  16.356   .632  -.5708  3.6798  4.5816    .809  -.092   .762
  16.346   .631  -.5679  3.6803  4.5810    .810  -.092   .763
  16.336   .630  -.5650  3.6807  4.5804    .811  -.091   .764
  16.326   .629  -.5621  3.6811  4.5798    .812  -.090   .765
  16.316   .628  -.5592  3.6816  4.5792    .813  -.090   .766
  16.306   .627  -.5563  3.6820  4.5786    .814  -.089   .767
  16.296   .626  -.5534  3.6825  4.5780    .815  -.089   .768
  16.286   .625  -.5505  3.6829  4.5774    .816  -.088   .769
  16.276   .624  -.5476  3.6833  4.5768    .817  -.088   .770
  16.266   .623  -.5447  3.6838  4.5762    .818  -.087   .771
  16.256   .622  -.5418  3.6842  4.5756    .819  -.087   .772
  16.246   .621  -.5390  3.6846  4.5750    .820  -.086   .773
  16.236   .620  -.5361  3.6851  4.5744    .821  -.086   .774
  16.226   .619  -.5332  3.6855  4.5738    .822  -.085   .775
  16.217   .618  -.5303  3.6859  4.5732    .823  -.085   .776
  16.207   .617  -.5275  3.6864  4.5726    .824  -.084   .777
  16.197   .616  -.5246  3.6868  4.5720    .825  -.084   .778
  16.187   .614  -.5217  3.6872  4.5714    .826  -.083   .779
  16.178   .613  -.5189  3.6877  4.5708    .827  -.082   .780
  16.168   .612  -.5160  3.6881  4.5702    .828  -.082   .781
  16.158   .611  -.5131  3.6885  4.5696    .829  -.081   .782
  16.149   .610  -.5103  3.6889  4.5690    .830  -.081   .783
  16.139   .609  -.5074  3.6894  4.5684    .831  -.080   .784
  16.129   .608  -.5046  3.6898  4.5678    .832  -.080   .785
  16.120   .608  -.5017  3.6902  4.5672    .833  -.079   .786
  16.110   .607  -.4989  3.6906  4.5666    .834  -.079   .787
  16.101   .606  -.4960  3.6911  4.5660    .835  -.078   .788
  16.091   .605  -.4932  3.6915  4.5654    .836  -.078   .789
  16.082   .604  -.4904  3.6919  4.5648    .837  -.077   .790
  16.072   .603  -.4875  3.6923  4.5642    .838  -.077   .791
  16.063   .602  -.4847  3.6928  4.5636    .839  -.076   .792
  16.053   .601  -.4819  3.6932  4.5630    .840  -.076   .793
  16.044   .600  -.4790  3.6936  4.5624    .841  -.075   .794
  16.035   .599  -.4762  3.6940  4.5618    .842  -.075   .795
  16.025   .598  -.4734  3.6945  4.5612    .843  -.074   .797
  16.016   .597  -.4706  3.6949  4.5606    .844  -.074   .798
  16.006   .596  -.4677  3.6953  4.5599    .845  -.073   .799
  15.997   .595  -.4649  3.6957  4.5593    .846  -.073   .800
  15.988   .594  -.4621  3.6961  4.5587    .847  -.072   .801
  15.978   .593  -.4593  3.6966  4.5581    .848  -.072   .802
  15.969   .592  -.4565  3.6970  4.5575    .849  -.071   .803
  15.960   .591  -.4537  3.6974  4.5569    .850  -.071   .804
  15.951   .590  -.4509  3.6978  4.5563    .851  -.070   .805
  15.941   .590  -.4480  3.6982  4.5557    .852  -.070   .806
  15.932   .589  -.4452  3.6986  4.5551    .853  -.069   .807
  15.923   .588  -.4424  3.6991  4.5544    .854  -.069   .808
  15.914   .587  -.4396  3.6995  4.5538    .855  -.068   .809
  15.905   .586  -.4368  3.6999  4.5532    .856  -.068   .810
  15.896   .585  -.4340  3.7003  4.5526    .857  -.067   .811
  15.887   .584  -.4312  3.7007  4.5520    .858  -.067   .812
  15.877   .583  -.4285  3.7011  4.5514    .859  -.066   .813
  15.868   .582  -.4257  3.7015  4.5507    .860  -.066   .814
  15.859   .581  -.4229  3.7019  4.5501    .861  -.065   .815
  15.850   .581  -.4201  3.7024  4.5495    .862  -.064   .816
  15.841   .580  -.4173  3.7028  4.5489    .863  -.064   .817
  15.832   .579  -.4145  3.7032  4.5483    .864  -.063   .818
  15.823   .578  -.4117  3.7036  4.5476    .865  -.063   .819
  15.814   .577  -.4090  3.7040  4.5470    .866  -.062   .821
  15.805   .576  -.4062  3.7044  4.5464    .867  -.062   .822
  15.796   .575  -.4034  3.7048  4.5458    .868  -.061   .823
  15.788   .575  -.4006  3.7052  4.5451    .869  -.061   .824
  15.779   .574  -.3979  3.7056  4.5445    .870  -.060   .825
  15.770   .573  -.3951  3.7060  4.5439    .871  -.060   .826
  15.761   .572  -.3923  3.7064  4.5433    .872  -.059   .827
  15.752   .571  -.3896  3.7068  4.5426    .873  -.059   .828
  15.743   .570  -.3868  3.7072  4.5420    .874  -.058   .829
  15.734   .569  -.3840  3.7077  4.5414    .875  -.058   .830
  15.726   .569  -.3813  3.7081  4.5407    .876  -.057   .831
  15.717   .568  -.3785  3.7085  4.5401    .877  -.057   .832
  15.708   .567  -.3757  3.7089  4.5395    .878  -.057   .833
  15.699   .566  -.3730  3.7093  4.5389    .879  -.056   .835
  15.691   .565  -.3702  3.7097  4.5382    .880  -.056   .836
  15.682   .564  -.3675  3.7101  4.5376    .881  -.055   .837
  15.673   .563  -.3647  3.7105  4.5369    .882  -.055   .838
  15.665   .563  -.3620  3.7109  4.5363    .883  -.054   .839
  15.656   .562  -.3592  3.7113  4.5357    .884  -.054   .840
  15.647   .561  -.3565  3.7117  4.5350    .885  -.053   .841
  15.639   .560  -.3537  3.7121  4.5344    .886  -.053   .842
  15.630   .559  -.3510  3.7125  4.5337    .887  -.052   .843
  15.621   .558  -.3482  3.7129  4.5331    .888  -.052   .844
  15.613   .558  -.3455  3.7133  4.5325    .889  -.051   .845
  15.604   .557  -.3427  3.7137  4.5318    .890  -.051   .847
  15.596   .556  -.3400  3.7141  4.5312    .891  -.050   .848
  15.587   .555  -.3372  3.7145  4.5305    .892  -.050   .849
  15.579   .554  -.3345  3.7149  4.5299    .893  -.049   .850
  15.570   .553  -.3318  3.7152  4.5292    .894  -.049   .851
  15.562   .553  -.3290  3.7156  4.5286    .895  -.048   .852
  15.553   .552  -.3263  3.7160  4.5279    .896  -.048   .853
  15.545   .551  -.3236  3.7164  4.5272    .897  -.047   .854
  15.536   .550  -.3208  3.7168  4.5266    .898  -.047   .855
  15.528   .549  -.3181  3.7172  4.5259    .899  -.046   .857
  15.519   .548  -.3153  3.7176  4.5253    .900  -.046   .858
  15.511   .548  -.3126  3.7180  4.5244    .901  -.045   .859
  15.503   .547  -.3099  3.7183  4.5235    .902  -.045   .860
  15.495   .546  -.3071  3.7186  4.5225    .903  -.044   .862
  15.486   .546  -.3044  3.7190  4.5216    .904  -.044   .863
  15.478   .545  -.3016  3.7193  4.5207    .905  -.043   .865
  15.470   .544  -.2989  3.7196  4.5198    .906  -.043   .866
  15.462   .544  -.2961  3.7200  4.5189    .907  -.042   .867
  15.454   .543  -.2934  3.7203  4.5180    .908  -.042   .869
  15.445   .542  -.2907  3.7207  4.5171    .909  -.041   .870
  15.437   .541  -.2880  3.7210  4.5161    .910  -.041   .872
  15.429   .541  -.2852  3.7213  4.5152    .911  -.040   .873
  15.421   .540  -.2825  3.7217  4.5143    .912  -.040   .874
  15.413   .539  -.2798  3.7220  4.5134    .913  -.040   .876
  15.405   .539  -.2771  3.7223  4.5125    .914  -.039   .877
  15.397   .538  -.2743  3.7227  4.5116    .915  -.039   .879
  15.389   .537  -.2716  3.7230  4.5107    .916  -.038   .880
  15.381   .536  -.2689  3.7233  4.5097    .917  -.038   .881
  15.373   .536  -.2662  3.7237  4.5088    .918  -.037   .883
  15.365   .535  -.2635  3.7240  4.5079    .919  -.037   .884
  15.357   .534  -.2608  3.7243  4.5070    .920  -.036   .886
  15.349   .533  -.2581  3.7246  4.5061    .921  -.036   .887
  15.341   .533  -.2554  3.7250  4.5052    .922  -.035   .888
  15.333   .532  -.2527  3.7253  4.5042    .923  -.035   .890
  15.325   .531  -.2500  3.7256  4.5033    .924  -.034   .891
  15.317   .531  -.2473  3.7260  4.5024    .925  -.034   .893
  15.309   .530  -.2446  3.7263  4.5015    .926  -.033   .894
  15.301   .529  -.2419  3.7266  4.5006    .927  -.033   .896
  15.294   .529  -.2392  3.7269  4.4996    .928  -.032   .897
  15.286   .528  -.2365  3.7273  4.4987    .929  -.032   .898
  15.278   .527  -.2338  3.7276  4.4978    .930  -.032   .900
  15.270   .526  -.2311  3.7279  4.4969    .931  -.031   .901
  15.262   .526  -.2284  3.7282  4.4960    .932  -.031   .903
  15.254   .525  -.2257  3.7286  4.4950    .933  -.030   .904
  15.247   .524  -.2231  3.7289  4.4941    .934  -.030   .906
  15.239   .524  -.2204  3.7292  4.4932    .935  -.029   .907
  15.231   .523  -.2177  3.7295  4.4923    .936  -.029   .909
  15.223   .522  -.2150  3.7299  4.4913    .937  -.028   .910
  15.216   .521  -.2124  3.7302  4.4904    .938  -.028   .911
  15.208   .521  -.2097  3.7305  4.4895    .939  -.027   .913
  15.200   .520  -.2070  3.7308  4.4886    .940  -.027   .914
  15.192   .519  -.2044  3.7311  4.4877    .941  -.026   .916
  15.185   .519  -.2017  3.7315  4.4867    .942  -.026   .917
  15.177   .518  -.1989  3.7318  4.4857    .943  -.025   .919
  15.169   .517  -.1961  3.7321  4.4847    .944  -.025   .920
  15.161   .517  -.1933  3.7324  4.4836    .945  -.025   .922
  15.153   .516  -.1905  3.7328  4.4826    .946  -.024   .924
  15.145   .515  -.1877  3.7331  4.4816    .947  -.024   .925
  15.137   .514  -.1849  3.7334  4.4805    .948  -.023   .927
  15.129   .514  -.1822  3.7337  4.4795    .949  -.023   .928
  15.121   .513  -.1794  3.7341  4.4784    .950  -.022   .930
  15.113   .512  -.1766  3.7344  4.4774    .951  -.022   .932
  15.105   .512  -.1738  3.7347  4.4763    .952  -.021   .933
  15.097   .511  -.1710  3.7350  4.4753    .953  -.021   .935
  15.089   .510  -.1682  3.7353  4.4743    .954  -.020   .936
  15.081   .509  -.1655  3.7357  4.4732    .955  -.020   .938
  15.073   .509  -.1627  3.7360  4.4722    .956  -.020   .940
  15.065   .508  -.1599  3.7363  4.4711    .957  -.019   .941
  15.057   .507  -.1571  3.7366  4.4701    .958  -.019   .943
  15.049   .507  -.1544  3.7369  4.4690    .959  -.018   .945
  15.041   .506  -.1516  3.7373  4.4679    .960  -.018   .946
  15.033   .505  -.1488  3.7376  4.4669    .961  -.017   .948
  15.026   .505  -.1461  3.7379  4.4658    .962  -.017   .950
  15.018   .504  -.1433  3.7382  4.4648    .963  -.016   .951
  15.010   .503  -.1406  3.7385  4.4637    .964  -.016   .953
  15.002   .502  -.1378  3.7388  4.4626    .965  -.015   .955
  14.994   .502  -.1350  3.7391  4.4616    .966  -.015   .956
  14.986   .501  -.1323  3.7394  4.4605    .967  -.015   .958
  14.979   .500  -.1295  3.7397  4.4595    .968  -.014   .960
  14.971   .500  -.1268  3.7401  4.4584    .969  -.014   .961
  14.963   .499  -.1240  3.7404  4.4573    .970  -.013   .963
  14.955   .498  -.1213  3.7407  4.4562    .971  -.013   .965
  14.947   .498  -.1186  3.7410  4.4552    .972  -.012   .966
  14.940   .497  -.1158  3.7413  4.4541    .973  -.012   .968
  14.932   .496  -.1131  3.7416  4.4530    .974  -.011   .970
  14.924   .496  -.1103  3.7419  4.4519    .975  -.011   .971
  14.916   .495  -.1076  3.7422  4.4509    .976  -.011   .973
  14.909   .494  -.1049  3.7425  4.4498    .977  -.010   .975
  14.901   .494  -.1021  3.7428  4.4487    .978  -.010   .977
  14.893   .493  -.0994  3.7431  4.4476    .979  -.009   .978
  14.886   .492  -.0966  3.7434  4.4465    .980  -.009   .980
  14.878   .492  -.0939  3.7437  4.4454    .981  -.008   .982
  14.870   .491  -.0912  3.7440  4.4443    .982  -.008   .983
  14.862   .490  -.0885  3.7443  4.4432    .983  -.007   .985
  14.855   .490  -.0857  3.7446  4.4421    .984  -.007   .987
  14.847   .489  -.0830  3.7449  4.4410    .985  -.007   .989
  14.839   .489  -.0803  3.7452  4.4399    .986  -.006   .990
  14.832   .488  -.0776  3.7455  4.4388    .987  -.006   .992
  14.824   .487  -.0748  3.7457  4.4377    .988  -.005   .994
  14.817   .487  -.0721  3.7460  4.4366    .989  -.005   .996
  14.809   .486  -.0694  3.7463  4.4355    .990  -.004   .998
  14.801   .485  -.0667  3.7466  4.4344    .991  -.004   .999
  14.794   .485  -.0640  3.7469  4.4333    .992  -.003  1.001
  14.786   .484  -.0613  3.7472  4.4322    .993  -.003  1.003
  14.779   .483  -.0585  3.7475  4.4311    .994  -.003  1.005
  14.771   .483  -.0558  3.7478  4.4300    .995  -.002  1.006
  14.763   .482  -.0531  3.7481  4.4288    .996  -.002  1.008
  14.756   .482  -.0504  3.7483  4.4277    .997  -.001  1.010
  14.748   .481  -.0477  3.7486  4.4266    .998  -.001  1.012
  14.741   .480  -.0450  3.7489  4.4254    .999   .000  1.014
  14.733   .480  -.0423  3.7492  4.4243   1.000   .000  1.016
  14.727   .479  -.0399  3.7494  4.4233   1.001   .000  1.017
  14.720   .479  -.0375  3.7496  4.4222   1.002   .001  1.019
  14.713   .478  -.0351  3.7499  4.4211   1.003   .001  1.021
  14.707   .478  -.0327  3.7501  4.4201   1.004   .002  1.023
  14.700   .477  -.0303  3.7503  4.4190   1.005   .002  1.024
  14.694   .477  -.0279  3.7506  4.4180   1.006   .003  1.026
  14.687   .476  -.0255  3.7508  4.4169   1.007   .003  1.028
  14.680   .476  -.0231  3.7510  4.4158   1.008   .003  1.030
  14.674   .475  -.0207  3.7512  4.4148   1.009   .004  1.031
  14.667   .474  -.0184  3.7515  4.4137   1.010   .004  1.033
  14.661   .474  -.0160  3.7517  4.4127   1.011   .005  1.035
  14.654   .473  -.0136  3.7519  4.4116   1.012   .005  1.037
  14.648   .473  -.0112  3.7522  4.4106   1.013   .006  1.038
  14.641   .472  -.0089  3.7524  4.4095   1.014   .006  1.040
  14.635   .472  -.0065  3.7526  4.4085   1.015   .006  1.042
  14.628   .471  -.0042  3.7528  4.4074   1.016   .007  1.044
  14.622   .471  -.0018  3.7531  4.4064   1.017   .007  1.046
  14.615   .470   .0006  3.7533  4.4053   1.018   .008  1.047
  14.609   .470   .0029  3.7535  4.4043   1.019   .008  1.049
  14.602   .469   .0053  3.7537  4.4032   1.020   .009  1.051
  14.596   .469   .0076  3.7539  4.4022   1.021   .009  1.053
  14.590   .468   .0099  3.7542  4.4011   1.022   .009  1.054
  14.583   .468   .0123  3.7544  4.4001   1.023   .010  1.056
  14.577   .467   .0146  3.7546  4.3990   1.024   .010  1.058
  14.570   .467   .0169  3.7548  4.3980   1.025   .011  1.060
  14.564   .466   .0193  3.7551  4.3969   1.026   .011  1.062
  14.558   .466   .0216  3.7553  4.3959   1.027   .012  1.063
  14.551   .465   .0239  3.7555  4.3948   1.028   .012  1.065
  14.545   .465   .0263  3.7557  4.3937   1.029   .012  1.067
  14.538   .464   .0287  3.7559  4.3924   1.030   .013  1.069
  14.532   .464   .0312  3.7561  4.3910   1.031   .013  1.071
  14.525   .464   .0336  3.7563  4.3897   1.032   .014  1.074
  14.518   .463   .0360  3.7564  4.3884   1.033   .014  1.076
  14.512   .463   .0385  3.7566  4.3870   1.034   .015  1.078
  14.505   .462   .0409  3.7568  4.3857   1.035   .015  1.080
  14.499   .462   .0433  3.7570  4.3844   1.036   .015  1.082
  14.492   .462   .0457  3.7572  4.3830   1.037   .016  1.085
  14.486   .461   .0481  3.7573  4.3817   1.038   .016  1.087
  14.480   .461   .0506  3.7575  4.3804   1.039   .017  1.089
  14.473   .460   .0530  3.7577  4.3790   1.040   .017  1.091
  14.467   .460   .0553  3.7578  4.3777   1.041   .017  1.093
  14.460   .460   .0577  3.7580  4.3764   1.042   .018  1.095
  14.454   .459   .0601  3.7582  4.3750   1.043   .018  1.098
  14.448   .459   .0625  3.7583  4.3737   1.044   .019  1.100
  14.441   .458   .0649  3.7585  4.3724   1.045   .019  1.102
  14.435   .458   .0672  3.7587  4.3711   1.046   .020  1.104
  14.429   .458   .0696  3.7588  4.3697   1.047   .020  1.107
  14.422   .457   .0720  3.7590  4.3684   1.048   .020  1.109
  14.416   .457   .0743  3.7591  4.3671   1.049   .021  1.111
  14.410   .457   .0766  3.7593  4.3658   1.050   .021  1.113
  14.404   .456   .0790  3.7595  4.3644   1.051   .022  1.115
  14.398   .456   .0813  3.7596  4.3631   1.052   .022  1.118
  14.391   .456   .0837  3.7598  4.3618   1.053   .022  1.120
  14.385   .455   .0860  3.7599  4.3605   1.054   .023  1.122
  14.379   .455   .0883  3.7601  4.3592   1.055   .023  1.124
  14.373   .455   .0906  3.7602  4.3579   1.056   .024  1.127
  14.367   .454   .0929  3.7604  4.3565   1.057   .024  1.129
  14.361   .454   .0952  3.7605  4.3552   1.058   .024  1.131
  14.354   .453   .0975  3.7606  4.3539   1.059   .025  1.133
  14.348   .453   .0998  3.7608  4.3526   1.060   .025  1.136
  14.342   .453   .1021  3.7609  4.3513   1.061   .026  1.138
  14.336   .452   .1044  3.7611  4.3500   1.062   .026  1.140
  14.330   .452   .1067  3.7612  4.3487   1.063   .027  1.142
  14.324   .452   .1089  3.7614  4.3474   1.064   .027  1.145
  14.318   .451   .1112  3.7615  4.3461   1.065   .027  1.147
  14.312   .451   .1135  3.7616  4.3448   1.066   .028  1.149
  14.306   .451   .1158  3.7617  4.3434   1.067   .028  1.151
  14.300   .451   .1181  3.7618  4.3419   1.068   .029  1.154
  14.294   .450   .1204  3.7619  4.3404   1.069   .029  1.157
  14.288   .450   .1227  3.7620  4.3389   1.070   .029  1.159
  14.282   .450   .1250  3.7621  4.3374   1.071   .030  1.162
  14.276   .450   .1273  3.7622  4.3359   1.072   .030  1.164
  14.270   .450   .1296  3.7623  4.3344   1.073   .031  1.167
  14.264   .449   .1319  3.7624  4.3329   1.074   .031  1.169
  14.258   .449   .1342  3.7625  4.3314   1.075   .031  1.172
  14.252   .449   .1365  3.7626  4.3299   1.076   .032  1.174
  14.246   .449   .1388  3.7627  4.3283   1.077   .032  1.177
  14.240   .448   .1411  3.7627  4.3268   1.078   .033  1.180
  14.234   .448   .1434  3.7628  4.3253   1.079   .033  1.182
  14.229   .448   .1457  3.7629  4.3238   1.080   .033  1.185
  14.223   .448   .1480  3.7630  4.3223   1.081   .034  1.187
  14.217   .448   .1502  3.7631  4.3208   1.082   .034  1.190
  14.211   .448   .1525  3.7631  4.3192   1.083   .035  1.193
  14.205   .447   .1548  3.7632  4.3177   1.084   .035  1.195
  14.199   .447   .1571  3.7633  4.3162   1.085   .035  1.198
  14.193   .447   .1593  3.7634  4.3147   1.086   .036  1.201
  14.188   .447   .1616  3.7634  4.3131   1.087   .036  1.203
  14.182   .447   .1638  3.7635  4.3116   1.088   .037  1.206
  14.176   .446   .1661  3.7636  4.3101   1.089   .037  1.209
  14.170   .446   .1683  3.7637  4.3086   1.090   .037  1.211
  14.164   .446   .1706  3.7637  4.3070   1.091   .038  1.214
  14.159   .446   .1728  3.7638  4.3055   1.092   .038  1.217
  14.153   .446   .1750  3.7639  4.3040   1.093   .039  1.220
  14.147   .446   .1773  3.7639  4.3024   1.094   .039  1.222
  14.141   .446   .1795  3.7640  4.3009   1.095   .039  1.225
  14.136   .445   .1817  3.7640  4.2993   1.096   .040  1.228
  14.130   .445   .1839  3.7641  4.2978   1.097   .040  1.230
  14.124   .445   .1862  3.7642  4.2963   1.098   .041  1.233
  14.119   .445   .1884  3.7642  4.2947   1.099   .041  1.236
  14.113   .445   .1906  3.7643  4.2932   1.100   .041  1.239
  14.108   .445   .1926  3.7643  4.2918   1.101   .042  1.241
  14.102   .444   .1947  3.7644  4.2905   1.102   .042  1.244
  14.097   .444   .1967  3.7645  4.2892   1.103   .043  1.246
  14.092   .444   .1987  3.7646  4.2879   1.104   .043  1.249
  14.087   .444   .2008  3.7646  4.2865   1.105   .043  1.251
  14.081   .444   .2028  3.7647  4.2852   1.106   .044  1.254
  14.076   .444   .2048  3.7648  4.2839   1.107   .044  1.256
  14.071   .443   .2069  3.7648  4.2825   1.108   .045  1.259
  14.066   .443   .2089  3.7649  4.2812   1.109   .045  1.261
  14.061   .443   .2109  3.7650  4.2798   1.110   .045  1.264
  14.055   .443   .2129  3.7650  4.2785   1.111   .046  1.266
  14.050   .443   .2149  3.7651  4.2772   1.112   .046  1.269
  14.045   .443   .2169  3.7652  4.2758   1.113   .046  1.271
  14.040   .443   .2189  3.7652  4.2745   1.114   .047  1.274
  14.035   .442   .2209  3.7653  4.2732   1.115   .047  1.276
  14.030   .442   .2229  3.7653  4.2718   1.116   .048  1.279
  14.024   .442   .2249  3.7654  4.2705   1.117   .048  1.281
  14.019   .442   .2269  3.7655  4.2691   1.118   .048  1.284
  14.014   .442   .2289  3.7655  4.2678   1.119   .049  1.286
  14.009   .442   .2309  3.7656  4.2665   1.120   .049  1.289
  14.004   .442   .2329  3.7656  4.2651   1.121   .050  1.292
  13.999   .441   .2349  3.7657  4.2638   1.122   .050  1.294
  13.994   .441   .2369  3.7658  4.2624   1.123   .050  1.297
  13.989   .441   .2389  3.7658  4.2611   1.124   .051  1.299
  13.984   .441   .2408  3.7659  4.2597   1.125   .051  1.302
  13.978   .441   .2428  3.7659  4.2584   1.126   .052  1.304
  13.973   .441   .2448  3.7660  4.2570   1.127   .052  1.307
  13.968   .441   .2467  3.7660  4.2557   1.128   .052  1.310
  13.963   .441   .2487  3.7661  4.2543   1.129   .053  1.312
  13.958   .440   .2507  3.7661  4.2530   1.130   .053  1.315
  13.953   .440   .2526  3.7661  4.2516   1.131   .053  1.318
  13.948   .440   .2546  3.7662  4.2501   1.132   .054  1.321
  13.944   .440   .2565  3.7662  4.2485   1.133   .054  1.323
  13.939   .440   .2585  3.7662  4.2470   1.134   .055  1.326
  13.934   .440   .2604  3.7662  4.2455   1.135   .055  1.329
  13.929   .440   .2623  3.7662  4.2439   1.136   .055  1.332
  13.924   .440   .2643  3.7662  4.2424   1.137   .056  1.335
  13.919   .440   .2662  3.7662  4.2409   1.138   .056  1.338
  13.915   .440   .2681  3.7662  4.2393   1.139   .057  1.341
  13.910   .440   .2700  3.7662  4.2378   1.140   .057  1.344
  13.905   .440   .2719  3.7662  4.2363   1.141   .057  1.347
  13.900   .440   .2738  3.7662  4.2347   1.142   .058  1.350
  13.895   .440   .2757  3.7661  4.2332   1.143   .058  1.353
  13.891   .440   .2776  3.7661  4.2316   1.144   .058  1.356
  13.886   .440   .2795  3.7661  4.2301   1.145   .059  1.359
  13.881   .440   .2814  3.7661  4.2285   1.146   .059  1.362
  13.876   .440   .2833  3.7661  4.2270   1.147   .060  1.365
  13.872   .440   .2852  3.7661  4.2254   1.148   .060  1.368
  13.867   .441   .2871  3.7661  4.2238   1.149   .060  1.371
  13.862   .441   .2890  3.7661  4.2223   1.150   .061  1.374
  13.858   .441   .2908  3.7660  4.2207   1.151   .061  1.377
  13.853   .441   .2927  3.7660  4.2192   1.152   .061  1.380
  13.848   .441   .2946  3.7660  4.2176   1.153   .062  1.384
  13.844   .441   .2964  3.7660  4.2160   1.154   .062  1.387
  13.839   .441   .2983  3.7659  4.2144   1.155   .063  1.390
  13.835   .441   .3002  3.7659  4.2129   1.156   .063  1.393
  13.830   .441   .3020  3.7659  4.2113   1.157   .063  1.396
  13.825   .441   .3039  3.7659  4.2097   1.158   .064  1.399
  13.821   .441   .3057  3.7658  4.2081   1.159   .064  1.402
  13.816   .441   .3075  3.7658  4.2065   1.160   .064  1.405
  13.812   .441   .3094  3.7658  4.2049   1.161   .065  1.409
  13.807   .441   .3112  3.7657  4.2034   1.162   .065  1.412
  13.803   .441   .3130  3.7657  4.2018   1.163   .066  1.415
  13.798   .442   .3148  3.7657  4.2002   1.164   .066  1.418
  13.794   .442   .3167  3.7656  4.1986   1.165   .066  1.421
  13.789   .442   .3185  3.7656  4.1970   1.166   .067  1.425
  13.785   .442   .3203  3.7655  4.1954   1.167   .067  1.428
  13.781   .442   .3221  3.7655  4.1938   1.168   .067  1.431
  13.776   .442   .3239  3.7654  4.1921   1.169   .068  1.434
  13.772   .442   .3257  3.7654  4.1905   1.170   .068  1.438
  13.767   .442   .3275  3.7653  4.1889   1.171   .069  1.441
  13.763   .442   .3293  3.7653  4.1873   1.172   .069  1.444
  13.759   .443   .3311  3.7652  4.1857   1.173   .069  1.448
  13.754   .443   .3329  3.7652  4.1841   1.174   .070  1.451
  13.750   .443   .3346  3.7651  4.1824   1.175   .070  1.454
  13.745   .443   .3364  3.7651  4.1808   1.176   .070  1.458
  13.741   .443   .3382  3.7650  4.1792   1.177   .071  1.461
  13.737   .443   .3400  3.7650  4.1775   1.178   .071  1.464
  13.733   .443   .3417  3.7649  4.1759   1.179   .072  1.468
  13.728   .444   .3435  3.7648  4.1742   1.180   .072  1.471
  13.724   .444   .3452  3.7648  4.1726   1.181   .072  1.475
  13.720   .444   .3470  3.7647  4.1709   1.182   .073  1.478
  13.716   .444   .3487  3.7646  4.1693   1.183   .073  1.482
  13.711   .444   .3505  3.7646  4.1676   1.184   .073  1.485
  13.707   .444   .3522  3.7645  4.1660   1.185   .074  1.488
  13.703   .445   .3539  3.7644  4.1643   1.186   .074  1.492
  13.699   .445   .3557  3.7643  4.1626   1.187   .074  1.495
  13.694   .445   .3574  3.7643  4.1609   1.188   .075  1.499
  13.690   .445   .3594  3.7642  4.1590   1.189   .075  1.503
  13.685   .445   .3614  3.7642  4.1571   1.190   .076  1.507
  13.680   .445   .3634  3.7641  4.1552   1.191   .076  1.511
  13.675   .445   .3654  3.7641  4.1532   1.192   .076  1.515
  13.670   .446   .3674  3.7641  4.1513   1.193   .077  1.519
  13.665   .446   .3694  3.7640  4.1493   1.194   .077  1.523
  13.660   .446   .3714  3.7640  4.1474   1.195   .077  1.527
  13.655   .446   .3734  3.7639  4.1454   1.196   .078  1.531
  13.650   .446   .3754  3.7639  4.1434   1.197   .078  1.535
  13.645   .446   .3773  3.7638  4.1415   1.198   .078  1.539
  13.641   .446   .3793  3.7638  4.1395   1.199   .079  1.544
  13.636   .446   .3813  3.7637  4.1375   1.200   .079  1.548
  13.631   .446   .3832  3.7637  4.1358   1.201   .080  1.551
  13.626   .446   .3851  3.7637  4.1341   1.202   .080  1.555
  13.621   .446   .3871  3.7637  4.1324   1.203   .080  1.559
  13.617   .446   .3890  3.7637  4.1307   1.204   .081  1.563
  13.612   .446   .3909  3.7637  4.1290   1.205   .081  1.566
  13.607   .447   .3928  3.7637  4.1273   1.206   .081  1.570
  13.602   .447   .3946  3.7637  4.1256   1.207   .082  1.574
  13.598   .447   .3965  3.7637  4.1239   1.208   .082  1.577
  13.591   .446   .3990  3.7637  4.1219   1.209   .082  1.582
  13.583   .446   .4022  3.7639  4.1198   1.210   .083  1.586
  13.575   .445   .4054  3.7641  4.1176   1.211   .083  1.591
  13.566   .445   .4086  3.7643  4.1155   1.212   .084  1.595
  13.554   .444   .4131  3.7647  4.1130   1.213   .084  1.601
  13.539   .442   .4184  3.7653  4.1105   1.214   .084  1.606
  13.525   .441   .4238  3.7659  4.1079   1.215   .085  1.611
  13.509   .440   .4293  3.7665  4.1052   1.216   .085  1.617
  13.494   .438   .4349  3.7671  4.1026   1.217   .085  1.623
  13.478   .436   .4406  3.7678  4.0999   1.218   .086  1.628
  13.463   .435   .4464  3.7684  4.0971   1.219   .086  1.634
  13.446   .433   .4523  3.7691  4.0943   1.220   .086  1.640
  13.430   .431   .4584  3.7698  4.0915   1.221   .087  1.646
  13.413   .430   .4645  3.7705  4.0886   1.222   .087  1.652
  13.396   .428   .4708  3.7712  4.0857   1.223   .087  1.658
  13.378   .426   .4775  3.7720  4.0826   1.224   .088  1.665
  13.313   .418   .5010  3.7750  4.0716   1.225   .088  1.687
  13.250   .411   .5242  3.7780  4.0608   1.226   .088  1.709
  13.187   .404   .5471  3.7810  4.0501   1.227   .089  1.731
  13.133   .402   .5681  3.7817  4.0324   1.228   .089  1.767
  13.127   .403   .5708  3.7812  4.0281   1.229   .090  1.777
  13.122   .404   .5734  3.7807  4.0238   1.230   .090  1.786
  13.116   .405   .5761  3.7802  4.0195   1.231   .090  1.796
  13.110   .407   .5787  3.7797  4.0152   1.232   .091  1.805
  13.104   .408   .5814  3.7792  4.0108   1.233   .091  1.815
  13.098   .409   .5841  3.7787  4.0064   1.234   .091  1.825
  13.092   .410   .5868  3.7782  4.0020   1.235   .092  1.835
  13.087   .412   .5895  3.7776  3.9975   1.236   .092  1.845
  13.081   .413   .5922  3.7771  3.9930   1.237   .092  1.856
  13.075   .414   .5949  3.7765  3.9885   1.238   .093  1.866
  13.069   .416   .5976  3.7760  3.9840   1.239   .093  1.877
  13.063   .417   .6003  3.7754  3.9794   1.240   .093  1.887
  13.057   .418   .6030  3.7749  3.9748   1.241   .094  1.898
  13.052   .420   .6057  3.7743  3.9702   1.242   .094  1.909
  13.046   .421   .6084  3.7737  3.9655   1.243   .094  1.920
  13.040   .423   .6112  3.7731  3.9608   1.244   .095  1.931
  13.034   .424   .6139  3.7725  3.9561   1.245   .095  1.943
  13.028   .426   .6167  3.7719  3.9514   1.246   .096  1.954
  13.023   .427   .6194  3.7713  3.9466   1.247   .096  1.966
  13.017   .429   .6222  3.7707  3.9417   1.248   .096  1.977
  13.011   .430   .6250  3.7701  3.9368   1.249   .097  1.989
  13.005   .432   .6277  3.7695  3.9319   1.250   .097  2.001
  13.000   .434   .6305  3.7688  3.9270   1.251   .097  2.014
  12.994   .435   .6333  3.7682  3.9220   1.252   .098  2.026
  12.988   .437   .6361  3.7675  3.9169   1.253   .098  2.039
  12.983   .439   .6390  3.7668  3.9119   1.254   .098  2.052
  12.977   .440   .6418  3.7662  3.9067   1.255   .099  2.064
  12.972   .442   .6442  3.7655  3.9019   1.256   .099  2.077
  12.969   .444   .6461  3.7648  3.8977   1.257   .099  2.088
  12.966   .446   .6479  3.7641  3.8934   1.258   .100  2.099
  12.963   .447   .6496  3.7634  3.8891   1.259   .100  2.110
  12.960   .449   .6514  3.7626  3.8847   1.260   .100  2.122
  12.957   .451   .6531  3.7619  3.8803   1.261   .101  2.133
  12.969   .457   .6505  3.7596  3.8739   1.262   .101  2.150
  12.984   .464   .6470  3.7569  3.8672   1.263   .101  2.168
  12.999   .471   .6434  3.7542  3.8604   1.264   .102  2.185
  13.015   .478   .6399  3.7515  3.8536   1.265   .102  2.203
  13.031   .485   .6363  3.7489  3.8468   1.266   .102  2.222
  13.047   .492   .6327  3.7462  3.8400   1.267   .103  2.240
  13.064   .499   .6291  3.7435  3.8331   1.268   .103  2.259
  13.080   .506   .6254  3.7408  3.8263   1.269   .103  2.277
  13.102   .514   .6203  3.7378  3.8198   1.270   .104  2.295
  13.125   .522   .6149  3.7347  3.8136   1.271   .104  2.313
  13.148   .529   .6094  3.7317  3.8074   1.272   .104  2.330
  13.172   .537   .6039  3.7287  3.8013   1.273   .105  2.348
  13.196   .544   .5984  3.7258  3.7952   1.274   .105  2.365
  13.220   .552   .5929  3.7228  3.7893   1.275   .106  2.382
  13.245   .559   .5874  3.7198  3.7833   1.276   .106  2.399
  13.269   .567   .5825  3.7168  3.7766   1.277   .106  2.419
  13.288   .575   .5802  3.7135  3.7659   1.278   .107  2.450
  13.307   .584   .5779  3.7101  3.7552   1.279   .107  2.481
  13.312   .591   .5810  3.7073  3.7409   1.280   .107  2.524
  13.307   .598   .5871  3.7047  3.7245   1.281   .108  2.573
  13.304   .605   .5932  3.7022  3.7083   1.282   .108  2.622
  13.301   .611   .5993  3.6997  3.6921   1.283   .108  2.673
  13.298   .618   .6052  3.6971  3.6760   1.284   .109  2.723
  13.296   .625   .6111  3.6946  3.6601   1.285   .109  2.775
  13.295   .633   .6170  3.6919  3.6437   1.286   .109  2.829
  13.295   .640   .6226  3.6892  3.6276   1.287   .110  2.883
  13.293   .648   .6287  3.6866  3.6110   1.288   .110  2.940
  13.253   .653   .6482  3.6851  3.5864   1.289   .110  3.025
  13.213   .658   .6675  3.6836  3.5618   1.290   .111  3.113
  13.173   .663   .6866  3.6820  3.5373   1.291   .111  3.204
  13.134   .668   .7057  3.6805  3.5129   1.292   .111  3.296
  13.091   .673   .7263  3.6790  3.4870   1.293   .112  3.397
  13.039   .678   .7498  3.6778  3.4583   1.294   .112  3.513
  12.988   .682   .7732  3.6765  3.4297   1.295   .112  3.632
  12.937   .687   .7965  3.6752  3.4012   1.296   .113  3.755
  12.887   .692   .8197  3.6740  3.3727   1.297   .113  3.881
  12.814   .698   .8525  3.6724  3.3345   1.298   .113  4.057
  12.739   .704   .8867  3.6707  3.2948   1.299   .114  4.249
  12.664   .711   .9208  3.6690  3.2551   1.300   .114  4.449
  12.613   .714   .9433  3.6681  3.2295   1.301   .114  4.584
  12.562   .718   .9658  3.6673  3.2036   1.302   .115  4.725
  12.510   .721   .9886  3.6664  3.1774   1.303   .115  4.871
  12.458   .725  1.0115  3.6655  3.1511   1.304   .115  5.023
  12.406   .729  1.0346  3.6646  3.1246   1.305   .116  5.180
  12.353   .732  1.0581  3.6637  3.0976   1.306   .116  5.346
  12.287   .737  1.0877  3.6624  3.0631   1.307   .116  5.565
  12.221   .743  1.1175  3.6612  3.0284   1.308   .117  5.794
  12.155   .748  1.1473  3.6599  2.9936   1.309   .117  6.033
  12.089   .753  1.1773  3.6586  2.9586   1.310   .117  6.283
  12.014   .759  1.2116  3.6570  2.9185   1.311   .118  6.583
  11.932   .766  1.2498  3.6551  2.8738   1.312   .118  6.933
  11.850   .774  1.2881  3.6532  2.8290   1.313   .118  7.303
  11.769   .781  1.3260  3.6514  2.7846   1.314   .119  7.689
  11.694   .786  1.3596  3.6501  2.7452   1.315   .119  8.049
  11.623   .792  1.3915  3.6489  2.7078   1.316   .119  8.406
  11.553   .797  1.4232  3.6476  2.6703   1.317   .120  8.780
  11.430   .811  1.4833  3.6440  2.5965   1.318   .120  9.562
  11.298   .826  1.5486  3.6402  2.5168   1.319   .120 10.486
  11.156   .842  1.6189  3.6360  2.4311   1.320   .121 11.577
  10.995   .860  1.6984  3.6316  2.3342   1.321   .121 12.948
  10.795   .888  1.8044  3.6243  2.1983   1.322   .121 15.147
  10.554   .923  1.9320  3.6157  2.0362   1.323   .122 18.262
  10.285   .973  2.0922  3.6037  1.8301   1.324   .122 23.162
   9.919  1.061  2.3465  3.5852  1.5006   1.325   .122 33.857
  10.355  1.300  2.8069  3.5384   .8547   1.326   .123 71.247
