  18.552   .903 -1.1687  3.5931  4.7024    .600  -.222   .571
  18.537   .901 -1.1654  3.5936  4.7018    .601  -.221   .572
  18.522   .899 -1.1620  3.5942  4.7013    .602  -.220   .573
  18.508   .897 -1.1587  3.5947  4.7008    .603  -.220   .574
  18.493   .895 -1.1554  3.5952  4.7003    .604  -.219   .574
  18.478   .892 -1.1521  3.5957  4.6997    .605  -.218   .575
  18.464   .890 -1.1488  3.5962  4.6992    .606  -.218   .576
  18.449   .888 -1.1456  3.5967  4.6987    .607  -.217   .577
  18.435   .886 -1.1423  3.5972  4.6982    .608  -.216   .578
  18.420   .884 -1.1390  3.5977  4.6976    .609  -.215   .579
  18.406   .882 -1.1357  3.5982  4.6971    .610  -.215   .579
  18.392   .880 -1.1325  3.5987  4.6966    .611  -.214   .580
  18.377   .878 -1.1292  3.5992  4.6961    .612  -.213   .581
  18.363   .876 -1.1259  3.5997  4.6956    .613  -.213   .582
  18.349   .874 -1.1227  3.6002  4.6951    .614  -.212   .583
  18.336   .872 -1.1194  3.6007  4.6946    .615  -.211   .583
  18.322   .870 -1.1162  3.6012  4.6940    .616  -.210   .584
  18.308   .868 -1.1130  3.6017  4.6935    .617  -.210   .585
  18.294   .866 -1.1097  3.6022  4.6930    .618  -.209   .586
  18.281   .864 -1.1065  3.6027  4.6925    .619  -.208   .587
  18.267   .862 -1.1033  3.6032  4.6920    .620  -.208   .588
  18.254   .860 -1.1001  3.6037  4.6915    .621  -.207   .588
  18.241   .857 -1.0969  3.6042  4.6910    .622  -.206   .589
  18.228   .855 -1.0937  3.6047  4.6905    .623  -.206   .590
  18.215   .853 -1.0905  3.6051  4.6900    .624  -.205   .591
  18.202   .851 -1.0873  3.6056  4.6895    .625  -.204   .592
  18.189   .849 -1.0841  3.6061  4.6889    .626  -.203   .592
  18.176   .847 -1.0809  3.6066  4.6884    .627  -.203   .593
  18.164   .845 -1.0777  3.6071  4.6879    .628  -.202   .594
  18.151   .843 -1.0745  3.6076  4.6874    .629  -.201   .595
  18.139   .841 -1.0714  3.6081  4.6869    .630  -.201   .596
  18.127   .840 -1.0682  3.6086  4.6864    .631  -.200   .597
  18.114   .838 -1.0651  3.6091  4.6859    .632  -.199   .597
  18.102   .836 -1.0619  3.6095  4.6854    .633  -.199   .598
  18.090   .834 -1.0587  3.6100  4.6849    .634  -.198   .599
  18.078   .832 -1.0556  3.6105  4.6844    .635  -.197   .600
  18.066   .830 -1.0525  3.6110  4.6839    .636  -.197   .601
  18.054   .828 -1.0493  3.6115  4.6834    .637  -.196   .601
  18.042   .826 -1.0462  3.6119  4.6829    .638  -.195   .602
  18.031   .824 -1.0431  3.6124  4.6824    .639  -.194   .603
  18.019   .822 -1.0400  3.6129  4.6819    .640  -.194   .604
  18.007   .820 -1.0368  3.6134  4.6815    .641  -.193   .605
  17.996   .818 -1.0337  3.6139  4.6810    .642  -.192   .606
  17.984   .816 -1.0306  3.6143  4.6805    .643  -.192   .606
  17.973   .814 -1.0275  3.6148  4.6800    .644  -.191   .607
  17.961   .812 -1.0244  3.6153  4.6795    .645  -.190   .608
  17.950   .810 -1.0213  3.6158  4.6790    .646  -.190   .609
  17.938   .808 -1.0182  3.6162  4.6785    .647  -.189   .610
  17.927   .806 -1.0152  3.6167  4.6780    .648  -.188   .610
  17.916   .805 -1.0121  3.6172  4.6775    .649  -.188   .611
  17.905   .803 -1.0090  3.6177  4.6770    .650  -.187   .612
  17.893   .801 -1.0059  3.6181  4.6765    .651  -.186   .613
  17.882   .799 -1.0029  3.6186  4.6761    .652  -.186   .614
  17.871   .797  -.9998  3.6191  4.6756    .653  -.185   .615
  17.860   .795  -.9968  3.6195  4.6751    .654  -.184   .615
  17.849   .793  -.9937  3.6200  4.6746    .655  -.184   .616
  17.838   .791  -.9907  3.6205  4.6741    .656  -.183   .617
  17.827   .790  -.9876  3.6209  4.6736    .657  -.182   .618
  17.815   .788  -.9846  3.6214  4.6732    .658  -.182   .619
  17.804   .786  -.9816  3.6219  4.6727    .659  -.181   .619
  17.793   .784  -.9785  3.6223  4.6722    .660  -.180   .620
  17.782   .782  -.9755  3.6228  4.6717    .661  -.180   .621
  17.771   .780  -.9725  3.6233  4.6712    .662  -.179   .622
  17.760   .779  -.9695  3.6237  4.6708    .663  -.178   .623
  17.749   .777  -.9665  3.6242  4.6703    .664  -.178   .623
  17.738   .775  -.9635  3.6246  4.6698    .665  -.177   .624
  17.727   .773  -.9605  3.6251  4.6693    .666  -.177   .625
  17.716   .771  -.9575  3.6256  4.6688    .667  -.176   .626
  17.705   .769  -.9545  3.6260  4.6684    .668  -.175   .627
  17.694   .768  -.9515  3.6265  4.6679    .669  -.175   .628
  17.683   .766  -.9485  3.6269  4.6674    .670  -.174   .628
  17.672   .764  -.9455  3.6274  4.6669    .671  -.173   .629
  17.661   .762  -.9426  3.6279  4.6665    .672  -.173   .630
  17.650   .761  -.9396  3.6283  4.6660    .673  -.172   .631
  17.639   .759  -.9366  3.6288  4.6655    .674  -.171   .632
  17.628   .757  -.9337  3.6292  4.6651    .675  -.171   .632
  17.616   .755  -.9307  3.6297  4.6646    .676  -.170   .633
  17.605   .753  -.9278  3.6301  4.6641    .677  -.169   .634
  17.594   .752  -.9248  3.6306  4.6636    .678  -.169   .635
  17.583   .750  -.9219  3.6310  4.6632    .679  -.168   .636
  17.572   .748  -.9189  3.6315  4.6627    .680  -.167   .636
  17.561   .747  -.9160  3.6319  4.6622    .681  -.167   .637
  17.551   .745  -.9131  3.6324  4.6618    .682  -.166   .638
  17.540   .743  -.9101  3.6328  4.6613    .683  -.166   .639
  17.529   .741  -.9072  3.6333  4.6608    .684  -.165   .640
  17.518   .740  -.9043  3.6337  4.6604    .685  -.164   .640
  17.507   .738  -.9013  3.6342  4.6599    .686  -.164   .641
  17.495   .736  -.8981  3.6347  4.6593    .687  -.163   .642
  17.483   .734  -.8949  3.6352  4.6587    .688  -.162   .643
  17.471   .732  -.8918  3.6356  4.6581    .689  -.162   .644
  17.460   .731  -.8886  3.6361  4.6576    .690  -.161   .645
  17.448   .729  -.8854  3.6366  4.6570    .691  -.161   .646
  17.436   .727  -.8823  3.6371  4.6564    .692  -.160   .647
  17.424   .725  -.8791  3.6376  4.6558    .693  -.159   .648
  17.413   .723  -.8760  3.6380  4.6552    .694  -.159   .649
  17.401   .722  -.8728  3.6385  4.6546    .695  -.158   .649
  17.389   .720  -.8696  3.6390  4.6540    .696  -.157   .650
  17.378   .718  -.8665  3.6395  4.6535    .697  -.157   .651
  17.366   .716  -.8633  3.6400  4.6529    .698  -.156   .652
  17.355   .715  -.8602  3.6404  4.6523    .699  -.156   .653
  17.343   .713  -.8571  3.6409  4.6517    .700  -.155   .654
  17.331   .711  -.8538  3.6414  4.6511    .701  -.154   .655
  17.319   .709  -.8506  3.6419  4.6506    .702  -.154   .656
  17.307   .707  -.8474  3.6424  4.6500    .703  -.153   .657
  17.295   .705  -.8442  3.6429  4.6494    .704  -.152   .658
  17.283   .704  -.8410  3.6434  4.6488    .705  -.152   .658
  17.271   .702  -.8378  3.6440  4.6483    .706  -.151   .659
  17.260   .700  -.8346  3.6445  4.6477    .707  -.151   .660
  17.248   .698  -.8315  3.6450  4.6471    .708  -.150   .661
  17.236   .697  -.8283  3.6455  4.6466    .709  -.149   .662
  17.224   .695  -.8251  3.6460  4.6460    .710  -.149   .663
  17.212   .693  -.8219  3.6465  4.6454    .711  -.148   .664
  17.201   .691  -.8187  3.6470  4.6449    .712  -.148   .665
  17.189   .690  -.8156  3.6475  4.6443    .713  -.147   .666
  17.177   .688  -.8124  3.6480  4.6437    .714  -.146   .667
  17.166   .686  -.8092  3.6485  4.6432    .715  -.146   .667
  17.154   .684  -.8061  3.6490  4.6426    .716  -.145   .668
  17.142   .683  -.8029  3.6495  4.6420    .717  -.144   .669
  17.131   .681  -.7998  3.6500  4.6415    .718  -.144   .670
  17.119   .679  -.7966  3.6505  4.6409    .719  -.143   .671
  17.107   .678  -.7935  3.6510  4.6403    .720  -.143   .672
  17.096   .676  -.7903  3.6515  4.6398    .721  -.142   .673
  17.084   .674  -.7872  3.6520  4.6392    .722  -.141   .674
  17.073   .673  -.7840  3.6525  4.6386    .723  -.141   .675
  17.061   .671  -.7809  3.6530  4.6381    .724  -.140   .676
  17.050   .670  -.7778  3.6535  4.6375    .725  -.140   .677
  17.038   .668  -.7746  3.6540  4.6370    .726  -.139   .677
  17.027   .667  -.7715  3.6545  4.6364    .727  -.138   .678
  17.016   .665  -.7684  3.6550  4.6358    .728  -.138   .679
  17.004   .664  -.7653  3.6554  4.6353    .729  -.137   .680
  16.993   .662  -.7622  3.6559  4.6347    .730  -.137   .681
  16.981   .661  -.7591  3.6564  4.6342    .731  -.136   .682
  16.970   .659  -.7559  3.6569  4.6336    .732  -.135   .683
  16.959   .658  -.7528  3.6574  4.6330    .733  -.135   .684
  16.948   .656  -.7497  3.6579  4.6325    .734  -.134   .685
  16.936   .655  -.7466  3.6584  4.6319    .735  -.134   .686
  16.925   .653  -.7435  3.6589  4.6314    .736  -.133   .686
  16.914   .652  -.7404  3.6594  4.6308    .737  -.133   .687
  16.903   .651  -.7373  3.6599  4.6303    .738  -.132   .688
  16.891   .649  -.7343  3.6604  4.6297    .739  -.131   .689
  16.880   .648  -.7312  3.6609  4.6292    .740  -.131   .690
  16.869   .646  -.7281  3.6614  4.6286    .741  -.130   .691
  16.858   .645  -.7250  3.6619  4.6280    .742  -.130   .692
  16.847   .644  -.7219  3.6623  4.6275    .743  -.129   .693
  16.836   .642  -.7189  3.6628  4.6269    .744  -.128   .694
  16.825   .641  -.7158  3.6633  4.6264    .745  -.128   .695
  16.814   .640  -.7127  3.6638  4.6258    .746  -.127   .696
  16.803   .638  -.7096  3.6643  4.6253    .747  -.127   .696
  16.792   .637  -.7066  3.6648  4.6247    .748  -.126   .697
  16.781   .636  -.7035  3.6653  4.6242    .749  -.126   .698
  16.770   .634  -.7005  3.6658  4.6236    .750  -.125   .699
  16.759   .633  -.6974  3.6663  4.6231    .751  -.124   .700
  16.748   .632  -.6943  3.6667  4.6225    .752  -.124   .701
  16.737   .631  -.6913  3.6672  4.6220    .753  -.123   .702
  16.726   .629  -.6883  3.6677  4.6214    .754  -.123   .703
  16.715   .628  -.6852  3.6682  4.6209    .755  -.122   .704
  16.704   .627  -.6822  3.6687  4.6203    .756  -.121   .705
  16.693   .625  -.6791  3.6692  4.6198    .757  -.121   .706
  16.682   .624  -.6761  3.6697  4.6192    .758  -.120   .706
  16.672   .623  -.6731  3.6701  4.6187    .759  -.120   .707
  16.661   .622  -.6700  3.6706  4.6181    .760  -.119   .708
  16.650   .621  -.6670  3.6711  4.6176    .761  -.119   .709
  16.639   .619  -.6640  3.6716  4.6170    .762  -.118   .710
  16.629   .618  -.6609  3.6721  4.6165    .763  -.117   .711
  16.618   .617  -.6579  3.6726  4.6159    .764  -.117   .712
  16.607   .616  -.6549  3.6730  4.6154    .765  -.116   .713
  16.597   .614  -.6519  3.6735  4.6148    .766  -.116   .714
  16.586   .613  -.6489  3.6740  4.6143    .767  -.115   .715
  16.575   .612  -.6458  3.6745  4.6138    .768  -.115   .716
  16.565   .611  -.6428  3.6750  4.6132    .769  -.114   .717
  16.554   .610  -.6398  3.6755  4.6127    .770  -.114   .717
  16.543   .608  -.6368  3.6759  4.6121    .771  -.113   .718
  16.533   .607  -.6338  3.6764  4.6116    .772  -.112   .719
  16.522   .606  -.6308  3.6769  4.6110    .773  -.112   .720
  16.512   .605  -.6278  3.6774  4.6105    .774  -.111   .721
  16.501   .604  -.6248  3.6779  4.6099    .775  -.111   .722
  16.491   .602  -.6218  3.6783  4.6094    .776  -.110   .723
  16.480   .601  -.6188  3.6788  4.6089    .777  -.110   .724
  16.470   .600  -.6158  3.6793  4.6083    .778  -.109   .725
  16.459   .599  -.6129  3.6798  4.6078    .779  -.108   .726
  16.449   .598  -.6099  3.6803  4.6072    .780  -.108   .727
  16.439   .597  -.6069  3.6807  4.6067    .781  -.107   .728
  16.428   .595  -.6039  3.6812  4.6061    .782  -.107   .728
  16.418   .594  -.6009  3.6817  4.6056    .783  -.106   .729
  16.408   .593  -.5979  3.6822  4.6051    .784  -.106   .730
  16.397   .592  -.5950  3.6827  4.6045    .785  -.105   .731
  16.387   .591  -.5920  3.6831  4.6040    .786  -.105   .732
  16.377   .590  -.5890  3.6836  4.6034    .787  -.104   .733
  16.366   .589  -.5860  3.6841  4.6029    .788  -.103   .734
  16.356   .587  -.5831  3.6846  4.6023    .789  -.103   .735
  16.346   .586  -.5801  3.6851  4.6018    .790  -.102   .736
  16.336   .585  -.5771  3.6855  4.6013    .791  -.102   .737
  16.325   .584  -.5742  3.6860  4.6007    .792  -.101   .738
  16.315   .583  -.5712  3.6865  4.6002    .793  -.101   .739
  16.305   .582  -.5683  3.6870  4.5996    .794  -.100   .740
  16.295   .581  -.5653  3.6874  4.5991    .795  -.100   .740
  16.285   .580  -.5623  3.6879  4.5986    .796  -.099   .741
  16.275   .578  -.5594  3.6884  4.5980    .797  -.099   .742
  16.264   .577  -.5564  3.6889  4.5975    .798  -.098   .743
  16.254   .576  -.5535  3.6893  4.5969    .799  -.097   .744
  16.244   .575  -.5505  3.6898  4.5964    .800  -.097   .745
  16.235   .574  -.5477  3.6903  4.5958    .801  -.096   .746
  16.225   .573  -.5448  3.6907  4.5952    .802  -.096   .747
  16.215   .572  -.5419  3.6911  4.5947    .803  -.095   .748
  16.206   .571  -.5390  3.6916  4.5941    .804  -.095   .749
  16.196   .570  -.5362  3.6920  4.5935    .805  -.094   .750
  16.187   .569  -.5333  3.6924  4.5929    .806  -.094   .751
  16.177   .568  -.5305  3.6929  4.5923    .807  -.093   .752
  16.168   .567  -.5276  3.6933  4.5917    .808  -.093   .753
  16.158   .566  -.5247  3.6937  4.5911    .809  -.092   .754
  16.149   .565  -.5219  3.6942  4.5906    .810  -.092   .755
  16.139   .564  -.5190  3.6946  4.5900    .811  -.091   .756
  16.130   .563  -.5162  3.6950  4.5894    .812  -.090   .757
  16.120   .562  -.5134  3.6955  4.5888    .813  -.090   .758
  16.111   .561  -.5105  3.6959  4.5882    .814  -.089   .759
  16.101   .560  -.5077  3.6963  4.5876    .815  -.089   .760
  16.092   .560  -.5048  3.6968  4.5871    .816  -.088   .761
  16.083   .559  -.5020  3.6972  4.5865    .817  -.088   .762
  16.073   .558  -.4992  3.6976  4.5859    .818  -.087   .763
  16.064   .557  -.4963  3.6981  4.5853    .819  -.087   .764
  16.055   .556  -.4935  3.6985  4.5847    .820  -.086   .765
  16.046   .555  -.4907  3.6989  4.5841    .821  -.086   .766
  16.036   .554  -.4879  3.6993  4.5835    .822  -.085   .767
  16.027   .553  -.4850  3.6998  4.5829    .823  -.085   .768
  16.018   .552  -.4822  3.7002  4.5824    .824  -.084   .769
  16.009   .551  -.4794  3.7006  4.5818    .825  -.084   .769
  16.000   .550  -.4766  3.7010  4.5812    .826  -.083   .770
  15.990   .549  -.4738  3.7015  4.5806    .827  -.082   .771
  15.981   .548  -.4710  3.7019  4.5800    .828  -.082   .772
  15.972   .547  -.4682  3.7023  4.5794    .829  -.081   .773
  15.963   .547  -.4654  3.7027  4.5788    .830  -.081   .774
  15.954   .546  -.4626  3.7032  4.5782    .831  -.080   .775
  15.945   .545  -.4598  3.7036  4.5776    .832  -.080   .776
  15.936   .544  -.4570  3.7040  4.5770    .833  -.079   .777
  15.927   .543  -.4542  3.7044  4.5764    .834  -.079   .778
  15.918   .542  -.4514  3.7048  4.5759    .835  -.078   .779
  15.909   .541  -.4486  3.7053  4.5753    .836  -.078   .780
  15.900   .540  -.4458  3.7057  4.5747    .837  -.077   .781
  15.891   .539  -.4430  3.7061  4.5741    .838  -.077   .782
  15.882   .538  -.4402  3.7065  4.5735    .839  -.076   .783
  15.873   .538  -.4375  3.7069  4.5729    .840  -.076   .784
  15.865   .537  -.4347  3.7073  4.5723    .841  -.075   .785
  15.856   .536  -.4319  3.7078  4.5717    .842  -.075   .786
  15.847   .535  -.4291  3.7082  4.5711    .843  -.074   .787
  15.838   .534  -.4264  3.7086  4.5705    .844  -.074   .788
  15.829   .533  -.4236  3.7090  4.5699    .845  -.073   .789
  15.820   .532  -.4208  3.7094  4.5693    .846  -.073   .790
  15.812   .532  -.4180  3.7098  4.5687    .847  -.072   .791
  15.803   .531  -.4153  3.7102  4.5681    .848  -.072   .793
  15.794   .530  -.4124  3.7107  4.5675    .849  -.071   .794
  15.785   .529  -.4094  3.7111  4.5667    .850  -.071   .795
  15.775   .528  -.4065  3.7115  4.5660    .851  -.070   .796
  15.766   .527  -.4035  3.7119  4.5653    .852  -.070   .797
  15.757   .526  -.4005  3.7124  4.5645    .853  -.069   .798
  15.747   .525  -.3975  3.7128  4.5638    .854  -.069   .799
  15.738   .524  -.3945  3.7132  4.5631    .855  -.068   .800
  15.729   .524  -.3915  3.7137  4.5623    .856  -.068   .802
  15.719   .523  -.3885  3.7141  4.5616    .857  -.067   .803
  15.710   .522  -.3856  3.7145  4.5609    .858  -.067   .804
  15.701   .521  -.3826  3.7150  4.5601    .859  -.066   .805
  15.692   .520  -.3796  3.7154  4.5594    .860  -.066   .806
  15.683   .519  -.3766  3.7158  4.5586    .861  -.065   .807
  15.673   .518  -.3737  3.7162  4.5579    .862  -.064   .808
  15.664   .517  -.3707  3.7167  4.5571    .863  -.064   .810
  15.655   .517  -.3677  3.7171  4.5564    .864  -.063   .811
  15.646   .516  -.3647  3.7175  4.5556    .865  -.063   .812
  15.637   .515  -.3618  3.7179  4.5549    .866  -.062   .813
  15.628   .514  -.3588  3.7184  4.5541    .867  -.062   .814
  15.619   .513  -.3558  3.7188  4.5534    .868  -.061   .816
  15.610   .512  -.3529  3.7192  4.5526    .869  -.061   .817
  15.601   .511  -.3499  3.7196  4.5519    .870  -.060   .818
  15.592   .511  -.3469  3.7201  4.5511    .871  -.060   .819
  15.583   .510  -.3440  3.7205  4.5503    .872  -.059   .820
  15.574   .509  -.3410  3.7209  4.5496    .873  -.059   .821
  15.565   .508  -.3380  3.7213  4.5488    .874  -.058   .823
  15.556   .507  -.3351  3.7218  4.5481    .875  -.058   .824
  15.547   .506  -.3321  3.7222  4.5473    .876  -.057   .825
  15.538   .505  -.3292  3.7226  4.5465    .877  -.057   .826
  15.529   .505  -.3262  3.7230  4.5457    .878  -.057   .827
  15.520   .504  -.3232  3.7235  4.5450    .879  -.056   .829
  15.511   .503  -.3203  3.7239  4.5442    .880  -.056   .830
  15.503   .502  -.3173  3.7243  4.5434    .881  -.055   .831
  15.494   .501  -.3144  3.7247  4.5426    .882  -.055   .832
  15.485   .500  -.3114  3.7251  4.5419    .883  -.054   .834
  15.476   .500  -.3085  3.7256  4.5411    .884  -.054   .835
  15.467   .499  -.3055  3.7260  4.5403    .885  -.053   .836
  15.459   .498  -.3025  3.7264  4.5395    .886  -.053   .837
  15.450   .497  -.2996  3.7268  4.5387    .887  -.052   .838
  15.441   .496  -.2966  3.7272  4.5379    .888  -.052   .840
  15.432   .495  -.2937  3.7277  4.5371    .889  -.051   .841
  15.424   .495  -.2907  3.7281  4.5363    .890  -.051   .842
  15.415   .494  -.2878  3.7285  4.5355    .891  -.050   .843
  15.406   .493  -.2848  3.7289  4.5347    .892  -.050   .845
  15.398   .492  -.2819  3.7293  4.5339    .893  -.049   .846
  15.389   .491  -.2789  3.7297  4.5331    .894  -.049   .847
  15.380   .490  -.2760  3.7302  4.5323    .895  -.048   .848
  15.372   .490  -.2730  3.7306  4.5315    .896  -.048   .850
  15.363   .489  -.2701  3.7310  4.5307    .897  -.047   .851
  15.355   .488  -.2671  3.7314  4.5299    .898  -.047   .852
  15.346   .487  -.2642  3.7318  4.5291    .899  -.046   .853
  15.337   .486  -.2612  3.7322  4.5283    .900  -.046   .855
  15.329   .486  -.2584  3.7326  4.5273    .901  -.045   .856
  15.321   .485  -.2555  3.7329  4.5263    .902  -.045   .858
  15.313   .484  -.2526  3.7333  4.5253    .903  -.044   .859
  15.305   .484  -.2498  3.7336  4.5243    .904  -.044   .861
  15.297   .483  -.2469  3.7339  4.5233    .905  -.043   .862
  15.289   .482  -.2441  3.7343  4.5223    .906  -.043   .864
  15.281   .482  -.2412  3.7346  4.5213    .907  -.042   .865
  15.273   .481  -.2384  3.7349  4.5203    .908  -.042   .866
  15.265   .480  -.2355  3.7353  4.5193    .909  -.041   .868
  15.257   .480  -.2327  3.7356  4.5183    .910  -.041   .869
  15.248   .479  -.2299  3.7360  4.5173    .911  -.040   .871
  15.240   .478  -.2270  3.7363  4.5163    .912  -.040   .872
  15.232   .478  -.2242  3.7366  4.5153    .913  -.040   .874
  15.224   .477  -.2213  3.7370  4.5143    .914  -.039   .875
  15.216   .476  -.2185  3.7373  4.5133    .915  -.039   .877
  15.208   .476  -.2157  3.7376  4.5123    .916  -.038   .878
  15.200   .475  -.2128  3.7380  4.5113    .917  -.038   .880
  15.192   .474  -.2100  3.7383  4.5103    .918  -.037   .881
  15.184   .474  -.2072  3.7386  4.5093    .919  -.037   .883
  15.176   .473  -.2043  3.7390  4.5083    .920  -.036   .884
  15.168   .472  -.2015  3.7393  4.5073    .921  -.036   .886
  15.160   .472  -.1987  3.7396  4.5063    .922  -.035   .887
  15.153   .471  -.1959  3.7399  4.5053    .923  -.035   .889
  15.145   .471  -.1931  3.7403  4.5043    .924  -.034   .890
  15.137   .470  -.1902  3.7406  4.5032    .925  -.034   .892
  15.129   .469  -.1874  3.7409  4.5022    .926  -.033   .893
  15.121   .469  -.1846  3.7413  4.5012    .927  -.033   .895
  15.113   .468  -.1818  3.7416  4.5002    .928  -.032   .896
  15.105   .467  -.1790  3.7419  4.4992    .929  -.032   .898
  15.097   .467  -.1762  3.7422  4.4982    .930  -.032   .899
  15.089   .466  -.1734  3.7426  4.4972    .931  -.031   .901
  15.081   .465  -.1705  3.7429  4.4962    .932  -.031   .903
  15.073   .465  -.1677  3.7432  4.4952    .933  -.030   .904
  15.066   .464  -.1649  3.7435  4.4942    .934  -.030   .906
  15.058   .463  -.1621  3.7439  4.4932    .935  -.029   .907
  15.050   .463  -.1593  3.7442  4.4921    .936  -.029   .909
  15.042   .462  -.1565  3.7445  4.4911    .937  -.028   .910
  15.034   .462  -.1537  3.7448  4.4901    .938  -.028   .912
  15.026   .461  -.1509  3.7452  4.4891    .939  -.027   .913
  15.019   .460  -.1481  3.7455  4.4881    .940  -.027   .915
  15.011   .460  -.1453  3.7458  4.4871    .941  -.026   .916
  15.003   .459  -.1425  3.7461  4.4861    .942  -.026   .918
  14.995   .458  -.1398  3.7465  4.4850    .943  -.025   .920
  14.988   .458  -.1370  3.7468  4.4840    .944  -.025   .921
  14.980   .457  -.1342  3.7471  4.4830    .945  -.025   .923
  14.972   .456  -.1314  3.7474  4.4820    .946  -.024   .924
  14.964   .456  -.1286  3.7477  4.4810    .947  -.024   .926
  14.957   .455  -.1258  3.7481  4.4799    .948  -.023   .927
  14.949   .455  -.1230  3.7484  4.4789    .949  -.023   .929
  14.941   .454  -.1202  3.7487  4.4779    .950  -.022   .931
  14.933   .453  -.1175  3.7490  4.4769    .951  -.022   .932
  14.926   .453  -.1147  3.7493  4.4759    .952  -.021   .934
  14.918   .452  -.1119  3.7496  4.4748    .953  -.021   .935
  14.910   .451  -.1091  3.7500  4.4738    .954  -.020   .937
  14.903   .451  -.1064  3.7503  4.4728    .955  -.020   .939
  14.895   .450  -.1036  3.7506  4.4718    .956  -.020   .940
  14.887   .450  -.1008  3.7509  4.4707    .957  -.019   .942
  14.880   .449  -.0980  3.7512  4.4697    .958  -.019   .943
  14.872   .448  -.0953  3.7515  4.4687    .959  -.018   .945
  14.864   .448  -.0925  3.7519  4.4676    .960  -.018   .947
  14.857   .447  -.0897  3.7522  4.4666    .961  -.017   .948
  14.849   .446  -.0869  3.7525  4.4656    .962  -.017   .950
  14.841   .446  -.0842  3.7528  4.4645    .963  -.016   .951
  14.834   .445  -.0814  3.7531  4.4635    .964  -.016   .953
  14.826   .445  -.0786  3.7534  4.4625    .965  -.015   .955
  14.818   .444  -.0759  3.7537  4.4614    .966  -.015   .956
  14.811   .443  -.0731  3.7540  4.4604    .967  -.015   .958
  14.803   .443  -.0704  3.7544  4.4594    .968  -.014   .960
  14.796   .442  -.0676  3.7547  4.4583    .969  -.014   .961
  14.788   .441  -.0648  3.7550  4.4573    .970  -.013   .963
  14.781   .441  -.0621  3.7553  4.4562    .971  -.013   .965
  14.773   .440  -.0593  3.7556  4.4552    .972  -.012   .966
  14.765   .440  -.0565  3.7559  4.4542    .973  -.012   .968
  14.758   .439  -.0538  3.7562  4.4531    .974  -.011   .970
  14.750   .438  -.0510  3.7565  4.4521    .975  -.011   .971
  14.743   .438  -.0483  3.7568  4.4510    .976  -.011   .973
  14.735   .437  -.0455  3.7571  4.4500    .977  -.010   .975
  14.728   .436  -.0428  3.7574  4.4489    .978  -.010   .976
  14.720   .436  -.0400  3.7577  4.4479    .979  -.009   .978
  14.713   .435  -.0373  3.7580  4.4468    .980  -.009   .980
  14.705   .435  -.0345  3.7584  4.4458    .981  -.008   .981
  14.698   .434  -.0317  3.7587  4.4447    .982  -.008   .983
  14.690   .433  -.0290  3.7590  4.4437    .983  -.007   .985
  14.683   .433  -.0262  3.7593  4.4426    .984  -.007   .986
  14.675   .432  -.0235  3.7596  4.4415    .985  -.007   .988
  14.668   .431  -.0207  3.7599  4.4405    .986  -.006   .990
  14.660   .431  -.0180  3.7602  4.4394    .987  -.006   .992
  14.653   .430  -.0152  3.7605  4.4384    .988  -.005   .993
  14.645   .430  -.0125  3.7608  4.4373    .989  -.005   .995
  14.638   .429  -.0097  3.7611  4.4362    .990  -.004   .997
  14.630   .428  -.0070  3.7614  4.4352    .991  -.004   .998
  14.623   .428  -.0042  3.7617  4.4341    .992  -.003  1.000
  14.615   .427  -.0015  3.7620  4.4330    .993  -.003  1.002
  14.608   .426   .0012  3.7623  4.4320    .994  -.003  1.004
  14.600   .426   .0040  3.7626  4.4309    .995  -.002  1.005
  14.593   .425   .0067  3.7629  4.4298    .996  -.002  1.007
  14.585   .425   .0096  3.7632  4.4287    .997  -.001  1.009
  14.578   .424   .0124  3.7635  4.4274    .998  -.001  1.011
  14.570   .423   .0153  3.7638  4.4262    .999   .000  1.013
  14.562   .423   .0182  3.7641  4.4250   1.000   .000  1.015
  14.555   .422   .0209  3.7643  4.4236   1.001   .000  1.017
  14.547   .422   .0237  3.7646  4.4222   1.002   .001  1.019
  14.540   .421   .0264  3.7648  4.4209   1.003   .001  1.021
  14.533   .421   .0292  3.7651  4.4195   1.004   .002  1.023
  14.525   .420   .0319  3.7653  4.4181   1.005   .002  1.025
  14.518   .420   .0347  3.7656  4.4168   1.006   .003  1.027
  14.511   .419   .0374  3.7658  4.4154   1.007   .003  1.030
  14.504   .419   .0401  3.7661  4.4141   1.008   .003  1.032
  14.496   .418   .0428  3.7663  4.4127   1.009   .004  1.034
  14.489   .418   .0455  3.7666  4.4114   1.010   .004  1.036
  14.482   .417   .0482  3.7668  4.4100   1.011   .005  1.038
  14.475   .417   .0509  3.7670  4.4087   1.012   .005  1.040
  14.468   .416   .0536  3.7673  4.4073   1.013   .006  1.042
  14.460   .416   .0563  3.7675  4.4060   1.014   .006  1.044
  14.453   .415   .0590  3.7678  4.4046   1.015   .006  1.047
  14.446   .415   .0617  3.7680  4.4033   1.016   .007  1.049
  14.439   .414   .0644  3.7683  4.4020   1.017   .007  1.051
  14.432   .413   .0670  3.7685  4.4007   1.018   .008  1.053
  14.425   .413   .0697  3.7687  4.3993   1.019   .008  1.055
  14.418   .412   .0724  3.7690  4.3980   1.020   .009  1.057
  14.411   .412   .0750  3.7692  4.3967   1.021   .009  1.059
  14.404   .411   .0777  3.7695  4.3954   1.022   .009  1.061
  14.397   .411   .0803  3.7697  4.3940   1.023   .010  1.064
  14.390   .410   .0830  3.7699  4.3927   1.024   .010  1.066
  14.383   .410   .0856  3.7702  4.3914   1.025   .011  1.068
  14.376   .409   .0882  3.7704  4.3901   1.026   .011  1.070
  14.369   .409   .0909  3.7707  4.3888   1.027   .012  1.072
  14.362   .408   .0935  3.7709  4.3875   1.028   .012  1.074
  14.355   .408   .0961  3.7711  4.3862   1.029   .012  1.076
  14.348   .407   .0987  3.7714  4.3849   1.030   .013  1.079
  14.341   .407   .1013  3.7716  4.3836   1.031   .013  1.081
  14.334   .406   .1039  3.7718  4.3823   1.032   .014  1.083
  14.327   .406   .1065  3.7721  4.3810   1.033   .014  1.085
  14.320   .405   .1091  3.7723  4.3797   1.034   .015  1.087
  14.313   .405   .1117  3.7726  4.3784   1.035   .015  1.089
  14.306   .404   .1143  3.7728  4.3772   1.036   .015  1.091
  14.300   .404   .1169  3.7730  4.3759   1.037   .016  1.093
  14.293   .403   .1195  3.7733  4.3746   1.038   .016  1.096
  14.286   .403   .1220  3.7735  4.3733   1.039   .017  1.098
  14.279   .402   .1246  3.7737  4.3720   1.040   .017  1.100
  14.272   .402   .1272  3.7740  4.3707   1.041   .017  1.102
  14.266   .401   .1297  3.7742  4.3695   1.042   .018  1.104
  14.259   .401   .1323  3.7744  4.3682   1.043   .018  1.106
  14.252   .400   .1348  3.7747  4.3669   1.044   .019  1.109
  14.245   .400   .1374  3.7749  4.3656   1.045   .019  1.111
  14.238   .399   .1402  3.7751  4.3640   1.046   .020  1.113
  14.231   .399   .1430  3.7753  4.3623   1.047   .020  1.116
  14.224   .399   .1458  3.7754  4.3606   1.048   .020  1.119
  14.216   .398   .1486  3.7756  4.3589   1.049   .021  1.122
  14.209   .398   .1514  3.7758  4.3572   1.050   .021  1.124
  14.202   .398   .1542  3.7759  4.3555   1.051   .022  1.127
  14.195   .397   .1570  3.7761  4.3538   1.052   .022  1.130
  14.187   .397   .1597  3.7763  4.3521   1.053   .022  1.133
  14.180   .396   .1625  3.7764  4.3504   1.054   .023  1.135
  14.173   .396   .1653  3.7766  4.3487   1.055   .023  1.138
  14.166   .396   .1681  3.7767  4.3470   1.056   .024  1.141
  14.159   .395   .1708  3.7769  4.3453   1.057   .024  1.144
  14.152   .395   .1736  3.7770  4.3436   1.058   .024  1.146
  14.144   .395   .1763  3.7772  4.3419   1.059   .025  1.149
  14.137   .394   .1791  3.7774  4.3402   1.060   .025  1.152
  14.130   .394   .1818  3.7775  4.3385   1.061   .026  1.155
  14.123   .394   .1846  3.7776  4.3368   1.062   .026  1.158
  14.116   .393   .1873  3.7778  4.3351   1.063   .027  1.160
  14.109   .393   .1900  3.7779  4.3334   1.064   .027  1.163
  14.102   .393   .1927  3.7781  4.3317   1.065   .027  1.166
  14.095   .393   .1955  3.7782  4.3300   1.066   .028  1.169
  14.088   .392   .1982  3.7784  4.3283   1.067   .028  1.172
  14.081   .392   .2009  3.7785  4.3267   1.068   .029  1.174
  14.074   .392   .2036  3.7786  4.3250   1.069   .029  1.177
  14.067   .391   .2063  3.7788  4.3233   1.070   .029  1.180
  14.060   .391   .2089  3.7789  4.3216   1.071   .030  1.183
  14.053   .391   .2116  3.7790  4.3200   1.072   .030  1.186
  14.047   .390   .2143  3.7792  4.3183   1.073   .031  1.189
  14.040   .390   .2170  3.7793  4.3167   1.074   .031  1.191
  14.033   .390   .2196  3.7794  4.3150   1.075   .031  1.194
  14.026   .389   .2223  3.7795  4.3133   1.076   .032  1.197
  14.019   .389   .2249  3.7797  4.3117   1.077   .032  1.200
  14.012   .389   .2276  3.7798  4.3098   1.078   .033  1.203
  14.006   .389   .2303  3.7798  4.3078   1.079   .033  1.206
  13.999   .389   .2329  3.7799  4.3058   1.080   .033  1.210
  13.992   .389   .2356  3.7800  4.3038   1.081   .034  1.213
  13.985   .388   .2382  3.7800  4.3018   1.082   .034  1.216
  13.979   .388   .2409  3.7801  4.2998   1.083   .035  1.220
  13.972   .388   .2435  3.7801  4.2978   1.084   .035  1.223
  13.965   .388   .2462  3.7802  4.2958   1.085   .035  1.226
  13.959   .388   .2488  3.7803  4.2938   1.086   .036  1.230
  13.952   .388   .2514  3.7803  4.2918   1.087   .036  1.233
  13.945   .388   .2540  3.7804  4.2898   1.088   .037  1.237
  13.939   .387   .2567  3.7804  4.2878   1.089   .037  1.240
  13.932   .387   .2593  3.7805  4.2858   1.090   .037  1.244
  13.925   .387   .2619  3.7806  4.2838   1.091   .038  1.247
  13.919   .387   .2645  3.7806  4.2819   1.092   .038  1.250
  13.912   .387   .2670  3.7807  4.2799   1.093   .039  1.254
  13.906   .387   .2696  3.7807  4.2779   1.094   .039  1.257
  13.899   .387   .2722  3.7808  4.2759   1.095   .039  1.261
  13.893   .386   .2748  3.7808  4.2739   1.096   .040  1.264
  13.886   .386   .2773  3.7809  4.2719   1.097   .040  1.268
  13.880   .386   .2799  3.7810  4.2699   1.098   .041  1.271
  13.873   .386   .2825  3.7810  4.2680   1.099   .041  1.275
  13.867   .386   .2850  3.7811  4.2660   1.100   .041  1.278
  13.861   .386   .2872  3.7811  4.2642   1.101   .042  1.281
  13.856   .386   .2894  3.7811  4.2624   1.102   .042  1.285
  13.850   .386   .2916  3.7811  4.2606   1.103   .043  1.288
  13.844   .386   .2939  3.7811  4.2588   1.104   .043  1.291
  13.839   .386   .2960  3.7811  4.2570   1.105   .043  1.294
  13.833   .386   .2982  3.7811  4.2552   1.106   .044  1.298
  13.828   .386   .3004  3.7811  4.2533   1.107   .044  1.301
  13.823   .386   .3026  3.7811  4.2515   1.108   .045  1.304
  13.817   .386   .3048  3.7811  4.2497   1.109   .045  1.308
  13.812   .386   .3070  3.7811  4.2479   1.110   .045  1.311
  13.806   .386   .3091  3.7811  4.2461   1.111   .046  1.314
  13.801   .386   .3113  3.7811  4.2442   1.112   .046  1.318
  13.795   .386   .3134  3.7811  4.2424   1.113   .046  1.321
  13.790   .386   .3156  3.7811  4.2406   1.114   .047  1.324
  13.785   .386   .3177  3.7810  4.2387   1.115   .047  1.328
  13.779   .386   .3199  3.7810  4.2369   1.116   .048  1.331
  13.774   .386   .3220  3.7810  4.2351   1.117   .048  1.335
  13.769   .386   .3241  3.7810  4.2332   1.118   .048  1.338
  13.763   .386   .3263  3.7810  4.2314   1.119   .049  1.341
  13.758   .386   .3284  3.7809  4.2295   1.120   .049  1.345
  13.753   .386   .3304  3.7808  4.2275   1.121   .050  1.349
  13.748   .387   .3325  3.7807  4.2255   1.122   .050  1.352
  13.743   .387   .3345  3.7807  4.2235   1.123   .050  1.356
  13.738   .387   .3366  3.7806  4.2214   1.124   .051  1.360
  13.733   .387   .3386  3.7805  4.2194   1.125   .051  1.364
  13.728   .387   .3407  3.7804  4.2174   1.126   .052  1.368
  13.723   .388   .3427  3.7803  4.2153   1.127   .052  1.371
  13.718   .388   .3448  3.7802  4.2133   1.128   .052  1.375
  13.713   .388   .3468  3.7801  4.2113   1.129   .053  1.379
  13.708   .388   .3488  3.7800  4.2092   1.130   .053  1.383
  13.703   .389   .3509  3.7799  4.2072   1.131   .053  1.387
  13.698   .389   .3529  3.7798  4.2051   1.132   .054  1.391
  13.693   .389   .3550  3.7797  4.2031   1.133   .054  1.395
  13.688   .389   .3570  3.7796  4.2011   1.134   .055  1.398
  13.683   .389   .3590  3.7795  4.1990   1.135   .055  1.402
  13.678   .390   .3611  3.7794  4.1970   1.136   .055  1.406
  13.673   .390   .3631  3.7793  4.1949   1.137   .056  1.410
  13.668   .390   .3651  3.7791  4.1929   1.138   .056  1.414
  13.664   .390   .3672  3.7790  4.1908   1.139   .057  1.418
  13.659   .391   .3692  3.7789  4.1887   1.140   .057  1.422
  13.654   .391   .3712  3.7788  4.1867   1.141   .057  1.426
  13.649   .391   .3733  3.7787  4.1846   1.142   .058  1.430
  13.644   .391   .3753  3.7786  4.1825   1.143   .058  1.434
  13.639   .392   .3773  3.7785  4.1805   1.144   .058  1.438
  13.634   .392   .3793  3.7784  4.1784   1.145   .059  1.442
  13.629   .392   .3814  3.7783  4.1763   1.146   .059  1.446
  13.624   .392   .3834  3.7782  4.1742   1.147   .060  1.451
  13.619   .393   .3854  3.7781  4.1721   1.148   .060  1.455
  13.614   .393   .3875  3.7779  4.1700   1.149   .060  1.459
  13.609   .393   .3895  3.7778  4.1679   1.150   .061  1.463
  13.604   .393   .3915  3.7777  4.1658   1.151   .061  1.467
  13.599   .394   .3935  3.7776  4.1637   1.152   .061  1.471
  13.595   .394   .3956  3.7775  4.1616   1.153   .062  1.476
  13.589   .394   .3979  3.7774  4.1593   1.154   .062  1.480
  13.583   .394   .4002  3.7773  4.1569   1.155   .063  1.485
  13.577   .394   .4026  3.7772  4.1546   1.156   .063  1.490
  13.571   .394   .4050  3.7772  4.1522   1.157   .063  1.494
  13.565   .395   .4074  3.7771  4.1498   1.158   .064  1.499
  13.560   .395   .4098  3.7770  4.1474   1.159   .064  1.504
  13.554   .395   .4122  3.7769  4.1450   1.160   .064  1.509
  13.548   .395   .4146  3.7769  4.1426   1.161   .065  1.513
  13.531   .393   .4210  3.7776  4.1392   1.162   .065  1.520
  13.513   .392   .4276  3.7783  4.1357   1.163   .066  1.527
  13.495   .390   .4342  3.7791  4.1321   1.164   .066  1.534
  13.478   .388   .4408  3.7798  4.1286   1.165   .066  1.541
  13.449   .385   .4515  3.7811  4.1233   1.166   .067  1.551
  13.410   .381   .4663  3.7829  4.1162   1.167   .067  1.564
  13.369   .377   .4816  3.7848  4.1088   1.168   .067  1.578
  13.327   .373   .4974  3.7867  4.1013   1.169   .068  1.593
  13.279   .368   .5155  3.7889  4.0922   1.170   .068  1.610
  13.195   .362   .5478  3.7914  4.0694   1.171   .069  1.654
  13.185   .365   .5525  3.7901  4.0606   1.172   .069  1.671
  13.174   .368   .5571  3.7888  4.0518   1.173   .069  1.689
  13.164   .371   .5618  3.7875  4.0430   1.174   .070  1.707
  13.154   .374   .5665  3.7861  4.0342   1.175   .070  1.725
  13.146   .376   .5700  3.7852  4.0275   1.176   .070  1.739
  13.140   .377   .5730  3.7845  4.0220   1.177   .071  1.751
  13.133   .379   .5759  3.7838  4.0166   1.178   .071  1.763
  13.127   .380   .5789  3.7831  4.0111   1.179   .072  1.774
  13.120   .382   .5818  3.7824  4.0056   1.180   .072  1.786
  13.114   .384   .5848  3.7817  4.0001   1.181   .072  1.799
  13.107   .385   .5877  3.7810  3.9946   1.182   .073  1.811
  13.101   .387   .5907  3.7803  3.9891   1.183   .073  1.823
  13.095   .388   .5936  3.7796  3.9836   1.184   .073  1.835
  13.088   .390   .5965  3.7789  3.9781   1.185   .074  1.848
  13.082   .392   .5995  3.7782  3.9726   1.186   .074  1.860
  13.076   .393   .6024  3.7775  3.9671   1.187   .074  1.873
  13.069   .395   .6053  3.7768  3.9616   1.188   .075  1.886
  13.063   .396   .6083  3.7761  3.9561   1.189   .075  1.899
  13.057   .398   .6112  3.7754  3.9505   1.190   .076  1.911
  13.051   .399   .6141  3.7747  3.9450   1.191   .076  1.924
  13.044   .401   .6170  3.7740  3.9395   1.192   .076  1.938
  13.038   .403   .6200  3.7732  3.9340   1.193   .077  1.951
  13.032   .404   .6229  3.7725  3.9284   1.194   .077  1.964
  13.026   .406   .6258  3.7718  3.9229   1.195   .077  1.977
  13.020   .407   .6287  3.7711  3.9174   1.196   .078  1.991
  13.014   .409   .6316  3.7704  3.9119   1.197   .078  2.004
  13.008   .410   .6345  3.7697  3.9063   1.198   .078  2.018
  13.002   .412   .6374  3.7689  3.9008   1.199   .079  2.032
  12.996   .414   .6403  3.7682  3.8953   1.200   .079  2.046
  12.991   .414   .6425  3.7679  3.8920   1.201   .080  2.054
  12.986   .415   .6447  3.7676  3.8888   1.202   .080  2.063
  12.981   .416   .6469  3.7672  3.8855   1.203   .080  2.071
  12.979   .418   .6483  3.7660  3.8804   1.204   .081  2.084
  12.983   .424   .6487  3.7636  3.8722   1.205   .081  2.105
  12.997   .430   .6453  3.7608  3.8649   1.206   .081  2.124
  13.011   .436   .6418  3.7580  3.8576   1.207   .082  2.142
  13.025   .442   .6385  3.7554  3.8504   1.208   .082  2.161
  13.039   .448   .6354  3.7527  3.8432   1.209   .082  2.180
  13.052   .453   .6325  3.7501  3.8361   1.210   .083  2.199
  13.065   .459   .6297  3.7476  3.8290   1.211   .083  2.218
  13.077   .465   .6271  3.7451  3.8219   1.212   .084  2.237
  13.090   .470   .6247  3.7427  3.8149   1.213   .084  2.256
  13.102   .475   .6224  3.7403  3.8080   1.214   .084  2.275
  13.116   .481   .6197  3.7377  3.8002   1.215   .085  2.296
  13.136   .490   .6155  3.7341  3.7902   1.216   .085  2.324
  13.157   .498   .6114  3.7306  3.7803   1.217   .085  2.352
  13.178   .507   .6073  3.7270  3.7705   1.218   .086  2.379
  13.199   .515   .6033  3.7236  3.7607   1.219   .086  2.407
  13.221   .524   .5993  3.7201  3.7511   1.220   .086  2.435
  13.229   .530   .6002  3.7174  3.7399   1.221   .087  2.468
  13.233   .537   .6022  3.7148  3.7285   1.222   .087  2.501
  13.235   .543   .6053  3.7123  3.7161   1.223   .087  2.538
  13.219   .549   .6152  3.7100  3.6974   1.224   .088  2.594
  13.204   .555   .6247  3.7077  3.6790   1.225   .088  2.651
  13.191   .561   .6337  3.7053  3.6609   1.226   .088  2.708
  13.180   .567   .6423  3.7029  3.6431   1.227   .089  2.765
  13.171   .574   .6504  3.7004  3.6256   1.228   .089  2.823
  13.161   .580   .6587  3.6979  3.6078   1.229   .090  2.882
  13.129   .586   .6754  3.6959  3.5830   1.230   .090  2.967
  13.098   .592   .6914  3.6938  3.5586   1.231   .090  3.053
  13.061   .597   .7095  3.6921  3.5338   1.232   .091  3.143
  13.014   .601   .7306  3.6908  3.5081   1.233   .091  3.238
  12.968   .604   .7515  3.6896  3.4827   1.234   .091  3.336
  12.923   .609   .7720  3.6882  3.4574   1.235   .092  3.436
  12.879   .613   .7923  3.6869  3.4322   1.236   .092  3.538
  12.826   .617   .8157  3.6858  3.4046   1.237   .092  3.654
  12.764   .620   .8425  3.6848  3.3741   1.238   .093  3.786
  12.702   .623   .8692  3.6838  3.3437   1.239   .093  3.922
  12.638   .627   .8966  3.6828  3.3127   1.240   .093  4.066
  12.572   .630   .9248  3.6819  3.2812   1.241   .094  4.219
  12.508   .634   .9526  3.6809  3.2500   1.242   .094  4.374
  12.444   .637   .9800  3.6800  3.2193   1.243   .094  4.534
  12.368   .642  1.0130  3.6788  3.1821   1.244   .095  4.734
  12.282   .647  1.0501  3.6774  3.1401   1.245   .095  4.970
  12.199   .652  1.0865  3.6761  3.0990   1.246   .096  5.213
  12.102   .657  1.1286  3.6745  3.0509   1.247   .096  5.513
  11.987   .665  1.1789  3.6725  2.9929   1.248   .096  5.895
  11.874   .672  1.2284  3.6706  2.9359   1.249   .097  6.298
  11.727   .682  1.2940  3.6677  2.8591   1.250   .097  6.883
  11.580   .693  1.3597  3.6648  2.7823   1.251   .097  7.522
  11.419   .706  1.4330  3.6612  2.6943   1.252   .098  8.327
  11.263   .720  1.5049  3.6575  2.6079   1.253   .098  9.202
  11.082   .737  1.5905  3.6528  2.5035   1.254   .098 10.382
  10.893   .759  1.6820  3.6473  2.3897   1.255   .099 11.840
  10.648   .790  1.8042  3.6393  2.2377   1.256   .099 14.109
  10.360   .828  1.9498  3.6300  2.0537   1.257   .099 17.445
   9.978   .879  2.1424  3.6185  1.8150   1.258   .100 22.973
   9.372  1.008  2.5019  3.5925  1.3525   1.259   .100 39.138
