  18.560   .904 -1.1704  3.5929  4.7032    .600  -.222   .571
  18.545   .902 -1.1671  3.5934  4.7027    .601  -.221   .571
  18.530   .900 -1.1638  3.5939  4.7022    .602  -.220   .572
  18.515   .898 -1.1605  3.5944  4.7016    .603  -.220   .573
  18.500   .896 -1.1572  3.5949  4.7011    .604  -.219   .574
  18.485   .893 -1.1539  3.5954  4.7006    .605  -.218   .575
  18.471   .891 -1.1506  3.5960  4.7001    .606  -.218   .576
  18.456   .889 -1.1473  3.5965  4.6996    .607  -.217   .576
  18.442   .887 -1.1441  3.5970  4.6990    .608  -.216   .577
  18.427   .885 -1.1408  3.5975  4.6985    .609  -.215   .578
  18.413   .883 -1.1375  3.5980  4.6980    .610  -.215   .579
  18.399   .881 -1.1342  3.5985  4.6975    .611  -.214   .580
  18.385   .879 -1.1310  3.5990  4.6970    .612  -.213   .580
  18.371   .877 -1.1277  3.5995  4.6965    .613  -.213   .581
  18.357   .875 -1.1245  3.6000  4.6959    .614  -.212   .582
  18.343   .873 -1.1212  3.6005  4.6954    .615  -.211   .583
  18.329   .871 -1.1180  3.6010  4.6949    .616  -.210   .584
  18.315   .869 -1.1148  3.6015  4.6944    .617  -.210   .585
  18.301   .867 -1.1116  3.6020  4.6939    .618  -.209   .585
  18.288   .865 -1.1083  3.6025  4.6934    .619  -.208   .586
  18.274   .862 -1.1051  3.6029  4.6929    .620  -.208   .587
  18.261   .860 -1.1019  3.6034  4.6924    .621  -.207   .588
  18.248   .858 -1.0987  3.6039  4.6919    .622  -.206   .589
  18.235   .856 -1.0955  3.6044  4.6914    .623  -.206   .589
  18.222   .854 -1.0923  3.6049  4.6909    .624  -.205   .590
  18.209   .852 -1.0891  3.6054  4.6904    .625  -.204   .591
  18.196   .850 -1.0859  3.6059  4.6899    .626  -.203   .592
  18.183   .848 -1.0827  3.6064  4.6894    .627  -.203   .593
  18.171   .846 -1.0796  3.6069  4.6889    .628  -.202   .593
  18.158   .844 -1.0764  3.6074  4.6884    .629  -.201   .594
  18.146   .842 -1.0732  3.6078  4.6879    .630  -.201   .595
  18.133   .840 -1.0701  3.6083  4.6874    .631  -.200   .596
  18.121   .838 -1.0669  3.6088  4.6869    .632  -.199   .597
  18.109   .837 -1.0638  3.6093  4.6864    .633  -.199   .598
  18.097   .835 -1.0606  3.6098  4.6859    .634  -.198   .598
  18.085   .833 -1.0575  3.6103  4.6854    .635  -.197   .599
  18.073   .831 -1.0543  3.6107  4.6849    .636  -.197   .600
  18.061   .829 -1.0512  3.6112  4.6844    .637  -.196   .601
  18.049   .827 -1.0481  3.6117  4.6839    .638  -.195   .602
  18.037   .825 -1.0450  3.6122  4.6834    .639  -.194   .602
  18.026   .823 -1.0418  3.6127  4.6829    .640  -.194   .603
  18.014   .821 -1.0387  3.6131  4.6824    .641  -.193   .604
  18.002   .819 -1.0356  3.6136  4.6819    .642  -.192   .605
  17.991   .817 -1.0325  3.6141  4.6814    .643  -.192   .606
  17.979   .815 -1.0294  3.6146  4.6809    .644  -.191   .607
  17.968   .813 -1.0263  3.6151  4.6804    .645  -.190   .607
  17.956   .811 -1.0232  3.6155  4.6800    .646  -.190   .608
  17.945   .809 -1.0202  3.6160  4.6795    .647  -.189   .609
  17.934   .807 -1.0171  3.6165  4.6790    .648  -.188   .610
  17.922   .806 -1.0140  3.6169  4.6785    .649  -.188   .611
  17.911   .804 -1.0109  3.6174  4.6780    .650  -.187   .611
  17.900   .802 -1.0079  3.6179  4.6775    .651  -.186   .612
  17.889   .800 -1.0048  3.6184  4.6770    .652  -.186   .613
  17.878   .798 -1.0018  3.6188  4.6766    .653  -.185   .614
  17.866   .796  -.9987  3.6193  4.6761    .654  -.184   .615
  17.855   .794  -.9957  3.6198  4.6756    .655  -.184   .615
  17.844   .792  -.9926  3.6202  4.6751    .656  -.183   .616
  17.833   .791  -.9896  3.6207  4.6746    .657  -.182   .617
  17.822   .789  -.9865  3.6212  4.6742    .658  -.182   .618
  17.811   .787  -.9835  3.6216  4.6737    .659  -.181   .619
  17.800   .785  -.9805  3.6221  4.6732    .660  -.180   .619
  17.789   .783  -.9775  3.6226  4.6727    .661  -.180   .620
  17.778   .781  -.9745  3.6230  4.6722    .662  -.179   .621
  17.767   .779  -.9715  3.6235  4.6718    .663  -.178   .622
  17.756   .778  -.9684  3.6239  4.6713    .664  -.178   .623
  17.745   .776  -.9654  3.6244  4.6708    .665  -.177   .624
  17.734   .774  -.9625  3.6249  4.6703    .666  -.177   .624
  17.723   .772  -.9595  3.6253  4.6699    .667  -.176   .625
  17.712   .770  -.9565  3.6258  4.6694    .668  -.175   .626
  17.701   .769  -.9535  3.6262  4.6689    .669  -.175   .627
  17.690   .767  -.9505  3.6267  4.6685    .670  -.174   .628
  17.679   .765  -.9475  3.6272  4.6680    .671  -.173   .628
  17.668   .763  -.9446  3.6276  4.6675    .672  -.173   .629
  17.657   .762  -.9416  3.6281  4.6670    .673  -.172   .630
  17.646   .760  -.9386  3.6285  4.6666    .674  -.171   .631
  17.634   .758  -.9357  3.6290  4.6661    .675  -.171   .632
  17.623   .756  -.9327  3.6294  4.6656    .676  -.170   .632
  17.612   .754  -.9298  3.6299  4.6652    .677  -.169   .633
  17.601   .753  -.9268  3.6303  4.6647    .678  -.169   .634
  17.590   .751  -.9239  3.6308  4.6642    .679  -.168   .635
  17.579   .749  -.9210  3.6312  4.6638    .680  -.167   .636
  17.568   .747  -.9180  3.6317  4.6633    .681  -.167   .636
  17.558   .746  -.9151  3.6321  4.6628    .682  -.166   .637
  17.547   .744  -.9122  3.6326  4.6624    .683  -.166   .638
  17.536   .742  -.9093  3.6330  4.6619    .684  -.165   .639
  17.525   .741  -.9063  3.6335  4.6615    .685  -.164   .640
  17.514   .739  -.9034  3.6339  4.6610    .686  -.164   .641
  17.503   .737  -.9005  3.6344  4.6605    .687  -.163   .641
  17.492   .735  -.8976  3.6348  4.6601    .688  -.162   .642
  17.482   .734  -.8947  3.6353  4.6596    .689  -.162   .643
  17.471   .732  -.8918  3.6357  4.6592    .690  -.161   .644
  17.460   .730  -.8889  3.6362  4.6587    .691  -.161   .645
  17.449   .729  -.8860  3.6366  4.6582    .692  -.160   .645
  17.439   .727  -.8832  3.6370  4.6578    .693  -.159   .646
  17.428   .725  -.8803  3.6375  4.6573    .694  -.159   .647
  17.417   .724  -.8774  3.6379  4.6569    .695  -.158   .648
  17.407   .722  -.8745  3.6384  4.6564    .696  -.157   .649
  17.396   .721  -.8717  3.6388  4.6560    .697  -.157   .649
  17.385   .719  -.8688  3.6392  4.6555    .698  -.156   .650
  17.375   .717  -.8660  3.6397  4.6550    .699  -.156   .651
  17.364   .716  -.8631  3.6401  4.6546    .700  -.155   .652
  17.353   .714  -.8601  3.6406  4.6541    .701  -.154   .653
  17.342   .712  -.8572  3.6411  4.6537    .702  -.154   .653
  17.331   .710  -.8542  3.6415  4.6532    .703  -.153   .654
  17.320   .709  -.8512  3.6420  4.6527    .704  -.152   .655
  17.309   .707  -.8483  3.6425  4.6522    .705  -.152   .656
  17.298   .705  -.8453  3.6429  4.6518    .706  -.151   .657
  17.287   .704  -.8424  3.6434  4.6513    .707  -.151   .658
  17.276   .702  -.8394  3.6439  4.6508    .708  -.150   .658
  17.265   .700  -.8365  3.6444  4.6504    .709  -.149   .659
  17.254   .699  -.8335  3.6448  4.6499    .710  -.149   .660
  17.243   .697  -.8306  3.6453  4.6494    .711  -.148   .661
  17.232   .695  -.8277  3.6458  4.6490    .712  -.148   .662
  17.221   .694  -.8248  3.6462  4.6485    .713  -.147   .662
  17.211   .692  -.8218  3.6467  4.6480    .714  -.146   .663
  17.200   .691  -.8189  3.6471  4.6476    .715  -.146   .664
  17.189   .689  -.8160  3.6476  4.6471    .716  -.145   .665
  17.178   .687  -.8131  3.6481  4.6467    .717  -.144   .666
  17.168   .686  -.8102  3.6485  4.6462    .718  -.144   .667
  17.157   .684  -.8073  3.6490  4.6457    .719  -.143   .667
  17.146   .683  -.8044  3.6495  4.6453    .720  -.143   .668
  17.135   .681  -.8015  3.6499  4.6448    .721  -.142   .669
  17.125   .680  -.7986  3.6504  4.6444    .722  -.141   .670
  17.114   .678  -.7957  3.6508  4.6439    .723  -.141   .671
  17.104   .677  -.7929  3.6513  4.6434    .724  -.140   .671
  17.093   .675  -.7900  3.6518  4.6430    .725  -.140   .672
  17.082   .674  -.7871  3.6522  4.6425    .726  -.139   .673
  17.072   .672  -.7842  3.6527  4.6421    .727  -.138   .674
  17.061   .671  -.7814  3.6531  4.6416    .728  -.138   .675
  17.051   .669  -.7785  3.6536  4.6412    .729  -.137   .676
  17.040   .668  -.7756  3.6540  4.6407    .730  -.137   .676
  17.030   .666  -.7728  3.6545  4.6403    .731  -.136   .677
  17.020   .665  -.7699  3.6549  4.6398    .732  -.135   .678
  17.009   .664  -.7671  3.6554  4.6394    .733  -.135   .679
  16.999   .662  -.7643  3.6558  4.6389    .734  -.134   .680
  16.989   .661  -.7614  3.6563  4.6385    .735  -.134   .680
  16.978   .660  -.7586  3.6567  4.6380    .736  -.133   .681
  16.968   .658  -.7558  3.6572  4.6376    .737  -.133   .682
  16.958   .657  -.7529  3.6576  4.6371    .738  -.132   .683
  16.947   .656  -.7501  3.6581  4.6367    .739  -.131   .684
  16.937   .654  -.7473  3.6585  4.6362    .740  -.131   .684
  16.927   .653  -.7445  3.6590  4.6358    .741  -.130   .685
  16.917   .652  -.7417  3.6594  4.6353    .742  -.130   .686
  16.906   .651  -.7388  3.6599  4.6349    .743  -.129   .687
  16.896   .649  -.7360  3.6603  4.6344    .744  -.128   .688
  16.886   .648  -.7332  3.6608  4.6340    .745  -.128   .689
  16.876   .647  -.7304  3.6612  4.6336    .746  -.127   .689
  16.866   .646  -.7276  3.6617  4.6331    .747  -.127   .690
  16.856   .644  -.7249  3.6621  4.6327    .748  -.126   .691
  16.846   .643  -.7221  3.6626  4.6322    .749  -.126   .692
  16.836   .642  -.7193  3.6630  4.6318    .750  -.125   .693
  16.826   .641  -.7165  3.6634  4.6313    .751  -.124   .693
  16.816   .639  -.7137  3.6639  4.6309    .752  -.124   .694
  16.806   .638  -.7110  3.6643  4.6305    .753  -.123   .695
  16.796   .637  -.7082  3.6648  4.6300    .754  -.123   .696
  16.786   .636  -.7054  3.6652  4.6296    .755  -.122   .697
  16.776   .635  -.7027  3.6656  4.6291    .756  -.121   .698
  16.766   .633  -.6999  3.6661  4.6287    .757  -.121   .698
  16.756   .632  -.6972  3.6665  4.6283    .758  -.120   .699
  16.747   .631  -.6944  3.6670  4.6278    .759  -.120   .700
  16.737   .630  -.6917  3.6674  4.6274    .760  -.119   .701
  16.727   .629  -.6889  3.6678  4.6270    .761  -.119   .702
  16.717   .628  -.6862  3.6683  4.6265    .762  -.118   .702
  16.707   .627  -.6834  3.6687  4.6261    .763  -.117   .703
  16.698   .625  -.6807  3.6691  4.6257    .764  -.117   .704
  16.688   .624  -.6780  3.6696  4.6252    .765  -.116   .705
  16.678   .623  -.6752  3.6700  4.6248    .766  -.116   .706
  16.669   .622  -.6725  3.6704  4.6244    .767  -.115   .706
  16.659   .621  -.6698  3.6709  4.6239    .768  -.115   .707
  16.649   .620  -.6671  3.6713  4.6235    .769  -.114   .708
  16.640   .619  -.6644  3.6717  4.6231    .770  -.114   .709
  16.630   .618  -.6617  3.6722  4.6227    .771  -.113   .710
  16.621   .617  -.6590  3.6726  4.6222    .772  -.112   .710
  16.611   .616  -.6563  3.6730  4.6218    .773  -.112   .711
  16.601   .614  -.6536  3.6735  4.6214    .774  -.111   .712
  16.592   .613  -.6509  3.6739  4.6209    .775  -.111   .713
  16.582   .612  -.6482  3.6743  4.6205    .776  -.110   .714
  16.573   .611  -.6455  3.6747  4.6201    .777  -.110   .715
  16.564   .610  -.6428  3.6752  4.6197    .778  -.109   .715
  16.554   .609  -.6401  3.6756  4.6192    .779  -.108   .716
  16.545   .608  -.6374  3.6760  4.6188    .780  -.108   .717
  16.535   .607  -.6348  3.6764  4.6184    .781  -.107   .718
  16.526   .606  -.6321  3.6769  4.6180    .782  -.107   .719
  16.517   .605  -.6294  3.6773  4.6175    .783  -.106   .719
  16.507   .604  -.6268  3.6777  4.6171    .784  -.106   .720
  16.498   .603  -.6241  3.6781  4.6167    .785  -.105   .721
  16.489   .602  -.6214  3.6786  4.6163    .786  -.105   .722
  16.479   .601  -.6188  3.6790  4.6159    .787  -.104   .723
  16.470   .600  -.6161  3.6794  4.6154    .788  -.103   .723
  16.461   .599  -.6135  3.6798  4.6150    .789  -.103   .724
  16.452   .598  -.6108  3.6803  4.6146    .790  -.102   .725
  16.443   .597  -.6082  3.6807  4.6142    .791  -.102   .726
  16.433   .596  -.6056  3.6811  4.6138    .792  -.101   .727
  16.424   .595  -.6029  3.6815  4.6133    .793  -.101   .727
  16.415   .594  -.6003  3.6819  4.6129    .794  -.100   .728
  16.406   .593  -.5977  3.6824  4.6125    .795  -.100   .729
  16.397   .592  -.5950  3.6828  4.6121    .796  -.099   .730
  16.388   .591  -.5924  3.6832  4.6117    .797  -.099   .731
  16.379   .590  -.5898  3.6836  4.6113    .798  -.098   .732
  16.370   .589  -.5872  3.6840  4.6109    .799  -.097   .732
  16.361   .588  -.5846  3.6844  4.6104    .800  -.097   .733
  16.352   .587  -.5819  3.6849  4.6100    .801  -.096   .734
  16.342   .586  -.5792  3.6853  4.6095    .802  -.096   .735
  16.333   .585  -.5765  3.6857  4.6091    .803  -.095   .736
  16.324   .584  -.5739  3.6861  4.6086    .804  -.095   .736
  16.315   .583  -.5712  3.6866  4.6082    .805  -.094   .737
  16.306   .582  -.5686  3.6870  4.6077    .806  -.094   .738
  16.297   .581  -.5659  3.6874  4.6073    .807  -.093   .739
  16.288   .580  -.5633  3.6878  4.6068    .808  -.093   .740
  16.279   .579  -.5606  3.6882  4.6064    .809  -.092   .741
  16.270   .578  -.5580  3.6887  4.6060    .810  -.092   .742
  16.261   .577  -.5553  3.6891  4.6055    .811  -.091   .742
  16.252   .576  -.5527  3.6895  4.6051    .812  -.090   .743
  16.243   .575  -.5500  3.6899  4.6046    .813  -.090   .744
  16.234   .574  -.5474  3.6903  4.6042    .814  -.089   .745
  16.225   .573  -.5448  3.6907  4.6037    .815  -.089   .746
  16.216   .572  -.5421  3.6912  4.6033    .816  -.088   .747
  16.207   .571  -.5395  3.6916  4.6028    .817  -.088   .747
  16.198   .570  -.5369  3.6920  4.6024    .818  -.087   .748
  16.189   .569  -.5343  3.6924  4.6020    .819  -.087   .749
  16.181   .568  -.5317  3.6928  4.6015    .820  -.086   .750
  16.172   .567  -.5291  3.6932  4.6011    .821  -.086   .751
  16.163   .566  -.5265  3.6936  4.6006    .822  -.085   .752
  16.154   .565  -.5238  3.6940  4.6002    .823  -.085   .752
  16.146   .564  -.5212  3.6945  4.5998    .824  -.084   .753
  16.137   .563  -.5186  3.6949  4.5993    .825  -.084   .754
  16.128   .563  -.5161  3.6953  4.5989    .826  -.083   .755
  16.120   .562  -.5135  3.6957  4.5984    .827  -.082   .756
  16.111   .561  -.5109  3.6961  4.5980    .828  -.082   .757
  16.102   .560  -.5083  3.6965  4.5976    .829  -.081   .757
  16.094   .559  -.5057  3.6969  4.5971    .830  -.081   .758
  16.085   .558  -.5031  3.6973  4.5967    .831  -.080   .759
  16.077   .557  -.5005  3.6977  4.5963    .832  -.080   .760
  16.068   .556  -.4980  3.6981  4.5958    .833  -.079   .761
  16.059   .555  -.4954  3.6985  4.5954    .834  -.079   .762
  16.051   .554  -.4928  3.6989  4.5950    .835  -.078   .762
  16.042   .554  -.4903  3.6994  4.5945    .836  -.078   .763
  16.034   .553  -.4877  3.6998  4.5941    .837  -.077   .764
  16.026   .552  -.4851  3.7002  4.5937    .838  -.077   .765
  16.017   .551  -.4826  3.7006  4.5932    .839  -.076   .766
  16.009   .550  -.4800  3.7010  4.5928    .840  -.076   .767
  16.000   .549  -.4775  3.7014  4.5924    .841  -.075   .767
  15.992   .548  -.4749  3.7018  4.5919    .842  -.075   .768
  15.984   .547  -.4724  3.7022  4.5915    .843  -.074   .769
  15.975   .547  -.4699  3.7026  4.5911    .844  -.074   .770
  15.967   .546  -.4673  3.7030  4.5906    .845  -.073   .771
  15.959   .545  -.4648  3.7034  4.5902    .846  -.073   .772
  15.950   .544  -.4622  3.7038  4.5898    .847  -.072   .773
  15.942   .543  -.4597  3.7042  4.5894    .848  -.072   .773
  15.934   .542  -.4572  3.7046  4.5889    .849  -.071   .774
  15.926   .541  -.4547  3.7050  4.5885    .850  -.071   .775
  15.918   .541  -.4521  3.7054  4.5881    .851  -.070   .776
  15.909   .540  -.4496  3.7058  4.5877    .852  -.070   .777
  15.901   .539  -.4471  3.7062  4.5872    .853  -.069   .778
  15.893   .538  -.4446  3.7066  4.5868    .854  -.069   .778
  15.885   .537  -.4421  3.7070  4.5864    .855  -.068   .779
  15.877   .536  -.4396  3.7074  4.5860    .856  -.068   .780
  15.869   .536  -.4371  3.7078  4.5855    .857  -.067   .781
  15.861   .535  -.4346  3.7082  4.5851    .858  -.067   .782
  15.853   .534  -.4321  3.7086  4.5847    .859  -.066   .783
  15.845   .533  -.4296  3.7089  4.5843    .860  -.066   .783
  15.837   .532  -.4271  3.7093  4.5838    .861  -.065   .784
  15.829   .531  -.4246  3.7097  4.5834    .862  -.064   .785
  15.821   .531  -.4221  3.7101  4.5830    .863  -.064   .786
  15.813   .530  -.4196  3.7105  4.5826    .864  -.063   .787
  15.805   .529  -.4172  3.7109  4.5822    .865  -.063   .788
  15.797   .528  -.4147  3.7113  4.5817    .866  -.062   .788
  15.789   .527  -.4122  3.7117  4.5813    .867  -.062   .789
  15.781   .527  -.4097  3.7121  4.5809    .868  -.061   .790
  15.773   .526  -.4073  3.7125  4.5805    .869  -.061   .791
  15.765   .525  -.4048  3.7129  4.5801    .870  -.060   .792
  15.758   .524  -.4023  3.7133  4.5796    .871  -.060   .793
  15.750   .523  -.3999  3.7136  4.5792    .872  -.059   .793
  15.742   .522  -.3974  3.7140  4.5788    .873  -.059   .794
  15.734   .522  -.3950  3.7144  4.5784    .874  -.058   .795
  15.727   .521  -.3925  3.7148  4.5780    .875  -.058   .796
  15.719   .520  -.3901  3.7152  4.5776    .876  -.057   .797
  15.711   .519  -.3876  3.7156  4.5771    .877  -.057   .798
  15.703   .519  -.3852  3.7160  4.5767    .878  -.057   .798
  15.696   .518  -.3827  3.7164  4.5763    .879  -.056   .799
  15.688   .517  -.3803  3.7167  4.5759    .880  -.056   .800
  15.681   .516  -.3778  3.7171  4.5755    .881  -.055   .801
  15.673   .515  -.3754  3.7175  4.5751    .882  -.055   .802
  15.665   .515  -.3730  3.7179  4.5747    .883  -.054   .803
  15.658   .514  -.3705  3.7183  4.5743    .884  -.054   .803
  15.650   .513  -.3681  3.7187  4.5738    .885  -.053   .804
  15.643   .512  -.3657  3.7190  4.5734    .886  -.053   .805
  15.635   .511  -.3633  3.7194  4.5730    .887  -.052   .806
  15.628   .511  -.3609  3.7198  4.5726    .888  -.052   .807
  15.620   .510  -.3583  3.7202  4.5721    .889  -.051   .808
  15.612   .509  -.3556  3.7206  4.5716    .890  -.051   .809
  15.603   .508  -.3530  3.7210  4.5710    .891  -.050   .810
  15.595   .507  -.3503  3.7214  4.5705    .892  -.050   .811
  15.587   .507  -.3477  3.7218  4.5700    .893  -.049   .812
  15.579   .506  -.3450  3.7223  4.5694    .894  -.049   .812
  15.571   .505  -.3424  3.7227  4.5689    .895  -.048   .813
  15.563   .504  -.3397  3.7231  4.5683    .896  -.048   .814
  15.555   .503  -.3371  3.7235  4.5678    .897  -.047   .815
  15.547   .503  -.3344  3.7239  4.5672    .898  -.047   .816
  15.539   .502  -.3318  3.7243  4.5667    .899  -.046   .817
  15.531   .501  -.3292  3.7247  4.5661    .900  -.046   .818
  15.523   .500  -.3266  3.7250  4.5654    .901  -.045   .819
  15.516   .500  -.3240  3.7254  4.5647    .902  -.045   .821
  15.508   .499  -.3215  3.7257  4.5640    .903  -.044   .822
  15.501   .498  -.3189  3.7261  4.5633    .904  -.044   .823
  15.493   .498  -.3163  3.7264  4.5626    .905  -.043   .824
  15.486   .497  -.3138  3.7268  4.5619    .906  -.043   .825
  15.478   .496  -.3112  3.7271  4.5611    .907  -.042   .826
  15.471   .495  -.3087  3.7274  4.5604    .908  -.042   .827
  15.463   .495  -.3061  3.7278  4.5597    .909  -.041   .828
  15.456   .494  -.3036  3.7281  4.5590    .910  -.041   .830
  15.448   .493  -.3010  3.7285  4.5583    .911  -.040   .831
  15.441   .493  -.2985  3.7288  4.5576    .912  -.040   .832
  15.434   .492  -.2960  3.7291  4.5569    .913  -.040   .833
  15.426   .491  -.2934  3.7295  4.5562    .914  -.039   .834
  15.419   .491  -.2909  3.7298  4.5555    .915  -.039   .835
  15.412   .490  -.2884  3.7302  4.5548    .916  -.038   .836
  15.404   .489  -.2858  3.7305  4.5541    .917  -.038   .838
  15.397   .489  -.2833  3.7308  4.5534    .918  -.037   .839
  15.390   .488  -.2808  3.7312  4.5527    .919  -.037   .840
  15.382   .487  -.2783  3.7315  4.5519    .920  -.036   .841
  15.375   .487  -.2758  3.7319  4.5512    .921  -.036   .842
  15.368   .486  -.2732  3.7322  4.5505    .922  -.035   .843
  15.360   .485  -.2707  3.7325  4.5498    .923  -.035   .844
  15.353   .485  -.2682  3.7329  4.5491    .924  -.034   .846
  15.346   .484  -.2657  3.7332  4.5484    .925  -.034   .847
  15.339   .483  -.2632  3.7335  4.5477    .926  -.033   .848
  15.332   .483  -.2607  3.7339  4.5470    .927  -.033   .849
  15.324   .482  -.2582  3.7342  4.5463    .928  -.032   .850
  15.317   .482  -.2557  3.7345  4.5456    .929  -.032   .851
  15.310   .481  -.2532  3.7349  4.5449    .930  -.032   .852
  15.303   .480  -.2507  3.7352  4.5443    .931  -.031   .854
  15.296   .480  -.2482  3.7355  4.5436    .932  -.031   .855
  15.289   .479  -.2457  3.7359  4.5429    .933  -.030   .856
  15.281   .478  -.2433  3.7362  4.5422    .934  -.030   .857
  15.274   .478  -.2408  3.7365  4.5415    .935  -.029   .858
  15.267   .477  -.2383  3.7369  4.5408    .936  -.029   .859
  15.260   .476  -.2358  3.7372  4.5401    .937  -.028   .860
  15.253   .476  -.2334  3.7375  4.5394    .938  -.028   .862
  15.246   .475  -.2309  3.7379  4.5387    .939  -.027   .863
  15.239   .474  -.2284  3.7382  4.5380    .940  -.027   .864
  15.232   .474  -.2259  3.7385  4.5373    .941  -.026   .865
  15.225   .473  -.2235  3.7389  4.5366    .942  -.026   .866
  15.218   .472  -.2210  3.7392  4.5359    .943  -.025   .867
  15.211   .472  -.2186  3.7395  4.5353    .944  -.025   .868
  15.204   .471  -.2161  3.7399  4.5346    .945  -.025   .870
  15.197   .470  -.2137  3.7402  4.5339    .946  -.024   .871
  15.189   .470  -.2112  3.7405  4.5332    .947  -.024   .872
  15.182   .469  -.2088  3.7408  4.5325    .948  -.023   .873
  15.175   .469  -.2063  3.7412  4.5318    .949  -.023   .874
  15.169   .468  -.2039  3.7415  4.5311    .950  -.022   .875
  15.162   .467  -.2014  3.7418  4.5304    .951  -.022   .876
  15.155   .467  -.1990  3.7421  4.5298    .952  -.021   .878
  15.148   .466  -.1965  3.7425  4.5291    .953  -.021   .879
  15.141   .465  -.1941  3.7428  4.5284    .954  -.020   .880
  15.134   .465  -.1917  3.7431  4.5277    .955  -.020   .881
  15.127   .464  -.1893  3.7435  4.5270    .956  -.020   .882
  15.120   .463  -.1868  3.7438  4.5264    .957  -.019   .883
  15.113   .463  -.1844  3.7441  4.5257    .958  -.019   .885
  15.106   .462  -.1820  3.7444  4.5250    .959  -.018   .886
  15.099   .461  -.1796  3.7447  4.5243    .960  -.018   .887
  15.092   .461  -.1771  3.7451  4.5236    .961  -.017   .888
  15.086   .460  -.1747  3.7454  4.5230    .962  -.017   .889
  15.079   .460  -.1723  3.7457  4.5223    .963  -.016   .890
  15.072   .459  -.1699  3.7460  4.5216    .964  -.016   .891
  15.065   .458  -.1675  3.7464  4.5209    .965  -.015   .893
  15.058   .458  -.1651  3.7467  4.5202    .966  -.015   .894
  15.051   .457  -.1627  3.7470  4.5196    .967  -.015   .895
  15.045   .456  -.1603  3.7473  4.5189    .968  -.014   .896
  15.038   .456  -.1579  3.7476  4.5182    .969  -.014   .897
  15.031   .455  -.1555  3.7480  4.5176    .970  -.013   .898
  15.024   .454  -.1531  3.7483  4.5169    .971  -.013   .900
  15.018   .454  -.1507  3.7486  4.5162    .972  -.012   .901
  15.011   .453  -.1483  3.7489  4.5155    .973  -.012   .902
  15.004   .453  -.1459  3.7492  4.5149    .974  -.011   .903
  14.997   .452  -.1435  3.7496  4.5142    .975  -.011   .904
  14.991   .451  -.1412  3.7499  4.5135    .976  -.011   .905
  14.984   .451  -.1388  3.7502  4.5128    .977  -.010   .907
  14.977   .450  -.1364  3.7505  4.5122    .978  -.010   .908
  14.971   .449  -.1340  3.7508  4.5115    .979  -.009   .909
  14.964   .449  -.1316  3.7512  4.5108    .980  -.009   .910
  14.957   .448  -.1293  3.7515  4.5102    .981  -.008   .911
  14.951   .448  -.1269  3.7518  4.5095    .982  -.008   .912
  14.944   .447  -.1245  3.7521  4.5088    .983  -.007   .914
  14.937   .446  -.1222  3.7524  4.5082    .984  -.007   .915
  14.931   .446  -.1198  3.7527  4.5075    .985  -.007   .916
  14.924   .445  -.1174  3.7531  4.5068    .986  -.006   .917
  14.918   .444  -.1151  3.7534  4.5062    .987  -.006   .918
  14.911   .444  -.1127  3.7537  4.5055    .988  -.005   .919
  14.904   .443  -.1104  3.7540  4.5048    .989  -.005   .921
  14.898   .443  -.1080  3.7543  4.5042    .990  -.004   .922
  14.891   .442  -.1057  3.7546  4.5035    .991  -.004   .923
  14.885   .441  -.1033  3.7549  4.5029    .992  -.003   .924
  14.878   .441  -.1010  3.7553  4.5022    .993  -.003   .925
  14.872   .440  -.0986  3.7556  4.5015    .994  -.003   .926
  14.865   .439  -.0963  3.7559  4.5009    .995  -.002   .928
  14.859   .439  -.0940  3.7562  4.5002    .996  -.002   .929
  14.852   .438  -.0916  3.7565  4.4996    .997  -.001   .930
  14.846   .438  -.0893  3.7568  4.4989    .998  -.001   .931
  14.839   .437  -.0870  3.7571  4.4982    .999   .000   .932
  14.833   .436  -.0846  3.7574  4.4976   1.000   .000   .933
  14.826   .436  -.0822  3.7577  4.4967   1.001   .000   .935
  14.819   .435  -.0798  3.7580  4.4958   1.002   .001   .936
  14.813   .435  -.0774  3.7582  4.4949   1.003   .001   .938
  14.806   .434  -.0750  3.7585  4.4940   1.004   .002   .939
  14.800   .434  -.0726  3.7587  4.4931   1.005   .002   .941
  14.793   .433  -.0702  3.7590  4.4922   1.006   .003   .942
  14.787   .433  -.0678  3.7592  4.4913   1.007   .003   .944
  14.780   .432  -.0654  3.7595  4.4903   1.008   .003   .945
  14.774   .432  -.0629  3.7598  4.4894   1.009   .004   .946
  14.767   .431  -.0605  3.7600  4.4885   1.010   .004   .948
  14.761   .431  -.0581  3.7603  4.4876   1.011   .005   .949
  14.754   .430  -.0557  3.7605  4.4867   1.012   .005   .951
  14.748   .429  -.0534  3.7608  4.4858   1.013   .006   .952
  14.741   .429  -.0510  3.7610  4.4849   1.014   .006   .954
  14.735   .428  -.0486  3.7613  4.4840   1.015   .006   .955
  14.728   .428  -.0462  3.7615  4.4831   1.016   .007   .957
  14.722   .427  -.0438  3.7618  4.4822   1.017   .007   .958
  14.715   .427  -.0414  3.7621  4.4813   1.018   .008   .960
  14.709   .426  -.0390  3.7623  4.4804   1.019   .008   .961
  14.702   .426  -.0366  3.7626  4.4795   1.020   .009   .963
  14.696   .425  -.0342  3.7628  4.4786   1.021   .009   .964
  14.689   .425  -.0319  3.7631  4.4777   1.022   .009   .966
  14.683   .424  -.0295  3.7633  4.4768   1.023   .010   .967
  14.677   .424  -.0271  3.7636  4.4758   1.024   .010   .968
  14.670   .423  -.0247  3.7638  4.4749   1.025   .011   .970
  14.664   .423  -.0223  3.7641  4.4740   1.026   .011   .971
  14.657   .422  -.0200  3.7643  4.4731   1.027   .012   .973
  14.651   .422  -.0176  3.7646  4.4722   1.028   .012   .974
  14.644   .421  -.0152  3.7648  4.4713   1.029   .012   .976
  14.638   .421  -.0129  3.7651  4.4704   1.030   .013   .977
  14.632   .420  -.0105  3.7653  4.4695   1.031   .013   .979
  14.625   .420  -.0081  3.7656  4.4686   1.032   .014   .980
  14.619   .419  -.0058  3.7658  4.4677   1.033   .014   .982
  14.613   .419  -.0034  3.7661  4.4668   1.034   .015   .983
  14.606   .418  -.0010  3.7663  4.4659   1.035   .015   .985
  14.600   .418   .0013  3.7666  4.4649   1.036   .015   .986
  14.594   .417   .0037  3.7668  4.4640   1.037   .016   .988
  14.587   .416   .0061  3.7671  4.4631   1.038   .016   .989
  14.581   .416   .0084  3.7673  4.4622   1.039   .017   .991
  14.575   .415   .0108  3.7676  4.4613   1.040   .017   .992
  14.568   .415   .0131  3.7678  4.4604   1.041   .017   .994
  14.562   .414   .0155  3.7681  4.4595   1.042   .018   .996
  14.556   .414   .0178  3.7683  4.4586   1.043   .018   .997
  14.549   .413   .0202  3.7686  4.4576   1.044   .019   .999
  14.543   .413   .0225  3.7688  4.4567   1.045   .019  1.000
  14.537   .412   .0249  3.7691  4.4558   1.046   .020  1.002
  14.530   .412   .0272  3.7693  4.4549   1.047   .020  1.003
  14.524   .411   .0296  3.7695  4.4540   1.048   .020  1.005
  14.518   .411   .0319  3.7698  4.4531   1.049   .021  1.006
  14.512   .410   .0342  3.7700  4.4522   1.050   .021  1.008
  14.505   .410   .0366  3.7703  4.4512   1.051   .022  1.009
  14.499   .409   .0389  3.7705  4.4503   1.052   .022  1.011
  14.493   .409   .0413  3.7708  4.4494   1.053   .022  1.012
  14.487   .408   .0436  3.7710  4.4485   1.054   .023  1.014
  14.480   .408   .0459  3.7713  4.4476   1.055   .023  1.016
  14.474   .407   .0483  3.7715  4.4467   1.056   .024  1.017
  14.468   .407   .0506  3.7717  4.4458   1.057   .024  1.019
  14.462   .406   .0529  3.7720  4.4448   1.058   .024  1.020
  14.455   .406   .0553  3.7722  4.4439   1.059   .025  1.022
  14.449   .405   .0576  3.7725  4.4430   1.060   .025  1.023
  14.443   .405   .0599  3.7727  4.4421   1.061   .026  1.025
  14.437   .404   .0622  3.7730  4.4412   1.062   .026  1.026
  14.431   .404   .0646  3.7732  4.4402   1.063   .027  1.028
  14.424   .403   .0669  3.7734  4.4393   1.064   .027  1.030
  14.418   .403   .0692  3.7737  4.4384   1.065   .027  1.031
  14.412   .402   .0715  3.7739  4.4375   1.066   .028  1.033
  14.406   .401   .0739  3.7742  4.4366   1.067   .028  1.034
  14.400   .401   .0762  3.7744  4.4356   1.068   .029  1.036
  14.394   .400   .0785  3.7746  4.4347   1.069   .029  1.038
  14.387   .400   .0808  3.7749  4.4338   1.070   .029  1.039
  14.381   .399   .0831  3.7751  4.4329   1.071   .030  1.041
  14.375   .399   .0854  3.7754  4.4319   1.072   .030  1.042
  14.369   .398   .0877  3.7756  4.4310   1.073   .031  1.044
  14.363   .398   .0901  3.7758  4.4301   1.074   .031  1.045
  14.357   .397   .0924  3.7761  4.4292   1.075   .031  1.047
  14.351   .397   .0947  3.7763  4.4282   1.076   .032  1.049
  14.344   .396   .0970  3.7765  4.4273   1.077   .032  1.050
  14.338   .396   .0993  3.7768  4.4264   1.078   .033  1.052
  14.332   .395   .1016  3.7770  4.4255   1.079   .033  1.054
  14.326   .395   .1039  3.7773  4.4245   1.080   .033  1.055
  14.320   .394   .1062  3.7775  4.4236   1.081   .034  1.057
  14.314   .394   .1085  3.7777  4.4227   1.082   .034  1.058
  14.308   .393   .1108  3.7780  4.4217   1.083   .035  1.060
  14.302   .393   .1131  3.7782  4.4208   1.084   .035  1.062
  14.296   .392   .1154  3.7784  4.4199   1.085   .035  1.063
  14.289   .392   .1177  3.7787  4.4190   1.086   .036  1.065
  14.283   .391   .1200  3.7789  4.4180   1.087   .036  1.067
  14.277   .391   .1223  3.7791  4.4171   1.088   .037  1.068
  14.271   .390   .1246  3.7794  4.4162   1.089   .037  1.070
  14.265   .390   .1269  3.7796  4.4152   1.090   .037  1.071
  14.259   .389   .1292  3.7798  4.4143   1.091   .038  1.073
  14.253   .389   .1315  3.7801  4.4134   1.092   .038  1.075
  14.247   .388   .1338  3.7803  4.4124   1.093   .039  1.076
  14.241   .387   .1361  3.7805  4.4115   1.094   .039  1.078
  14.235   .387   .1384  3.7808  4.4105   1.095   .039  1.080
  14.229   .386   .1406  3.7810  4.4096   1.096   .040  1.081
  14.223   .386   .1429  3.7812  4.4087   1.097   .040  1.083
  14.217   .385   .1452  3.7815  4.4077   1.098   .041  1.085
  14.211   .385   .1475  3.7817  4.4068   1.099   .041  1.086
  14.205   .384   .1498  3.7819  4.4059   1.100   .041  1.088
  14.199   .384   .1520  3.7822  4.4049   1.101   .042  1.090
  14.193   .383   .1542  3.7824  4.4040   1.102   .042  1.091
  14.187   .383   .1565  3.7826  4.4030   1.103   .043  1.093
  14.181   .382   .1587  3.7828  4.4021   1.104   .043  1.095
  14.175   .382   .1609  3.7831  4.4011   1.105   .043  1.096
  14.170   .381   .1631  3.7833  4.4002   1.106   .044  1.098
  14.164   .381   .1653  3.7835  4.3993   1.107   .044  1.100
  14.158   .380   .1675  3.7837  4.3983   1.108   .045  1.101
  14.152   .380   .1697  3.7839  4.3974   1.109   .045  1.103
  14.146   .379   .1720  3.7842  4.3964   1.110   .045  1.105
  14.141   .379   .1742  3.7844  4.3955   1.111   .046  1.107
  14.135   .378   .1764  3.7846  4.3946   1.112   .046  1.108
  14.129   .378   .1786  3.7848  4.3936   1.113   .046  1.110
  14.123   .377   .1808  3.7850  4.3927   1.114   .047  1.112
  14.118   .377   .1830  3.7852  4.3917   1.115   .047  1.113
  14.112   .376   .1852  3.7855  4.3908   1.116   .048  1.115
  14.106   .376   .1874  3.7857  4.3898   1.117   .048  1.117
  14.100   .375   .1896  3.7859  4.3889   1.118   .048  1.118
  14.094   .375   .1917  3.7861  4.3880   1.119   .049  1.120
  14.089   .374   .1939  3.7863  4.3870   1.120   .049  1.122
  14.083   .374   .1961  3.7865  4.3861   1.121   .050  1.124
  14.077   .373   .1983  3.7868  4.3851   1.122   .050  1.125
  14.072   .373   .2005  3.7870  4.3842   1.123   .050  1.127
  14.066   .372   .2027  3.7872  4.3833   1.124   .051  1.129
  14.060   .372   .2048  3.7874  4.3823   1.125   .051  1.131
  14.054   .372   .2070  3.7876  4.3814   1.126   .052  1.132
  14.049   .371   .2092  3.7878  4.3804   1.127   .052  1.134
  14.043   .371   .2114  3.7880  4.3795   1.128   .052  1.136
  14.037   .370   .2135  3.7883  4.3785   1.129   .053  1.137
  14.032   .370   .2157  3.7885  4.3776   1.130   .053  1.139
  14.026   .369   .2179  3.7887  4.3767   1.131   .053  1.141
  14.020   .369   .2200  3.7889  4.3757   1.132   .054  1.143
  14.015   .368   .2222  3.7891  4.3748   1.133   .054  1.144
  14.009   .368   .2244  3.7893  4.3738   1.134   .055  1.146
  14.003   .367   .2265  3.7895  4.3729   1.135   .055  1.148
  13.998   .367   .2287  3.7897  4.3720   1.136   .055  1.150
  13.992   .366   .2308  3.7899  4.3710   1.137   .056  1.151
  13.987   .366   .2330  3.7902  4.3701   1.138   .056  1.153
  13.981   .365   .2351  3.7904  4.3691   1.139   .057  1.155
  13.975   .365   .2373  3.7906  4.3682   1.140   .057  1.157
  13.970   .364   .2394  3.7908  4.3672   1.141   .057  1.158
  13.964   .364   .2416  3.7910  4.3663   1.142   .058  1.160
  13.959   .364   .2437  3.7912  4.3654   1.143   .058  1.162
  13.953   .363   .2459  3.7914  4.3644   1.144   .058  1.164
  13.947   .363   .2480  3.7916  4.3635   1.145   .059  1.166
  13.942   .362   .2501  3.7918  4.3625   1.146   .059  1.167
  13.936   .362   .2523  3.7920  4.3616   1.147   .060  1.169
  13.931   .361   .2544  3.7922  4.3606   1.148   .060  1.171
  13.925   .361   .2565  3.7924  4.3597   1.149   .060  1.173
  13.920   .360   .2587  3.7926  4.3588   1.150   .061  1.174
  13.914   .360   .2608  3.7928  4.3578   1.151   .061  1.176
  13.908   .359   .2629  3.7930  4.3569   1.152   .061  1.178
  13.903   .359   .2650  3.7932  4.3559   1.153   .062  1.180
  13.897   .359   .2672  3.7934  4.3550   1.154   .062  1.182
  13.892   .358   .2693  3.7936  4.3540   1.155   .063  1.183
  13.886   .358   .2714  3.7938  4.3531   1.156   .063  1.185
  13.881   .357   .2735  3.7940  4.3522   1.157   .063  1.187
  13.875   .357   .2756  3.7943  4.3512   1.158   .064  1.189
  13.870   .356   .2778  3.7945  4.3503   1.159   .064  1.191
  13.864   .356   .2799  3.7947  4.3493   1.160   .064  1.192
  13.859   .355   .2820  3.7949  4.3484   1.161   .065  1.194
  13.853   .355   .2841  3.7951  4.3474   1.162   .065  1.196
  13.847   .355   .2864  3.7952  4.3463   1.163   .066  1.198
  13.841   .354   .2887  3.7954  4.3451   1.164   .066  1.200
  13.836   .354   .2910  3.7956  4.3439   1.165   .066  1.203
  13.830   .353   .2933  3.7958  4.3427   1.166   .067  1.205
  13.824   .353   .2956  3.7960  4.3415   1.167   .067  1.207
  13.818   .353   .2979  3.7962  4.3403   1.168   .067  1.209
  13.812   .352   .3002  3.7964  4.3391   1.169   .068  1.211
  13.806   .352   .3025  3.7966  4.3379   1.170   .068  1.213
  13.800   .352   .3048  3.7967  4.3367   1.171   .069  1.216
  13.794   .351   .3071  3.7969  4.3355   1.172   .069  1.218
  13.788   .351   .3094  3.7971  4.3342   1.173   .069  1.220
  13.782   .350   .3117  3.7973  4.3330   1.174   .070  1.222
  13.776   .350   .3139  3.7975  4.3318   1.175   .070  1.225
  13.770   .350   .3162  3.7977  4.3306   1.176   .070  1.227
  13.764   .349   .3185  3.7978  4.3294   1.177   .071  1.229
  13.759   .349   .3208  3.7980  4.3282   1.178   .071  1.231
  13.753   .349   .3231  3.7982  4.3270   1.179   .072  1.233
  13.747   .348   .3253  3.7984  4.3258   1.180   .072  1.236
  13.741   .348   .3276  3.7986  4.3246   1.181   .072  1.238
  13.735   .347   .3299  3.7987  4.3233   1.182   .073  1.240
  13.729   .347   .3322  3.7989  4.3221   1.183   .073  1.242
  13.723   .347   .3344  3.7991  4.3209   1.184   .073  1.245
  13.717   .346   .3367  3.7993  4.3197   1.185   .074  1.247
  13.712   .346   .3390  3.7994  4.3185   1.186   .074  1.249
  13.706   .346   .3412  3.7996  4.3172   1.187   .074  1.252
  13.700   .345   .3435  3.7998  4.3160   1.188   .075  1.254
  13.694   .345   .3457  3.7999  4.3148   1.189   .075  1.256
  13.688   .345   .3480  3.8001  4.3136   1.190   .076  1.258
  13.683   .344   .3502  3.8003  4.3123   1.191   .076  1.261
  13.677   .344   .3525  3.8005  4.3111   1.192   .076  1.263
  13.671   .344   .3547  3.8006  4.3099   1.193   .077  1.265
  13.665   .343   .3570  3.8008  4.3087   1.194   .077  1.268
  13.659   .343   .3592  3.8010  4.3074   1.195   .077  1.270
  13.654   .343   .3615  3.8011  4.3062   1.196   .078  1.272
  13.648   .342   .3637  3.8013  4.3050   1.197   .078  1.275
  13.642   .342   .3660  3.8015  4.3037   1.198   .078  1.277
  13.636   .342   .3682  3.8016  4.3025   1.199   .079  1.279
  13.631   .341   .3704  3.8018  4.3013   1.200   .079  1.282
  13.626   .341   .3724  3.8020  4.3004   1.201   .080  1.284
  13.621   .341   .3743  3.8021  4.2996   1.202   .080  1.285
  13.616   .340   .3762  3.8023  4.2988   1.203   .080  1.287
  13.611   .340   .3781  3.8025  4.2979   1.204   .081  1.289
  13.606   .340   .3800  3.8027  4.2971   1.205   .081  1.291
  13.601   .339   .3819  3.8029  4.2963   1.206   .081  1.292
  13.596   .339   .3838  3.8030  4.2954   1.207   .082  1.294
  13.591   .339   .3857  3.8032  4.2946   1.208   .082  1.296
  13.586   .338   .3876  3.8034  4.2938   1.209   .082  1.298
  13.581   .338   .3895  3.8036  4.2930   1.210   .083  1.299
  13.576   .337   .3914  3.8038  4.2922   1.211   .083  1.301
  13.572   .337   .3933  3.8039  4.2913   1.212   .084  1.303
  13.567   .337   .3951  3.8041  4.2905   1.213   .084  1.305
  13.562   .336   .3970  3.8043  4.2897   1.214   .084  1.306
  13.557   .336   .3989  3.8045  4.2889   1.215   .085  1.308
  13.552   .336   .4008  3.8047  4.2881   1.216   .085  1.310
  13.547   .335   .4026  3.8048  4.2873   1.217   .085  1.312
  13.542   .335   .4045  3.8050  4.2865   1.218   .086  1.313
  13.538   .335   .4063  3.8052  4.2857   1.219   .086  1.315
  13.533   .334   .4082  3.8054  4.2849   1.220   .086  1.317
  13.528   .334   .4101  3.8055  4.2842   1.221   .087  1.319
  13.523   .334   .4119  3.8057  4.2834   1.222   .087  1.320
  13.519   .333   .4137  3.8059  4.2826   1.223   .087  1.322
  13.514   .333   .4156  3.8061  4.2818   1.224   .088  1.324
  13.509   .333   .4174  3.8063  4.2810   1.225   .088  1.326
  13.504   .332   .4193  3.8064  4.2803   1.226   .088  1.327
  13.500   .332   .4211  3.8066  4.2795   1.227   .089  1.329
  13.495   .331   .4229  3.8068  4.2787   1.228   .089  1.331
  13.490   .331   .4247  3.8070  4.2780   1.229   .090  1.332
  13.485   .331   .4266  3.8071  4.2772   1.230   .090  1.334
  13.481   .330   .4284  3.8073  4.2764   1.231   .090  1.336
  13.476   .330   .4302  3.8075  4.2757   1.232   .091  1.338
  13.471   .330   .4320  3.8077  4.2749   1.233   .091  1.339
  13.467   .329   .4338  3.8078  4.2742   1.234   .091  1.341
  13.462   .329   .4356  3.8080  4.2734   1.235   .092  1.343
  13.457   .329   .4374  3.8082  4.2727   1.236   .092  1.344
  13.453   .328   .4392  3.8084  4.2720   1.237   .092  1.346
  13.448   .328   .4410  3.8085  4.2712   1.238   .093  1.348
  13.443   .328   .4428  3.8087  4.2704   1.239   .093  1.350
  13.438   .327   .4448  3.8088  4.2692   1.240   .093  1.352
  13.433   .327   .4467  3.8089  4.2681   1.241   .094  1.354
  13.428   .327   .4487  3.8091  4.2670   1.242   .094  1.356
  13.423   .327   .4506  3.8092  4.2659   1.243   .094  1.359
  13.418   .326   .4526  3.8093  4.2648   1.244   .095  1.361
  13.414   .326   .4545  3.8095  4.2637   1.245   .095  1.363
  13.409   .326   .4564  3.8096  4.2626   1.246   .096  1.366
  13.404   .326   .4584  3.8097  4.2615   1.247   .096  1.368
  13.399   .325   .4603  3.8098  4.2604   1.248   .096  1.370
  13.394   .325   .4622  3.8100  4.2593   1.249   .097  1.372
  13.389   .325   .4642  3.8101  4.2582   1.250   .097  1.375
  13.384   .325   .4661  3.8102  4.2571   1.251   .097  1.377
  13.379   .324   .4680  3.8103  4.2560   1.252   .098  1.379
  13.374   .324   .4700  3.8105  4.2549   1.253   .098  1.382
  13.369   .324   .4719  3.8106  4.2538   1.254   .098  1.384
  13.364   .324   .4738  3.8107  4.2528   1.255   .099  1.386
  13.359   .323   .4757  3.8108  4.2517   1.256   .099  1.388
  13.354   .323   .4776  3.8110  4.2506   1.257   .099  1.391
  13.349   .323   .4795  3.8111  4.2495   1.258   .100  1.393
  13.345   .323   .4814  3.8112  4.2485   1.259   .100  1.395
  13.340   .322   .4834  3.8113  4.2474   1.260   .100  1.397
  13.335   .322   .4853  3.8115  4.2463   1.261   .101  1.400
  13.330   .322   .4872  3.8116  4.2453   1.262   .101  1.402
  13.325   .322   .4891  3.8117  4.2442   1.263   .101  1.404
  13.320   .321   .4909  3.8118  4.2432   1.264   .102  1.407
  13.315   .321   .4928  3.8120  4.2421   1.265   .102  1.409
  13.311   .321   .4947  3.8121  4.2411   1.266   .102  1.411
  13.306   .321   .4966  3.8122  4.2400   1.267   .103  1.413
  13.301   .320   .4985  3.8123  4.2390   1.268   .103  1.416
  13.296   .320   .5004  3.8125  4.2379   1.269   .103  1.418
  13.291   .320   .5023  3.8126  4.2369   1.270   .104  1.420
  13.287   .320   .5041  3.8127  4.2359   1.271   .104  1.422
  13.282   .319   .5060  3.8129  4.2348   1.272   .104  1.425
  13.277   .319   .5079  3.8130  4.2338   1.273   .105  1.427
  13.272   .319   .5097  3.8131  4.2328   1.274   .105  1.429
  13.267   .319   .5116  3.8132  4.2318   1.275   .106  1.431
  13.263   .318   .5135  3.8134  4.2308   1.276   .106  1.434
  13.258   .318   .5153  3.8135  4.2297   1.277   .106  1.436
  13.253   .318   .5172  3.8136  4.2287   1.278   .107  1.438
  13.248   .317   .5190  3.8137  4.2277   1.279   .107  1.440
  13.244   .317   .5209  3.8139  4.2267   1.280   .107  1.442
  13.239   .317   .5227  3.8140  4.2257   1.281   .108  1.445
  13.234   .317   .5245  3.8141  4.2247   1.282   .108  1.447
  13.230   .316   .5264  3.8142  4.2237   1.283   .108  1.449
  13.225   .316   .5282  3.8144  4.2228   1.284   .109  1.451
  13.220   .316   .5300  3.8145  4.2218   1.285   .109  1.454
  13.216   .316   .5319  3.8146  4.2208   1.286   .109  1.456
  13.211   .315   .5337  3.8148  4.2198   1.287   .110  1.458
  13.206   .315   .5355  3.8149  4.2189   1.288   .110  1.460
  13.201   .315   .5374  3.8149  4.2175   1.289   .110  1.463
  13.197   .315   .5393  3.8149  4.2160   1.290   .111  1.466
  13.192   .315   .5411  3.8150  4.2145   1.291   .111  1.469
  13.187   .315   .5430  3.8150  4.2131   1.292   .111  1.472
  13.183   .315   .5449  3.8150  4.2116   1.293   .112  1.475
  13.178   .315   .5468  3.8150  4.2102   1.294   .112  1.478
  13.173   .315   .5486  3.8151  4.2088   1.295   .112  1.481
  13.168   .314   .5505  3.8151  4.2073   1.296   .113  1.484
  13.164   .314   .5524  3.8151  4.2059   1.297   .113  1.487
  13.159   .314   .5543  3.8151  4.2044   1.298   .113  1.490
  13.154   .314   .5561  3.8152  4.2030   1.299   .114  1.493
  13.149   .314   .5580  3.8152  4.2016   1.300   .114  1.496
  13.145   .314   .5596  3.8152  4.2004   1.301   .114  1.499
  13.141   .314   .5613  3.8153  4.1993   1.302   .115  1.502
  13.137   .314   .5629  3.8153  4.1981   1.303   .115  1.504
  13.133   .314   .5645  3.8154  4.1969   1.304   .115  1.507
  13.129   .314   .5661  3.8154  4.1958   1.305   .116  1.509
  13.125   .314   .5678  3.8154  4.1946   1.306   .116  1.512
  13.121   .314   .5694  3.8155  4.1935   1.307   .116  1.514
  13.117   .313   .5710  3.8155  4.1923   1.308   .117  1.517
  13.112   .313   .5726  3.8155  4.1912   1.309   .117  1.520
  13.108   .313   .5743  3.8156  4.1900   1.310   .117  1.522
  13.104   .313   .5759  3.8156  4.1889   1.311   .118  1.525
  13.100   .313   .5775  3.8156  4.1877   1.312   .118  1.527
  13.096   .313   .5791  3.8157  4.1866   1.313   .118  1.530
  13.092   .313   .5807  3.8157  4.1854   1.314   .119  1.533
  13.088   .313   .5823  3.8157  4.1842   1.315   .119  1.535
  13.084   .313   .5840  3.8158  4.1831   1.316   .119  1.538
  13.080   .313   .5856  3.8158  4.1819   1.317   .120  1.541
  13.076   .313   .5872  3.8158  4.1808   1.318   .120  1.543
  13.072   .313   .5888  3.8159  4.1796   1.319   .120  1.546
  13.068   .312   .5904  3.8159  4.1785   1.320   .121  1.549
  13.064   .312   .5920  3.8159  4.1773   1.321   .121  1.551
  13.059   .312   .5936  3.8160  4.1762   1.322   .121  1.554
  13.055   .312   .5952  3.8160  4.1750   1.323   .122  1.556
  13.051   .312   .5968  3.8160  4.1738   1.324   .122  1.559
  13.047   .312   .5984  3.8161  4.1727   1.325   .122  1.562
  13.043   .312   .6000  3.8161  4.1715   1.326   .123  1.564
  13.039   .312   .6016  3.8161  4.1704   1.327   .123  1.567
  13.035   .312   .6032  3.8162  4.1692   1.328   .123  1.570
  13.031   .312   .6048  3.8162  4.1680   1.329   .124  1.573
  13.027   .312   .6064  3.8162  4.1669   1.330   .124  1.575
  13.023   .312   .6080  3.8162  4.1657   1.331   .124  1.578
  13.019   .312   .6095  3.8163  4.1646   1.332   .125  1.581
  13.015   .312   .6111  3.8163  4.1634   1.333   .125  1.583
  13.011   .311   .6127  3.8163  4.1623   1.334   .125  1.586
  13.007   .311   .6143  3.8164  4.1611   1.335   .125  1.589
  13.003   .311   .6159  3.8164  4.1599   1.336   .126  1.591
  12.999   .311   .6175  3.8164  4.1588   1.337   .126  1.594
  12.995   .311   .6190  3.8164  4.1576   1.338   .126  1.597
  12.991   .311   .6206  3.8165  4.1564   1.339   .127  1.600
  12.987   .311   .6222  3.8165  4.1553   1.340   .127  1.602
  12.983   .311   .6238  3.8165  4.1541   1.341   .127  1.605
  12.979   .311   .6254  3.8165  4.1530   1.342   .128  1.608
  12.975   .311   .6269  3.8166  4.1518   1.343   .128  1.611
  12.971   .311   .6285  3.8166  4.1506   1.344   .128  1.613
  12.967   .311   .6301  3.8166  4.1495   1.345   .129  1.616
  12.963   .311   .6316  3.8166  4.1483   1.346   .129  1.619
  12.959   .311   .6332  3.8167  4.1471   1.347   .129  1.622
  12.955   .311   .6348  3.8167  4.1460   1.348   .130  1.625
  12.952   .310   .6363  3.8167  4.1448   1.349   .130  1.627
  12.948   .310   .6379  3.8167  4.1436   1.350   .130  1.630
  12.944   .310   .6395  3.8167  4.1425   1.351   .131  1.633
  12.940   .310   .6410  3.8168  4.1413   1.352   .131  1.636
  12.936   .310   .6426  3.8168  4.1401   1.353   .131  1.638
  12.932   .310   .6441  3.8168  4.1390   1.354   .132  1.641
  12.928   .310   .6457  3.8168  4.1378   1.355   .132  1.644
  12.924   .310   .6472  3.8168  4.1366   1.356   .132  1.647
  12.920   .310   .6488  3.8169  4.1354   1.357   .133  1.650
  12.916   .310   .6503  3.8169  4.1343   1.358   .133  1.653
  12.912   .310   .6519  3.8169  4.1331   1.359   .133  1.655
  12.908   .310   .6534  3.8169  4.1319   1.360   .134  1.658
  12.904   .310   .6550  3.8169  4.1308   1.361   .134  1.661
  12.901   .310   .6565  3.8169  4.1296   1.362   .134  1.664
  12.897   .310   .6581  3.8170  4.1284   1.363   .134  1.667
  12.893   .310   .6596  3.8170  4.1272   1.364   .135  1.670
  12.889   .310   .6612  3.8170  4.1260   1.365   .135  1.673
  12.885   .310   .6627  3.8170  4.1249   1.366   .135  1.676
  12.881   .310   .6642  3.8170  4.1237   1.367   .136  1.678
  12.877   .310   .6658  3.8170  4.1225   1.368   .136  1.681
  12.873   .310   .6673  3.8170  4.1213   1.369   .136  1.684
  12.870   .309   .6688  3.8170  4.1201   1.370   .137  1.687
  12.866   .309   .6704  3.8171  4.1190   1.371   .137  1.690
  12.862   .309   .6719  3.8171  4.1178   1.372   .137  1.693
  12.858   .309   .6734  3.8171  4.1166   1.373   .138  1.696
  12.854   .309   .6750  3.8171  4.1154   1.374   .138  1.699
  12.850   .309   .6765  3.8171  4.1142   1.375   .138  1.702
  12.846   .309   .6780  3.8171  4.1130   1.376   .139  1.705
  12.843   .309   .6795  3.8171  4.1118   1.377   .139  1.708
  12.839   .309   .6811  3.8171  4.1106   1.378   .139  1.711
  12.835   .309   .6826  3.8171  4.1095   1.379   .140  1.714
  12.831   .309   .6841  3.8171  4.1083   1.380   .140  1.717
  12.827   .309   .6856  3.8171  4.1071   1.381   .140  1.720
  12.823   .309   .6871  3.8171  4.1059   1.382   .141  1.723
  12.820   .309   .6886  3.8171  4.1047   1.383   .141  1.726
  12.816   .309   .6902  3.8172  4.1035   1.384   .141  1.729
  12.812   .309   .6917  3.8172  4.1023   1.385   .141  1.732
  12.808   .309   .6932  3.8172  4.1011   1.386   .142  1.735
  12.804   .309   .6947  3.8172  4.0999   1.387   .142  1.738
  12.801   .309   .6962  3.8172  4.0987   1.388   .142  1.741
  12.797   .309   .6977  3.8172  4.0975   1.389   .143  1.744
  12.793   .309   .6992  3.8172  4.0963   1.390   .143  1.747
  12.789   .309   .7007  3.8172  4.0951   1.391   .143  1.750
  12.786   .309   .7022  3.8172  4.0939   1.392   .144  1.753
  12.782   .309   .7037  3.8172  4.0926   1.393   .144  1.756
  12.778   .309   .7052  3.8172  4.0914   1.394   .144  1.759
  12.774   .309   .7067  3.8172  4.0902   1.395   .145  1.762
  12.770   .309   .7082  3.8172  4.0890   1.396   .145  1.765
  12.767   .309   .7097  3.8171  4.0878   1.397   .145  1.768
  12.763   .309   .7112  3.8171  4.0866   1.398   .146  1.771
  12.759   .309   .7127  3.8171  4.0854   1.399   .146  1.775
  12.756   .309   .7142  3.8171  4.0841   1.400   .146  1.778
  12.751   .309   .7158  3.8171  4.0829   1.401   .146  1.781
  12.747   .309   .7174  3.8171  4.0816   1.402   .147  1.784
  12.743   .309   .7191  3.8172  4.0803   1.403   .147  1.787
  12.739   .309   .7207  3.8172  4.0790   1.404   .147  1.791
  12.735   .309   .7223  3.8172  4.0777   1.405   .148  1.794
  12.731   .309   .7239  3.8172  4.0764   1.406   .148  1.797
  12.727   .309   .7256  3.8172  4.0751   1.407   .148  1.801
  12.723   .309   .7272  3.8172  4.0739   1.408   .149  1.804
  12.719   .309   .7288  3.8172  4.0726   1.409   .149  1.807
  12.714   .309   .7305  3.8172  4.0713   1.410   .149  1.811
  12.710   .309   .7321  3.8172  4.0700   1.411   .150  1.814
  12.706   .309   .7337  3.8172  4.0687   1.412   .150  1.817
  12.702   .308   .7353  3.8172  4.0674   1.413   .150  1.821
  12.698   .308   .7370  3.8172  4.0661   1.414   .150  1.824
  12.694   .308   .7386  3.8173  4.0648   1.415   .151  1.827
  12.690   .308   .7402  3.8173  4.0635   1.416   .151  1.831
  12.686   .308   .7418  3.8173  4.0623   1.417   .151  1.834
  12.682   .308   .7434  3.8173  4.0610   1.418   .152  1.837
  12.678   .308   .7451  3.8173  4.0597   1.419   .152  1.841
  12.674   .308   .7467  3.8173  4.0584   1.420   .152  1.844
  12.670   .308   .7483  3.8173  4.0571   1.421   .153  1.848
  12.665   .308   .7499  3.8173  4.0558   1.422   .153  1.851
  12.661   .308   .7515  3.8173  4.0545   1.423   .153  1.854
  12.657   .308   .7531  3.8173  4.0532   1.424   .154  1.858
  12.653   .308   .7548  3.8173  4.0519   1.425   .154  1.861
  12.649   .308   .7564  3.8173  4.0506   1.426   .154  1.865
  12.645   .308   .7580  3.8173  4.0493   1.427   .154  1.868
  12.641   .308   .7596  3.8173  4.0480   1.428   .155  1.872
  12.637   .308   .7612  3.8173  4.0467   1.429   .155  1.875
  12.633   .308   .7628  3.8173  4.0454   1.430   .155  1.879
  12.629   .308   .7644  3.8173  4.0441   1.431   .156  1.882
  12.625   .308   .7660  3.8173  4.0428   1.432   .156  1.886
  12.621   .308   .7676  3.8173  4.0415   1.433   .156  1.889
  12.617   .308   .7692  3.8173  4.0402   1.434   .157  1.893
  12.613   .308   .7708  3.8173  4.0389   1.435   .157  1.896
  12.609   .308   .7724  3.8173  4.0376   1.436   .157  1.900
  12.605   .308   .7740  3.8173  4.0363   1.437   .157  1.903
  12.601   .308   .7756  3.8173  4.0349   1.438   .158  1.907
  12.597   .308   .7772  3.8173  4.0336   1.439   .158  1.910
  12.593   .308   .7788  3.8173  4.0323   1.440   .158  1.914
  12.589   .308   .7804  3.8173  4.0310   1.441   .159  1.917
  12.585   .308   .7820  3.8173  4.0297   1.442   .159  1.921
  12.581   .308   .7836  3.8173  4.0284   1.443   .159  1.924
  12.577   .308   .7852  3.8173  4.0271   1.444   .160  1.928
  12.573   .308   .7868  3.8173  4.0258   1.445   .160  1.932
  12.569   .308   .7884  3.8172  4.0245   1.446   .160  1.935
  12.565   .308   .7900  3.8172  4.0231   1.447   .160  1.939
  12.561   .308   .7916  3.8172  4.0218   1.448   .161  1.942
  12.557   .308   .7932  3.8172  4.0205   1.449   .161  1.946
  12.553   .308   .7948  3.8172  4.0192   1.450   .161  1.950
  12.549   .308   .7964  3.8172  4.0179   1.451   .162  1.953
  12.545   .308   .7980  3.8172  4.0166   1.452   .162  1.957
  12.541   .308   .7996  3.8172  4.0152   1.453   .162  1.961
  12.537   .308   .8011  3.8172  4.0139   1.454   .163  1.964
  12.533   .308   .8027  3.8172  4.0126   1.455   .163  1.968
  12.529   .308   .8043  3.8172  4.0113   1.456   .163  1.972
  12.525   .308   .8059  3.8172  4.0100   1.457   .163  1.975
  12.521   .308   .8075  3.8172  4.0086   1.458   .164  1.979
  12.517   .308   .8091  3.8171  4.0073   1.459   .164  1.983
  12.513   .308   .8106  3.8171  4.0060   1.460   .164  1.986
  12.509   .308   .8122  3.8171  4.0047   1.461   .165  1.990
  12.505   .308   .8138  3.8171  4.0033   1.462   .165  1.994
  12.501   .308   .8154  3.8171  4.0020   1.463   .165  1.997
  12.497   .308   .8170  3.8171  4.0007   1.464   .166  2.001
  12.493   .308   .8185  3.8171  3.9994   1.465   .166  2.005
  12.489   .308   .8201  3.8171  3.9980   1.466   .166  2.009
  12.485   .308   .8217  3.8170  3.9967   1.467   .166  2.012
  12.481   .308   .8233  3.8170  3.9954   1.468   .167  2.016
  12.477   .308   .8248  3.8170  3.9940   1.469   .167  2.020
  12.473   .308   .8264  3.8170  3.9927   1.470   .167  2.024
  12.469   .308   .8280  3.8170  3.9914   1.471   .168  2.028
  12.465   .308   .8296  3.8170  3.9900   1.472   .168  2.031
  12.461   .308   .8311  3.8170  3.9887   1.473   .168  2.035
  12.457   .308   .8327  3.8169  3.9874   1.474   .168  2.039
  12.453   .308   .8343  3.8169  3.9860   1.475   .169  2.043
  12.449   .308   .8358  3.8169  3.9847   1.476   .169  2.047
  12.445   .308   .8374  3.8169  3.9834   1.477   .169  2.051
  12.442   .308   .8390  3.8169  3.9820   1.478   .170  2.054
  12.438   .308   .8406  3.8169  3.9807   1.479   .170  2.058
  12.434   .308   .8421  3.8168  3.9793   1.480   .170  2.062
  12.430   .308   .8437  3.8168  3.9780   1.481   .171  2.066
  12.426   .308   .8452  3.8168  3.9767   1.482   .171  2.070
  12.422   .308   .8468  3.8168  3.9753   1.483   .171  2.074
  12.418   .308   .8484  3.8168  3.9740   1.484   .171  2.078
  12.414   .309   .8499  3.8167  3.9726   1.485   .172  2.082
  12.410   .309   .8515  3.8167  3.9713   1.486   .172  2.086
  12.406   .309   .8531  3.8167  3.9699   1.487   .172  2.090
  12.402   .309   .8546  3.8167  3.9686   1.488   .173  2.094
  12.398   .309   .8562  3.8167  3.9672   1.489   .173  2.097
  12.395   .309   .8577  3.8166  3.9659   1.490   .173  2.101
  12.391   .309   .8593  3.8166  3.9645   1.491   .173  2.105
  12.387   .309   .8608  3.8166  3.9632   1.492   .174  2.109
  12.383   .309   .8624  3.8166  3.9618   1.493   .174  2.113
  12.379   .309   .8640  3.8165  3.9605   1.494   .174  2.117
  12.375   .309   .8655  3.8165  3.9591   1.495   .175  2.121
  12.371   .309   .8671  3.8165  3.9578   1.496   .175  2.125
  12.367   .309   .8686  3.8165  3.9564   1.497   .175  2.129
  12.363   .309   .8702  3.8164  3.9551   1.498   .176  2.133
  12.359   .309   .8717  3.8164  3.9537   1.499   .176  2.138
  12.356   .309   .8733  3.8164  3.9523   1.500   .176  2.142
  12.352   .309   .8747  3.8163  3.9509   1.501   .176  2.146
  12.349   .309   .8761  3.8162  3.9494   1.502   .177  2.150
  12.345   .310   .8775  3.8161  3.9479   1.503   .177  2.155
  12.342   .310   .8789  3.8160  3.9464   1.504   .177  2.159
  12.338   .310   .8803  3.8160  3.9449   1.505   .178  2.164
  12.335   .310   .8817  3.8159  3.9434   1.506   .178  2.168
  12.332   .310   .8830  3.8157  3.9417   1.507   .178  2.173
  12.328   .311   .8843  3.8155  3.9399   1.508   .178  2.178
  12.325   .311   .8856  3.8153  3.9381   1.509   .179  2.183
  12.322   .312   .8869  3.8151  3.9364   1.510   .179  2.189
  12.319   .312   .8882  3.8149  3.9346   1.511   .179  2.194
  12.316   .312   .8895  3.8147  3.9328   1.512   .180  2.199
  12.313   .313   .8908  3.8145  3.9310   1.513   .180  2.204
  12.310   .313   .8921  3.8143  3.9292   1.514   .180  2.210
  12.306   .314   .8934  3.8141  3.9274   1.515   .180  2.215
  12.303   .314   .8948  3.8139  3.9256   1.516   .181  2.220
  12.300   .314   .8961  3.8137  3.9238   1.517   .181  2.226
  12.297   .315   .8974  3.8135  3.9220   1.518   .181  2.231
  12.294   .315   .8987  3.8133  3.9202   1.519   .182  2.236
  12.291   .316   .9000  3.8131  3.9184   1.520   .182  2.242
  12.288   .316   .9012  3.8129  3.9166   1.521   .182  2.247
  12.285   .316   .9025  3.8127  3.9148   1.522   .182  2.253
  12.281   .317   .9038  3.8124  3.9129   1.523   .183  2.258
  12.278   .317   .9051  3.8122  3.9111   1.524   .183  2.264
  12.275   .318   .9064  3.8120  3.9093   1.525   .183  2.269
  12.272   .318   .9077  3.8118  3.9074   1.526   .184  2.275
  12.269   .319   .9090  3.8116  3.9056   1.527   .184  2.280
  12.266   .319   .9103  3.8114  3.9037   1.528   .184  2.286
  12.263   .319   .9116  3.8112  3.9019   1.529   .184  2.291
  12.260   .320   .9129  3.8109  3.9000   1.530   .185  2.297
  12.257   .320   .9142  3.8107  3.8982   1.531   .185  2.303
  12.254   .321   .9155  3.8105  3.8963   1.532   .185  2.308
  12.251   .321   .9168  3.8103  3.8945   1.533   .186  2.314
  12.248   .322   .9181  3.8101  3.8926   1.534   .186  2.320
  12.244   .322   .9194  3.8098  3.8907   1.535   .186  2.326
  12.241   .322   .9207  3.8096  3.8888   1.536   .186  2.332
  12.238   .323   .9219  3.8094  3.8869   1.537   .187  2.337
  12.235   .323   .9232  3.8092  3.8850   1.538   .187  2.343
  12.232   .324   .9245  3.8089  3.8832   1.539   .187  2.349
  12.229   .324   .9258  3.8087  3.8813   1.540   .188  2.355
  12.226   .325   .9271  3.8085  3.8794   1.541   .188  2.361
  12.223   .325   .9284  3.8082  3.8774   1.542   .188  2.367
  12.220   .326   .9297  3.8080  3.8755   1.543   .188  2.373
  12.217   .326   .9309  3.8078  3.8736   1.544   .189  2.379
  12.214   .326   .9322  3.8075  3.8717   1.545   .189  2.385
  12.211   .327   .9335  3.8073  3.8698   1.546   .189  2.391
  12.208   .327   .9348  3.8071  3.8679   1.547   .189  2.397
  12.205   .328   .9361  3.8068  3.8659   1.548   .190  2.403
  12.202   .328   .9374  3.8066  3.8640   1.549   .190  2.409
  12.199   .329   .9386  3.8063  3.8620   1.550   .190  2.415
  12.196   .329   .9399  3.8061  3.8601   1.551   .191  2.422
  12.193   .330   .9412  3.8058  3.8581   1.552   .191  2.428
  12.190   .330   .9425  3.8056  3.8562   1.553   .191  2.434
  12.187   .331   .9438  3.8054  3.8542   1.554   .191  2.440
  12.184   .331   .9450  3.8051  3.8523   1.555   .192  2.447
  12.181   .332   .9463  3.8049  3.8503   1.556   .192  2.453
  12.178   .332   .9476  3.8046  3.8483   1.557   .192  2.459
  12.175   .333   .9489  3.8044  3.8463   1.558   .193  2.466
  12.172   .333   .9501  3.8041  3.8444   1.559   .193  2.472
  12.169   .334   .9514  3.8038  3.8423   1.560   .193  2.479
  12.166   .334   .9528  3.8036  3.8401   1.561   .193  2.486
  12.162   .335   .9543  3.8033  3.8379   1.562   .194  2.493
  12.159   .335   .9557  3.8030  3.8356   1.563   .194  2.501
  12.156   .336   .9571  3.8028  3.8334   1.564   .194  2.508
  12.152   .336   .9585  3.8025  3.8311   1.565   .195  2.515
  12.149   .337   .9599  3.8022  3.8288   1.566   .195  2.523
  12.146   .337   .9613  3.8020  3.8266   1.567   .195  2.530
  12.143   .338   .9627  3.8017  3.8243   1.568   .195  2.537
  12.139   .339   .9641  3.8014  3.8221   1.569   .196  2.545
  12.136   .339   .9655  3.8012  3.8198   1.570   .196  2.552
  12.133   .340   .9669  3.8009  3.8175   1.571   .196  2.560
  12.129   .340   .9683  3.8006  3.8152   1.572   .196  2.567
  12.126   .341   .9698  3.8003  3.8129   1.573   .197  2.575
  12.123   .341   .9712  3.8001  3.8107   1.574   .197  2.582
  12.120   .342   .9726  3.7998  3.8084   1.575   .197  2.590
  12.116   .342   .9740  3.7995  3.8061   1.576   .198  2.598
  12.113   .343   .9754  3.7992  3.8038   1.577   .198  2.606
  12.110   .344   .9768  3.7989  3.8015   1.578   .198  2.613
  12.107   .344   .9782  3.7987  3.7992   1.579   .198  2.621
  12.103   .345   .9797  3.7984  3.7968   1.580   .199  2.629
  12.100   .345   .9811  3.7981  3.7945   1.581   .199  2.637
  12.097   .346   .9825  3.7978  3.7922   1.582   .199  2.645
  12.093   .346   .9843  3.7975  3.7895   1.583   .199  2.654
  12.088   .347   .9861  3.7972  3.7867   1.584   .200  2.663
  12.084   .348   .9880  3.7969  3.7838   1.585   .200  2.673
  12.079   .348   .9899  3.7966  3.7809   1.586   .200  2.682
  12.075   .349   .9918  3.7963  3.7781   1.587   .201  2.692
  12.070   .350   .9937  3.7960  3.7752   1.588   .201  2.702
  12.066   .350   .9956  3.7957  3.7723   1.589   .201  2.712
  12.062   .351   .9975  3.7954  3.7694   1.590   .201  2.722
  12.057   .352   .9994  3.7950  3.7665   1.591   .202  2.732
  12.048   .351  1.0031  3.7952  3.7636   1.592   .202  2.742
  12.036   .350  1.0077  3.7956  3.7608   1.593   .202  2.752
  12.024   .349  1.0123  3.7960  3.7579   1.594   .202  2.761
  12.011   .348  1.0170  3.7964  3.7551   1.595   .203  2.771
  11.999   .348  1.0216  3.7968  3.7522   1.596   .203  2.782
  11.987   .347  1.0262  3.7972  3.7493   1.597   .203  2.792
  11.975   .346  1.0309  3.7976  3.7464   1.598   .204  2.802
  11.962   .345  1.0360  3.7982  3.7435   1.599   .204  2.812
  11.886   .333  1.0638  3.8037  3.7395   1.600   .204  2.826
  11.827   .324  1.0857  3.8081  3.7364   1.601   .204  2.837
  11.768   .315  1.1076  3.8125  3.7334   1.602   .205  2.848
  11.670   .299  1.1440  3.8203  3.7260   1.603   .205  2.873
  11.709   .310  1.1303  3.8148  3.7175   1.604   .205  2.902
  11.693   .353  1.1445  3.7940  3.6230   1.605   .205  3.237
  11.718   .367  1.1375  3.7880  3.6060   1.606   .206  3.302
  11.746   .379  1.1296  3.7826  3.5924   1.607   .206  3.355
  11.774   .392  1.1216  3.7772  3.5786   1.608   .206  3.410
  11.802   .405  1.1136  3.7718  3.5647   1.609   .207  3.466
  11.832   .417  1.1056  3.7663  3.5505   1.610   .207  3.524
  11.905   .435  1.0825  3.7585  3.5427   1.611   .207  3.557
  11.990   .454  1.0562  3.7501  3.5362   1.612   .207  3.584
  12.077   .474  1.0298  3.7416  3.5297   1.613   .208  3.613
  12.166   .494  1.0037  3.7332  3.5225   1.614   .208  3.644
  12.257   .515   .9777  3.7248  3.5150   1.615   .208  3.677
  12.352   .536   .9514  3.7164  3.5075   1.616   .208  3.710
  12.384   .556   .9503  3.7086  3.4789   1.617   .209  3.835
  12.335   .570   .9783  3.7035  3.4305   1.618   .209  4.056
  12.255   .580  1.0164  3.6999  3.3776   1.619   .209  4.312
  12.164   .589  1.0585  3.6967  3.3228   1.620   .210  4.594
  12.070   .599  1.1015  3.6936  3.2674   1.621   .210  4.899
  11.948   .607  1.1542  3.6915  3.2061   1.622   .210  5.258
  11.827   .614  1.2070  3.6893  3.1447   1.623   .210  5.645
  11.703   .623  1.2609  3.6869  3.0817   1.624   .211  6.071
  11.578   .632  1.3159  3.6843  3.0170   1.625   .211  6.543
  11.457   .640  1.3692  3.6819  2.9543   1.626   .211  7.035
  11.358   .647  1.4126  3.6801  2.9033   1.627   .211  7.462
  11.257   .654  1.4569  3.6782  2.8512   1.628   .212  7.926
  11.132   .665  1.5138  3.6750  2.7820   1.629   .212  8.586
  11.007   .676  1.5709  3.6718  2.7125   1.630   .212  9.305
  10.872   .689  1.6335  3.6682  2.6362   1.631   .212 10.162
  10.729   .703  1.7003  3.6643  2.5547   1.632   .213 11.166
  10.594   .716  1.7632  3.6607  2.4780   1.633   .213 12.200
  10.465   .729  1.8233  3.6574  2.4047   1.634   .213 13.278
  10.331   .744  1.8886  3.6532  2.3231   1.635   .214 14.590
  10.330   .746  1.8907  3.6526  2.3186   1.636   .214 14.671
  10.405   .738  1.8544  3.6549  2.3635   1.637   .214 13.936
  10.298   .751  1.9069  3.6514  2.2974   1.638   .214 15.042
  10.191   .764  1.9597  3.6479  2.2311   1.639   .215 16.240
  10.085   .778  2.0126  3.6444  2.1646   1.640   .215 17.539
   9.977   .792  2.0662  3.6410  2.0978   1.641   .215 18.946
   9.867   .805  2.1199  3.6379  2.0318   1.642   .215 20.448
   9.745   .821  2.1808  3.6341  1.9561   1.643   .216 22.316
   9.569   .849  2.2736  3.6276  1.8379   1.644   .216 25.576
   9.364   .883  2.3820  3.6199  1.6989   1.645   .216 30.026
   9.106   .925  2.5190  3.6110  1.5251   1.646   .216 36.689
   8.834   .997  2.6965  3.5966  1.2925   1.647   .217 47.968
   8.651  1.150  2.9654  3.5699   .9165   1.648   .217 73.973
