# [Fe/H] =    .000;  age =  4200.000 Myr;  distance =   1000.00 pc;  E(b-y) =    .030 mag
#   V    (b-y)   log L   log T   log g    M/Mo   log M  R/Ro
  18.976   .914 -1.1783  3.5902  4.6999    .600  -.222   .573
  18.961   .912 -1.1749  3.5907  4.6993    .601  -.221   .574
  18.946   .910 -1.1716  3.5912  4.6988    .602  -.220   .574
  18.931   .907 -1.1683  3.5917  4.6983    .603  -.220   .575
  18.916   .905 -1.1650  3.5922  4.6978    .604  -.219   .576
  18.901   .903 -1.1618  3.5927  4.6973    .605  -.218   .577
  18.886   .901 -1.1585  3.5932  4.6968    .606  -.218   .578
  18.871   .899 -1.1552  3.5937  4.6962    .607  -.217   .579
  18.856   .897 -1.1519  3.5942  4.6957    .608  -.216   .579
  18.842   .895 -1.1486  3.5947  4.6952    .609  -.215   .580
  18.827   .893 -1.1454  3.5952  4.6947    .610  -.215   .581
  18.812   .891 -1.1421  3.5957  4.6942    .611  -.214   .582
  18.798   .889 -1.1389  3.5962  4.6937    .612  -.213   .583
  18.784   .887 -1.1356  3.5967  4.6932    .613  -.213   .583
  18.769   .885 -1.1324  3.5972  4.6927    .614  -.212   .584
  18.755   .883 -1.1291  3.5977  4.6922    .615  -.211   .585
  18.741   .881 -1.1259  3.5982  4.6916    .616  -.210   .586
  18.727   .879 -1.1227  3.5987  4.6911    .617  -.210   .587
  18.713   .877 -1.1195  3.5992  4.6906    .618  -.209   .588
  18.699   .875 -1.1162  3.5997  4.6901    .619  -.208   .588
  18.685   .873 -1.1130  3.6002  4.6896    .620  -.208   .589
  18.672   .871 -1.1098  3.6007  4.6891    .621  -.207   .590
  18.658   .869 -1.1066  3.6012  4.6886    .622  -.206   .591
  18.644   .867 -1.1034  3.6016  4.6881    .623  -.206   .592
  18.631   .865 -1.1002  3.6021  4.6876    .624  -.205   .592
  18.618   .863 -1.0971  3.6026  4.6871    .625  -.204   .593
  18.604   .861 -1.0939  3.6031  4.6866    .626  -.203   .594
  18.591   .859 -1.0907  3.6036  4.6861    .627  -.203   .595
  18.578   .857 -1.0875  3.6041  4.6856    .628  -.202   .596
  18.565   .855 -1.0844  3.6046  4.6851    .629  -.201   .597
  18.552   .853 -1.0812  3.6051  4.6846    .630  -.201   .597
  18.539   .852 -1.0780  3.6055  4.6841    .631  -.200   .598
  18.527   .850 -1.0749  3.6060  4.6836    .632  -.199   .599
  18.514   .848 -1.0717  3.6065  4.6831    .633  -.199   .600
  18.502   .846 -1.0686  3.6070  4.6826    .634  -.198   .601
  18.489   .844 -1.0655  3.6075  4.6821    .635  -.197   .601
  18.477   .842 -1.0623  3.6080  4.6816    .636  -.197   .602
  18.465   .840 -1.0592  3.6084  4.6811    .637  -.196   .603
  18.453   .838 -1.0561  3.6089  4.6807    .638  -.195   .604
  18.440   .836 -1.0530  3.6094  4.6802    .639  -.194   .605
  18.428   .835 -1.0499  3.6099  4.6797    .640  -.194   .605
  18.417   .833 -1.0468  3.6104  4.6792    .641  -.193   .606
  18.405   .831 -1.0436  3.6108  4.6787    .642  -.192   .607
  18.393   .829 -1.0406  3.6113  4.6782    .643  -.192   .608
  18.381   .827 -1.0375  3.6118  4.6777    .644  -.191   .609
  18.369   .825 -1.0344  3.6123  4.6772    .645  -.190   .610
  18.358   .823 -1.0313  3.6127  4.6767    .646  -.190   .610
  18.346   .822 -1.0282  3.6132  4.6763    .647  -.189   .611
  18.335   .820 -1.0251  3.6137  4.6758    .648  -.188   .612
  18.323   .818 -1.0221  3.6141  4.6753    .649  -.188   .613
  18.312   .816 -1.0190  3.6146  4.6748    .650  -.187   .614
  18.300   .814 -1.0159  3.6151  4.6743    .651  -.186   .614
  18.289   .812 -1.0129  3.6156  4.6738    .652  -.186   .615
  18.278   .811 -1.0098  3.6160  4.6734    .653  -.185   .616
  18.267   .809 -1.0068  3.6165  4.6729    .654  -.184   .617
  18.255   .807 -1.0037  3.6170  4.6724    .655  -.184   .618
  18.244   .805 -1.0007  3.6174  4.6719    .656  -.183   .619
  18.233   .803  -.9977  3.6179  4.6714    .657  -.182   .619
  18.222   .801  -.9946  3.6184  4.6710    .658  -.182   .620
  18.211   .800  -.9916  3.6188  4.6705    .659  -.181   .621
  18.200   .798  -.9886  3.6193  4.6700    .660  -.180   .622
  18.189   .796  -.9856  3.6197  4.6695    .661  -.180   .623
  18.178   .794  -.9826  3.6202  4.6691    .662  -.179   .623
  18.167   .793  -.9796  3.6207  4.6686    .663  -.178   .624
  18.156   .791  -.9766  3.6211  4.6681    .664  -.178   .625
  18.145   .789  -.9736  3.6216  4.6676    .665  -.177   .626
  18.134   .787  -.9706  3.6220  4.6672    .666  -.177   .627
  18.123   .786  -.9676  3.6225  4.6667    .667  -.176   .627
  18.112   .784  -.9646  3.6230  4.6662    .668  -.175   .628
  18.101   .782  -.9616  3.6234  4.6658    .669  -.175   .629
  18.090   .780  -.9587  3.6239  4.6653    .670  -.174   .630
  18.079   .779  -.9557  3.6243  4.6648    .671  -.173   .631
  18.068   .777  -.9527  3.6248  4.6643    .672  -.173   .631
  18.057   .775  -.9498  3.6252  4.6639    .673  -.172   .632
  18.046   .773  -.9468  3.6257  4.6634    .674  -.171   .633
  18.035   .772  -.9438  3.6262  4.6629    .675  -.171   .634
  18.024   .770  -.9409  3.6266  4.6625    .676  -.170   .635
  18.013   .768  -.9379  3.6271  4.6620    .677  -.169   .636
  18.002   .766  -.9350  3.6275  4.6616    .678  -.169   .636
  17.992   .765  -.9321  3.6280  4.6611    .679  -.168   .637
  17.981   .763  -.9291  3.6284  4.6606    .680  -.167   .638
  17.970   .761  -.9262  3.6289  4.6602    .681  -.167   .639
  17.959   .760  -.9233  3.6293  4.6597    .682  -.166   .640
  17.948   .758  -.9204  3.6298  4.6592    .683  -.166   .640
  17.937   .756  -.9175  3.6302  4.6588    .684  -.165   .641
  17.926   .754  -.9145  3.6307  4.6583    .685  -.164   .642
  17.915   .753  -.9116  3.6311  4.6579    .686  -.164   .643
  17.904   .751  -.9087  3.6315  4.6574    .687  -.163   .644
  17.893   .749  -.9058  3.6320  4.6569    .688  -.162   .644
  17.882   .748  -.9029  3.6324  4.6565    .689  -.162   .645
  17.871   .746  -.9000  3.6329  4.6560    .690  -.161   .646
  17.861   .744  -.8972  3.6333  4.6556    .691  -.161   .647
  17.850   .743  -.8943  3.6338  4.6551    .692  -.160   .648
  17.839   .741  -.8914  3.6342  4.6547    .693  -.159   .648
  17.828   .739  -.8885  3.6346  4.6542    .694  -.159   .649
  17.818   .738  -.8857  3.6351  4.6537    .695  -.158   .650
  17.807   .736  -.8828  3.6355  4.6533    .696  -.157   .651
  17.796   .734  -.8799  3.6360  4.6528    .697  -.157   .652
  17.786   .733  -.8771  3.6364  4.6524    .698  -.156   .653
  17.775   .731  -.8742  3.6368  4.6519    .699  -.156   .653
  17.765   .729  -.8714  3.6373  4.6515    .700  -.155   .654
  17.753   .728  -.8684  3.6378  4.6510    .701  -.154   .655
  17.742   .726  -.8654  3.6382  4.6505    .702  -.154   .656
  17.731   .724  -.8625  3.6387  4.6501    .703  -.153   .657
  17.720   .723  -.8595  3.6392  4.6496    .704  -.152   .657
  17.709   .721  -.8566  3.6396  4.6491    .705  -.152   .658
  17.698   .719  -.8536  3.6401  4.6486    .706  -.151   .659
  17.687   .717  -.8507  3.6406  4.6482    .707  -.151   .660
  17.676   .716  -.8477  3.6410  4.6477    .708  -.150   .661
  17.665   .714  -.8448  3.6415  4.6472    .709  -.149   .662
  17.654   .712  -.8418  3.6420  4.6468    .710  -.149   .662
  17.643   .711  -.8389  3.6424  4.6463    .711  -.148   .663
  17.632   .709  -.8360  3.6429  4.6458    .712  -.148   .664
  17.621   .707  -.8331  3.6434  4.6453    .713  -.147   .665
  17.610   .706  -.8301  3.6438  4.6449    .714  -.146   .666
  17.599   .704  -.8272  3.6443  4.6444    .715  -.146   .667
  17.588   .702  -.8243  3.6447  4.6439    .716  -.145   .667
  17.578   .701  -.8214  3.6452  4.6435    .717  -.144   .668
  17.567   .699  -.8185  3.6457  4.6430    .718  -.144   .669
  17.556   .698  -.8156  3.6461  4.6426    .719  -.143   .670
  17.545   .696  -.8127  3.6466  4.6421    .720  -.143   .671
  17.535   .694  -.8098  3.6470  4.6416    .721  -.142   .671
  17.524   .693  -.8069  3.6475  4.6412    .722  -.141   .672
  17.513   .691  -.8040  3.6480  4.6407    .723  -.141   .673
  17.503   .690  -.8012  3.6484  4.6402    .724  -.140   .674
  17.492   .688  -.7983  3.6489  4.6398    .725  -.140   .675
  17.481   .687  -.7954  3.6493  4.6393    .726  -.139   .676
  17.471   .685  -.7926  3.6498  4.6389    .727  -.138   .676
  17.460   .684  -.7897  3.6502  4.6384    .728  -.138   .677
  17.450   .682  -.7868  3.6507  4.6380    .729  -.137   .678
  17.439   .681  -.7840  3.6511  4.6375    .730  -.137   .679
  17.429   .679  -.7811  3.6516  4.6370    .731  -.136   .680
  17.418   .678  -.7783  3.6521  4.6366    .732  -.135   .680
  17.408   .676  -.7754  3.6525  4.6361    .733  -.135   .681
  17.397   .675  -.7726  3.6530  4.6357    .734  -.134   .682
  17.387   .673  -.7698  3.6534  4.6352    .735  -.134   .683
  17.376   .672  -.7669  3.6539  4.6348    .736  -.133   .684
  17.366   .670  -.7641  3.6543  4.6343    .737  -.133   .685
  17.356   .669  -.7613  3.6548  4.6339    .738  -.132   .685
  17.345   .668  -.7584  3.6552  4.6334    .739  -.131   .686
  17.334   .666  -.7553  3.6557  4.6328    .740  -.131   .687
  17.323   .665  -.7522  3.6562  4.6323    .741  -.130   .688
  17.311   .663  -.7491  3.6567  4.6317    .742  -.130   .689
  17.300   .662  -.7460  3.6572  4.6311    .743  -.129   .690
  17.289   .661  -.7430  3.6576  4.6305    .744  -.128   .691
  17.278   .659  -.7399  3.6581  4.6300    .745  -.128   .692
  17.267   .658  -.7368  3.6586  4.6294    .746  -.127   .693
  17.255   .656  -.7337  3.6591  4.6288    .747  -.127   .694
  17.244   .655  -.7306  3.6596  4.6283    .748  -.126   .695
  17.233   .654  -.7276  3.6601  4.6277    .749  -.126   .695
  17.222   .652  -.7245  3.6606  4.6271    .750  -.125   .696
  17.211   .651  -.7214  3.6610  4.6266    .751  -.124   .697
  17.200   .649  -.7184  3.6615  4.6260    .752  -.124   .698
  17.189   .648  -.7153  3.6620  4.6254    .753  -.123   .699
  17.178   .647  -.7122  3.6625  4.6249    .754  -.123   .700
  17.167   .645  -.7092  3.6630  4.6243    .755  -.122   .701
  17.156   .644  -.7061  3.6635  4.6237    .756  -.121   .702
  17.145   .643  -.7031  3.6640  4.6232    .757  -.121   .703
  17.134   .641  -.7000  3.6644  4.6226    .758  -.120   .704
  17.123   .640  -.6970  3.6649  4.6220    .759  -.120   .705
  17.112   .639  -.6939  3.6654  4.6215    .760  -.119   .706
  17.101   .638  -.6909  3.6659  4.6209    .761  -.119   .706
  17.090   .636  -.6878  3.6664  4.6203    .762  -.118   .707
  17.079   .635  -.6848  3.6669  4.6198    .763  -.117   .708
  17.068   .634  -.6817  3.6673  4.6192    .764  -.117   .709
  17.057   .632  -.6787  3.6678  4.6186    .765  -.116   .710
  17.047   .631  -.6757  3.6683  4.6181    .766  -.116   .711
  17.036   .630  -.6726  3.6688  4.6175    .767  -.115   .712
  17.025   .629  -.6696  3.6693  4.6169    .768  -.115   .713
  17.014   .627  -.6666  3.6697  4.6164    .769  -.114   .714
  17.003   .626  -.6636  3.6702  4.6158    .770  -.114   .715
  16.993   .625  -.6605  3.6707  4.6153    .771  -.113   .716
  16.982   .624  -.6575  3.6712  4.6147    .772  -.112   .717
  16.971   .623  -.6545  3.6717  4.6141    .773  -.112   .718
  16.961   .621  -.6515  3.6721  4.6136    .774  -.111   .719
  16.950   .620  -.6485  3.6726  4.6130    .775  -.111   .719
  16.939   .619  -.6455  3.6731  4.6125    .776  -.110   .720
  16.929   .618  -.6425  3.6736  4.6119    .777  -.110   .721
  16.918   .616  -.6395  3.6741  4.6113    .778  -.109   .722
  16.907   .615  -.6364  3.6745  4.6108    .779  -.108   .723
  16.897   .614  -.6334  3.6750  4.6102    .780  -.108   .724
  16.886   .613  -.6304  3.6755  4.6097    .781  -.107   .725
  16.876   .612  -.6274  3.6760  4.6091    .782  -.107   .726
  16.865   .611  -.6245  3.6764  4.6085    .783  -.106   .727
  16.855   .609  -.6215  3.6769  4.6080    .784  -.106   .728
  16.844   .608  -.6185  3.6774  4.6074    .785  -.105   .729
  16.834   .607  -.6155  3.6779  4.6069    .786  -.105   .730
  16.823   .606  -.6125  3.6784  4.6063    .787  -.104   .731
  16.813   .605  -.6095  3.6788  4.6057    .788  -.103   .732
  16.802   .603  -.6065  3.6793  4.6052    .789  -.103   .732
  16.792   .602  -.6035  3.6798  4.6046    .790  -.102   .733
  16.781   .601  -.6005  3.6803  4.6041    .791  -.102   .734
  16.771   .600  -.5976  3.6807  4.6035    .792  -.101   .735
  16.761   .599  -.5946  3.6812  4.6030    .793  -.101   .736
  16.750   .598  -.5916  3.6817  4.6024    .794  -.100   .737
  16.740   .596  -.5886  3.6822  4.6019    .795  -.100   .738
  16.730   .595  -.5857  3.6826  4.6013    .796  -.099   .739
  16.719   .594  -.5827  3.6831  4.6007    .797  -.099   .740
  16.709   .593  -.5797  3.6836  4.6002    .798  -.098   .741
  16.699   .592  -.5767  3.6841  4.5996    .799  -.097   .742
  16.689   .591  -.5738  3.6845  4.5991    .800  -.097   .743
  16.679   .590  -.5709  3.6850  4.5985    .801  -.096   .744
  16.669   .589  -.5680  3.6854  4.5980    .802  -.096   .745
  16.659   .588  -.5652  3.6859  4.5974    .803  -.095   .746
  16.649   .587  -.5623  3.6863  4.5969    .804  -.095   .747
  16.639   .585  -.5594  3.6868  4.5963    .805  -.094   .747
  16.630   .584  -.5566  3.6872  4.5958    .806  -.094   .748
  16.620   .583  -.5537  3.6877  4.5952    .807  -.093   .749
  16.610   .582  -.5509  3.6881  4.5947    .808  -.093   .750
  16.601   .581  -.5480  3.6886  4.5941    .809  -.092   .751
  16.591   .580  -.5452  3.6890  4.5936    .810  -.092   .752
  16.581   .579  -.5423  3.6894  4.5930    .811  -.091   .753
  16.572   .578  -.5395  3.6899  4.5925    .812  -.090   .754
  16.562   .577  -.5366  3.6903  4.5919    .813  -.090   .755
  16.552   .576  -.5338  3.6908  4.5914    .814  -.089   .756
  16.543   .575  -.5310  3.6912  4.5908    .815  -.089   .757
  16.533   .574  -.5281  3.6916  4.5903    .816  -.088   .758
  16.524   .573  -.5253  3.6921  4.5897    .817  -.088   .759
  16.514   .572  -.5225  3.6925  4.5891    .818  -.087   .760
  16.505   .571  -.5196  3.6930  4.5886    .819  -.087   .761
  16.495   .570  -.5168  3.6934  4.5880    .820  -.086   .762
  16.486   .569  -.5140  3.6938  4.5875    .821  -.086   .763
  16.477   .568  -.5112  3.6943  4.5869    .822  -.085   .764
  16.467   .567  -.5084  3.6947  4.5864    .823  -.085   .764
  16.458   .566  -.5056  3.6951  4.5858    .824  -.084   .765
  16.448   .565  -.5027  3.6956  4.5853    .825  -.084   .766
  16.439   .564  -.4999  3.6960  4.5847    .826  -.083   .767
  16.430   .563  -.4971  3.6964  4.5842    .827  -.082   .768
  16.421   .562  -.4943  3.6969  4.5836    .828  -.082   .769
  16.411   .561  -.4915  3.6973  4.5830    .829  -.081   .770
  16.402   .560  -.4887  3.6977  4.5825    .830  -.081   .771
  16.393   .560  -.4859  3.6982  4.5819    .831  -.080   .772
  16.384   .559  -.4831  3.6986  4.5814    .832  -.080   .773
  16.374   .558  -.4804  3.6990  4.5808    .833  -.079   .774
  16.365   .557  -.4776  3.6995  4.5802    .834  -.079   .775
  16.356   .556  -.4748  3.6999  4.5797    .835  -.078   .776
  16.347   .555  -.4720  3.7003  4.5791    .836  -.078   .777
  16.338   .554  -.4692  3.7007  4.5786    .837  -.077   .778
  16.329   .553  -.4664  3.7012  4.5780    .838  -.077   .779
  16.320   .552  -.4637  3.7016  4.5774    .839  -.076   .780
  16.311   .551  -.4609  3.7020  4.5769    .840  -.076   .781
  16.301   .550  -.4581  3.7024  4.5763    .841  -.075   .782
  16.292   .549  -.4553  3.7029  4.5758    .842  -.075   .783
  16.283   .548  -.4526  3.7033  4.5752    .843  -.074   .784
  16.274   .547  -.4498  3.7037  4.5746    .844  -.074   .785
  16.266   .547  -.4470  3.7041  4.5741    .845  -.073   .786
  16.257   .546  -.4443  3.7046  4.5735    .846  -.073   .787
  16.248   .545  -.4415  3.7050  4.5729    .847  -.072   .788
  16.239   .544  -.4388  3.7054  4.5724    .848  -.072   .789
  16.230   .543  -.4360  3.7058  4.5718    .849  -.071   .790
  16.221   .542  -.4332  3.7062  4.5712    .850  -.071   .791
  16.212   .541  -.4305  3.7067  4.5707    .851  -.070   .792
  16.203   .540  -.4277  3.7071  4.5701    .852  -.070   .793
  16.195   .539  -.4250  3.7075  4.5695    .853  -.069   .794
  16.186   .538  -.4222  3.7079  4.5690    .854  -.069   .795
  16.177   .538  -.4195  3.7083  4.5684    .855  -.068   .796
  16.168   .537  -.4168  3.7087  4.5678    .856  -.068   .796
  16.159   .536  -.4140  3.7092  4.5673    .857  -.067   .797
  16.151   .535  -.4113  3.7096  4.5667    .858  -.067   .798
  16.142   .534  -.4086  3.7100  4.5661    .859  -.066   .799
  16.133   .533  -.4058  3.7104  4.5655    .860  -.066   .800
  16.125   .532  -.4031  3.7108  4.5650    .861  -.065   .801
  16.116   .531  -.4004  3.7112  4.5644    .862  -.064   .802
  16.107   .531  -.3976  3.7116  4.5638    .863  -.064   .803
  16.099   .530  -.3949  3.7121  4.5633    .864  -.063   .804
  16.090   .529  -.3922  3.7125  4.5627    .865  -.063   .805
  16.082   .528  -.3895  3.7129  4.5621    .866  -.062   .806
  16.073   .527  -.3867  3.7133  4.5615    .867  -.062   .807
  16.065   .526  -.3840  3.7137  4.5610    .868  -.061   .808
  16.056   .525  -.3813  3.7141  4.5604    .869  -.061   .809
  16.048   .525  -.3786  3.7145  4.5598    .870  -.060   .810
  16.039   .524  -.3759  3.7149  4.5592    .871  -.060   .811
  16.031   .523  -.3732  3.7153  4.5586    .872  -.059   .812
  16.022   .522  -.3704  3.7157  4.5581    .873  -.059   .813
  16.014   .521  -.3677  3.7161  4.5575    .874  -.058   .814
  16.005   .520  -.3650  3.7166  4.5569    .875  -.058   .815
  15.997   .520  -.3623  3.7170  4.5563    .876  -.057   .817
  15.989   .519  -.3596  3.7174  4.5557    .877  -.057   .818
  15.980   .518  -.3569  3.7178  4.5551    .878  -.057   .819
  15.972   .517  -.3542  3.7182  4.5546    .879  -.056   .820
  15.963   .516  -.3515  3.7186  4.5540    .880  -.056   .821
  15.955   .515  -.3488  3.7190  4.5534    .881  -.055   .822
  15.947   .515  -.3461  3.7194  4.5528    .882  -.055   .823
  15.939   .514  -.3434  3.7198  4.5522    .883  -.054   .824
  15.930   .513  -.3407  3.7202  4.5516    .884  -.054   .825
  15.922   .512  -.3381  3.7206  4.5510    .885  -.053   .826
  15.914   .511  -.3354  3.7210  4.5504    .886  -.053   .827
  15.906   .511  -.3327  3.7214  4.5498    .887  -.052   .828
  15.897   .510  -.3300  3.7218  4.5493    .888  -.052   .829
  15.889   .509  -.3273  3.7222  4.5487    .889  -.051   .830
  15.881   .508  -.3246  3.7226  4.5481    .890  -.051   .831
  15.873   .507  -.3219  3.7230  4.5475    .891  -.050   .832
  15.865   .507  -.3193  3.7234  4.5469    .892  -.050   .833
  15.857   .506  -.3166  3.7238  4.5463    .893  -.049   .834
  15.849   .505  -.3139  3.7242  4.5457    .894  -.049   .835
  15.840   .504  -.3110  3.7246  4.5449    .895  -.048   .836
  15.831   .503  -.3080  3.7250  4.5441    .896  -.048   .837
  15.822   .502  -.3050  3.7254  4.5434    .897  -.047   .839
  15.813   .502  -.3021  3.7259  4.5426    .898  -.047   .840
  15.805   .501  -.2991  3.7263  4.5418    .899  -.046   .841
  15.796   .500  -.2962  3.7267  4.5410    .900  -.046   .842
  15.788   .499  -.2933  3.7271  4.5401    .901  -.045   .844
  15.779   .499  -.2905  3.7274  4.5392    .902  -.045   .845
  15.771   .498  -.2877  3.7278  4.5383    .903  -.044   .846
  15.763   .497  -.2849  3.7281  4.5373    .904  -.044   .848
  15.755   .496  -.2821  3.7285  4.5364    .905  -.043   .849
  15.747   .496  -.2793  3.7288  4.5355    .906  -.043   .851
  15.739   .495  -.2765  3.7291  4.5346    .907  -.042   .852
  15.731   .494  -.2737  3.7295  4.5336    .908  -.042   .853
  15.723   .494  -.2709  3.7298  4.5327    .909  -.041   .855
  15.715   .493  -.2681  3.7302  4.5318    .910  -.041   .856
  15.707   .492  -.2653  3.7305  4.5309    .911  -.040   .857
  15.699   .492  -.2625  3.7309  4.5299    .912  -.040   .859
  15.691   .491  -.2597  3.7312  4.5290    .913  -.040   .860
  15.683   .490  -.2569  3.7316  4.5281    .914  -.039   .862
  15.675   .490  -.2542  3.7319  4.5272    .915  -.039   .863
  15.667   .489  -.2514  3.7322  4.5262    .916  -.038   .864
  15.659   .488  -.2486  3.7326  4.5253    .917  -.038   .866
  15.651   .488  -.2458  3.7329  4.5244    .918  -.037   .867
  15.643   .487  -.2430  3.7333  4.5235    .919  -.037   .869
  15.635   .486  -.2403  3.7336  4.5226    .920  -.036   .870
  15.627   .486  -.2375  3.7339  4.5216    .921  -.036   .871
  15.619   .485  -.2347  3.7343  4.5207    .922  -.035   .873
  15.611   .484  -.2320  3.7346  4.5198    .923  -.035   .874
  15.603   .484  -.2292  3.7350  4.5189    .924  -.034   .876
  15.595   .483  -.2264  3.7353  4.5179    .925  -.034   .877
  15.588   .482  -.2237  3.7356  4.5170    .926  -.033   .878
  15.580   .482  -.2209  3.7360  4.5161    .927  -.033   .880
  15.572   .481  -.2181  3.7363  4.5152    .928  -.032   .881
  15.564   .480  -.2154  3.7367  4.5142    .929  -.032   .883
  15.556   .480  -.2126  3.7370  4.5133    .930  -.032   .884
  15.548   .479  -.2099  3.7373  4.5124    .931  -.031   .885
  15.540   .478  -.2071  3.7377  4.5115    .932  -.031   .887
  15.533   .478  -.2044  3.7380  4.5105    .933  -.030   .888
  15.525   .477  -.2016  3.7383  4.5096    .934  -.030   .890
  15.517   .476  -.1989  3.7387  4.5087    .935  -.029   .891
  15.509   .476  -.1961  3.7390  4.5078    .936  -.029   .893
  15.502   .475  -.1934  3.7393  4.5068    .937  -.028   .894
  15.494   .474  -.1907  3.7397  4.5059    .938  -.028   .895
  15.486   .474  -.1879  3.7400  4.5050    .939  -.027   .897
  15.478   .473  -.1852  3.7403  4.5041    .940  -.027   .898
  15.470   .472  -.1825  3.7407  4.5031    .941  -.026   .900
  15.463   .472  -.1797  3.7410  4.5022    .942  -.026   .901
  15.455   .471  -.1770  3.7413  4.5013    .943  -.025   .903
  15.447   .470  -.1743  3.7417  4.5004    .944  -.025   .904
  15.440   .470  -.1715  3.7420  4.4994    .945  -.025   .905
  15.432   .469  -.1688  3.7423  4.4985    .946  -.024   .907
  15.424   .468  -.1661  3.7426  4.4976    .947  -.024   .908
  15.417   .468  -.1634  3.7430  4.4966    .948  -.023   .910
  15.409   .467  -.1607  3.7433  4.4957    .949  -.023   .911
  15.401   .466  -.1579  3.7436  4.4948    .950  -.022   .913
  15.394   .466  -.1552  3.7440  4.4939    .951  -.022   .914
  15.386   .465  -.1525  3.7443  4.4929    .952  -.021   .916
  15.378   .465  -.1498  3.7446  4.4920    .953  -.021   .917
  15.371   .464  -.1471  3.7449  4.4911    .954  -.020   .919
  15.363   .463  -.1444  3.7453  4.4901    .955  -.020   .920
  15.355   .463  -.1417  3.7456  4.4892    .956  -.020   .921
  15.348   .462  -.1390  3.7459  4.4883    .957  -.019   .923
  15.340   .461  -.1362  3.7462  4.4873    .958  -.019   .924
  15.333   .461  -.1335  3.7466  4.4864    .959  -.018   .926
  15.325   .460  -.1308  3.7469  4.4855    .960  -.018   .927
  15.318   .459  -.1281  3.7472  4.4845    .961  -.017   .929
  15.310   .459  -.1254  3.7475  4.4836    .962  -.017   .930
  15.302   .458  -.1228  3.7479  4.4827    .963  -.016   .932
  15.295   .457  -.1201  3.7482  4.4817    .964  -.016   .933
  15.287   .457  -.1174  3.7485  4.4808    .965  -.015   .935
  15.280   .456  -.1147  3.7488  4.4799    .966  -.015   .936
  15.272   .456  -.1120  3.7491  4.4789    .967  -.015   .938
  15.265   .455  -.1093  3.7495  4.4780    .968  -.014   .939
  15.257   .454  -.1066  3.7498  4.4771    .969  -.014   .941
  15.250   .454  -.1039  3.7501  4.4761    .970  -.013   .942
  15.242   .453  -.1012  3.7504  4.4752    .971  -.013   .944
  15.235   .452  -.0985  3.7507  4.4743    .972  -.012   .945
  15.227   .452  -.0959  3.7511  4.4733    .973  -.012   .947
  15.220   .451  -.0932  3.7514  4.4724    .974  -.011   .948
  15.213   .450  -.0905  3.7517  4.4714    .975  -.011   .950
  15.205   .450  -.0878  3.7520  4.4705    .976  -.011   .951
  15.198   .449  -.0851  3.7523  4.4696    .977  -.010   .953
  15.190   .448  -.0825  3.7526  4.4686    .978  -.010   .954
  15.183   .448  -.0798  3.7530  4.4677    .979  -.009   .956
  15.175   .447  -.0771  3.7533  4.4667    .980  -.009   .957
  15.168   .447  -.0745  3.7536  4.4658    .981  -.008   .959
  15.161   .446  -.0718  3.7539  4.4649    .982  -.008   .960
  15.153   .445  -.0691  3.7542  4.4639    .983  -.007   .962
  15.146   .445  -.0664  3.7545  4.4630    .984  -.007   .964
  15.139   .444  -.0638  3.7548  4.4620    .985  -.007   .965
  15.131   .443  -.0611  3.7552  4.4611    .986  -.006   .967
  15.124   .443  -.0584  3.7555  4.4601    .987  -.006   .968
  15.117   .442  -.0558  3.7558  4.4592    .988  -.005   .970
  15.109   .441  -.0531  3.7561  4.4582    .989  -.005   .971
  15.102   .441  -.0505  3.7564  4.4573    .990  -.004   .973
  15.095   .440  -.0478  3.7567  4.4563    .991  -.004   .974
  15.087   .440  -.0451  3.7570  4.4554    .992  -.003   .976
  15.080   .439  -.0425  3.7573  4.4544    .993  -.003   .977
  15.073   .438  -.0398  3.7577  4.4535    .994  -.003   .979
  15.065   .438  -.0372  3.7580  4.4525    .995  -.002   .981
  15.058   .437  -.0345  3.7583  4.4516    .996  -.002   .982
  15.051   .436  -.0319  3.7586  4.4506    .997  -.001   .984
  15.043   .436  -.0292  3.7589  4.4497    .998  -.001   .985
  15.036   .435  -.0266  3.7592  4.4487    .999   .000   .987
  15.029   .435  -.0239  3.7595  4.4478   1.000   .000   .989
  15.022   .434  -.0213  3.7598  4.4466   1.001   .000   .990
  15.015   .433  -.0187  3.7600  4.4455   1.002   .001   .992
  15.008   .433  -.0161  3.7603  4.4443   1.003   .001   .994
  15.001   .432  -.0135  3.7605  4.4432   1.004   .002   .996
  14.994   .432  -.0109  3.7608  4.4420   1.005   .002   .998
  14.987   .431  -.0083  3.7610  4.4409   1.006   .003   .999
  14.980   .431  -.0057  3.7613  4.4397   1.007   .003  1.001
  14.973   .430  -.0031  3.7615  4.4386   1.008   .003  1.003
  14.966   .430  -.0005  3.7618  4.4374   1.009   .004  1.005
  14.959   .429   .0021  3.7620  4.4363   1.010   .004  1.007
  14.952   .429   .0047  3.7623  4.4351   1.011   .005  1.008
  14.945   .428   .0073  3.7625  4.4340   1.012   .005  1.010
  14.938   .428   .0098  3.7628  4.4328   1.013   .006  1.012
  14.931   .427   .0124  3.7630  4.4317   1.014   .006  1.014
  14.924   .427   .0150  3.7633  4.4305   1.015   .006  1.016
  14.917   .426   .0176  3.7635  4.4294   1.016   .007  1.018
  14.910   .426   .0202  3.7638  4.4282   1.017   .007  1.020
  14.903   .425   .0227  3.7640  4.4270   1.018   .008  1.021
  14.896   .425   .0253  3.7643  4.4259   1.019   .008  1.023
  14.889   .424   .0279  3.7645  4.4247   1.020   .009  1.025
  14.883   .424   .0305  3.7648  4.4236   1.021   .009  1.027
  14.876   .423   .0330  3.7650  4.4224   1.022   .009  1.029
  14.869   .423   .0356  3.7653  4.4212   1.023   .010  1.031
  14.862   .422   .0382  3.7655  4.4201   1.024   .010  1.033
  14.855   .422   .0407  3.7658  4.4189   1.025   .011  1.035
  14.848   .421   .0433  3.7660  4.4177   1.026   .011  1.036
  14.841   .420   .0458  3.7662  4.4166   1.027   .012  1.038
  14.834   .420   .0484  3.7665  4.4154   1.028   .012  1.040
  14.828   .419   .0510  3.7667  4.4142   1.029   .012  1.042
  14.821   .419   .0535  3.7670  4.4131   1.030   .013  1.044
  14.814   .418   .0561  3.7672  4.4119   1.031   .013  1.046
  14.807   .418   .0586  3.7675  4.4107   1.032   .014  1.048
  14.800   .417   .0612  3.7677  4.4095   1.033   .014  1.050
  14.794   .417   .0637  3.7680  4.4084   1.034   .015  1.052
  14.787   .416   .0663  3.7682  4.4072   1.035   .015  1.054
  14.780   .416   .0688  3.7684  4.4060   1.036   .015  1.056
  14.773   .415   .0713  3.7687  4.4048   1.037   .016  1.058
  14.766   .415   .0739  3.7689  4.4037   1.038   .016  1.060
  14.760   .414   .0764  3.7692  4.4025   1.039   .017  1.062
  14.753   .414   .0790  3.7694  4.4013   1.040   .017  1.063
  14.746   .413   .0815  3.7696  4.4001   1.041   .017  1.065
  14.739   .413   .0840  3.7699  4.3989   1.042   .018  1.067
  14.733   .412   .0866  3.7701  4.3978   1.043   .018  1.069
  14.726   .412   .0891  3.7704  4.3966   1.044   .019  1.071
  14.719   .411   .0916  3.7706  4.3954   1.045   .019  1.073
  14.712   .411   .0941  3.7708  4.3942   1.046   .020  1.075
  14.706   .410   .0967  3.7711  4.3930   1.047   .020  1.077
  14.699   .410   .0992  3.7713  4.3918   1.048   .020  1.079
  14.692   .409   .1017  3.7715  4.3906   1.049   .021  1.081
  14.686   .409   .1042  3.7718  4.3894   1.050   .021  1.083
  14.679   .408   .1068  3.7720  4.3882   1.051   .022  1.085
  14.672   .408   .1093  3.7723  4.3870   1.052   .022  1.087
  14.665   .407   .1118  3.7725  4.3858   1.053   .022  1.089
  14.659   .407   .1143  3.7727  4.3846   1.054   .023  1.091
  14.652   .406   .1168  3.7730  4.3834   1.055   .023  1.093
  14.645   .406   .1193  3.7732  4.3822   1.056   .024  1.095
  14.639   .405   .1218  3.7734  4.3810   1.057   .024  1.097
  14.632   .405   .1243  3.7737  4.3798   1.058   .024  1.099
  14.626   .404   .1269  3.7739  4.3786   1.059   .025  1.102
  14.619   .404   .1294  3.7741  4.3774   1.060   .025  1.104
  14.612   .403   .1319  3.7744  4.3761   1.061   .026  1.106
  14.605   .403   .1345  3.7746  4.3748   1.062   .026  1.108
  14.598   .402   .1371  3.7748  4.3735   1.063   .027  1.110
  14.592   .402   .1396  3.7751  4.3722   1.064   .027  1.112
  14.585   .401   .1422  3.7753  4.3710   1.065   .027  1.114
  14.578   .401   .1447  3.7755  4.3697   1.066   .028  1.117
  14.572   .400   .1472  3.7758  4.3684   1.067   .028  1.119
  14.565   .400   .1498  3.7760  4.3671   1.068   .029  1.121
  14.558   .399   .1523  3.7762  4.3658   1.069   .029  1.123
  14.552   .399   .1548  3.7764  4.3645   1.070   .029  1.125
  14.545   .398   .1573  3.7767  4.3633   1.071   .030  1.128
  14.538   .398   .1598  3.7769  4.3620   1.072   .030  1.130
  14.532   .397   .1623  3.7771  4.3607   1.073   .031  1.132
  14.525   .397   .1648  3.7774  4.3594   1.074   .031  1.134
  14.519   .396   .1673  3.7776  4.3582   1.075   .031  1.136
  14.512   .396   .1698  3.7778  4.3569   1.076   .032  1.138
  14.506   .395   .1722  3.7780  4.3556   1.077   .032  1.141
  14.499   .395   .1747  3.7783  4.3543   1.078   .033  1.143
  14.492   .394   .1773  3.7784  4.3529   1.079   .033  1.145
  14.485   .394   .1801  3.7786  4.3511   1.080   .033  1.148
  14.478   .393   .1828  3.7787  4.3493   1.081   .034  1.151
  14.471   .393   .1856  3.7788  4.3475   1.082   .034  1.154
  14.464   .393   .1884  3.7790  4.3458   1.083   .035  1.157
  14.457   .393   .1911  3.7791  4.3440   1.084   .035  1.160
  14.450   .392   .1939  3.7792  4.3423   1.085   .035  1.163
  14.443   .392   .1966  3.7794  4.3405   1.086   .036  1.166
  14.436   .392   .1993  3.7795  4.3387   1.087   .036  1.168
  14.429   .391   .2021  3.7796  4.3370   1.088   .037  1.171
  14.422   .391   .2048  3.7797  4.3353   1.089   .037  1.174
  14.415   .391   .2075  3.7799  4.3335   1.090   .037  1.177
  14.408   .391   .2102  3.7800  4.3318   1.091   .038  1.180
  14.401   .390   .2129  3.7801  4.3300   1.092   .038  1.183
  14.394   .390   .2156  3.7802  4.3283   1.093   .039  1.186
  14.387   .390   .2183  3.7803  4.3266   1.094   .039  1.189
  14.380   .389   .2210  3.7804  4.3249   1.095   .039  1.192
  14.373   .389   .2237  3.7806  4.3232   1.096   .040  1.194
  14.366   .389   .2263  3.7807  4.3215   1.097   .040  1.197
  14.360   .389   .2290  3.7808  4.3198   1.098   .041  1.200
  14.353   .388   .2316  3.7809  4.3181   1.099   .041  1.203
  14.346   .388   .2343  3.7810  4.3164   1.100   .041  1.206
  14.340   .388   .2366  3.7811  4.3148   1.101   .042  1.209
  14.334   .388   .2390  3.7812  4.3132   1.102   .042  1.212
  14.328   .388   .2413  3.7813  4.3116   1.103   .043  1.214
  14.322   .387   .2437  3.7814  4.3100   1.104   .043  1.217
  14.316   .387   .2460  3.7814  4.3085   1.105   .043  1.220
  14.310   .387   .2483  3.7815  4.3069   1.106   .044  1.223
  14.304   .387   .2507  3.7816  4.3053   1.107   .044  1.225
  14.298   .387   .2530  3.7817  4.3037   1.108   .045  1.228
  14.292   .386   .2553  3.7818  4.3021   1.109   .045  1.231
  14.286   .386   .2576  3.7818  4.3006   1.110   .045  1.234
  14.280   .386   .2600  3.7819  4.2990   1.111   .046  1.237
  14.275   .386   .2623  3.7820  4.2974   1.112   .046  1.239
  14.269   .386   .2646  3.7821  4.2958   1.113   .046  1.242
  14.263   .386   .2669  3.7821  4.2942   1.114   .047  1.245
  14.257   .385   .2692  3.7822  4.2926   1.115   .047  1.248
  14.251   .385   .2715  3.7823  4.2910   1.116   .048  1.251
  14.245   .385   .2738  3.7823  4.2894   1.117   .048  1.254
  14.239   .385   .2761  3.7824  4.2879   1.118   .048  1.256
  14.234   .385   .2783  3.7825  4.2863   1.119   .049  1.259
  14.228   .385   .2806  3.7825  4.2847   1.120   .049  1.262
  14.222   .384   .2829  3.7826  4.2831   1.121   .050  1.265
  14.216   .384   .2852  3.7827  4.2815   1.122   .050  1.268
  14.210   .384   .2875  3.7827  4.2799   1.123   .050  1.271
  14.205   .384   .2897  3.7828  4.2783   1.124   .051  1.274
  14.199   .384   .2920  3.7829  4.2767   1.125   .051  1.277
  14.193   .384   .2942  3.7829  4.2751   1.126   .052  1.280
  14.187   .384   .2965  3.7830  4.2735   1.127   .052  1.283
  14.182   .383   .2988  3.7830  4.2719   1.128   .052  1.286
  14.176   .383   .3010  3.7831  4.2703   1.129   .053  1.288
  14.170   .383   .3033  3.7831  4.2687   1.130   .053  1.291
  14.165   .383   .3055  3.7832  4.2670   1.131   .053  1.294
  14.159   .383   .3077  3.7832  4.2654   1.132   .054  1.297
  14.153   .383   .3100  3.7833  4.2638   1.133   .054  1.300
  14.148   .383   .3122  3.7833  4.2622   1.134   .055  1.303
  14.142   .383   .3144  3.7834  4.2606   1.135   .055  1.306
  14.136   .382   .3167  3.7834  4.2590   1.136   .055  1.309
  14.131   .382   .3189  3.7835  4.2574   1.137   .056  1.312
  14.125   .382   .3211  3.7835  4.2557   1.138   .056  1.315
  14.120   .382   .3233  3.7836  4.2541   1.139   .057  1.318
  14.114   .382   .3255  3.7836  4.2524   1.140   .057  1.322
  14.108   .382   .3277  3.7836  4.2506   1.141   .057  1.325
  14.103   .382   .3299  3.7836  4.2488   1.142   .058  1.328
  14.098   .382   .3320  3.7836  4.2470   1.143   .058  1.332
  14.092   .382   .3342  3.7836  4.2452   1.144   .058  1.335
  14.087   .382   .3364  3.7836  4.2434   1.145   .059  1.338
  14.081   .382   .3385  3.7836  4.2416   1.146   .059  1.342
  14.076   .382   .3407  3.7836  4.2398   1.147   .060  1.345
  14.070   .382   .3428  3.7836  4.2380   1.148   .060  1.348
  14.065   .382   .3450  3.7836  4.2361   1.149   .060  1.352
  14.060   .382   .3471  3.7836  4.2343   1.150   .061  1.355
  14.054   .382   .3492  3.7836  4.2325   1.151   .061  1.359
  14.049   .382   .3514  3.7835  4.2307   1.152   .061  1.362
  14.044   .382   .3535  3.7835  4.2289   1.153   .062  1.366
  14.039   .382   .3556  3.7835  4.2270   1.154   .062  1.369
  14.033   .382   .3577  3.7835  4.2252   1.155   .063  1.373
  14.028   .382   .3598  3.7835  4.2234   1.156   .063  1.376
  14.023   .382   .3619  3.7834  4.2215   1.157   .063  1.380
  14.018   .382   .3640  3.7834  4.2197   1.158   .064  1.383
  14.012   .382   .3661  3.7834  4.2178   1.159   .064  1.387
  14.007   .383   .3681  3.7833  4.2160   1.160   .064  1.390
  14.002   .383   .3702  3.7833  4.2141   1.161   .065  1.394
  13.997   .383   .3723  3.7833  4.2123   1.162   .065  1.397
  13.992   .383   .3743  3.7832  4.2104   1.163   .066  1.401
  13.987   .383   .3764  3.7832  4.2085   1.164   .066  1.405
  13.982   .383   .3784  3.7831  4.2066   1.165   .066  1.408
  13.977   .383   .3805  3.7831  4.2048   1.166   .067  1.412
  13.972   .383   .3825  3.7830  4.2029   1.167   .067  1.416
  13.967   .383   .3845  3.7830  4.2010   1.168   .067  1.419
  13.962   .383   .3865  3.7829  4.1991   1.169   .068  1.423
  13.957   .384   .3885  3.7829  4.1972   1.170   .068  1.427
  13.952   .384   .3905  3.7828  4.1953   1.171   .069  1.430
  13.947   .384   .3925  3.7827  4.1934   1.172   .069  1.434
  13.942   .384   .3945  3.7827  4.1915   1.173   .069  1.438
  13.937   .384   .3965  3.7826  4.1896   1.174   .070  1.442
  13.932   .384   .3985  3.7825  4.1877   1.175   .070  1.446
  13.927   .385   .4005  3.7824  4.1857   1.176   .070  1.449
  13.923   .385   .4024  3.7824  4.1838   1.177   .071  1.453
  13.918   .385   .4044  3.7823  4.1819   1.178   .071  1.457
  13.913   .385   .4063  3.7822  4.1799   1.179   .072  1.461
  13.908   .385   .4083  3.7821  4.1780   1.180   .072  1.465
  13.904   .386   .4102  3.7820  4.1760   1.181   .072  1.469
  13.899   .386   .4121  3.7819  4.1741   1.182   .073  1.473
  13.894   .386   .4140  3.7818  4.1721   1.183   .073  1.477
  13.890   .386   .4160  3.7817  4.1701   1.184   .073  1.481
  13.885   .386   .4179  3.7816  4.1682   1.185   .074  1.485
  13.880   .387   .4198  3.7815  4.1662   1.186   .074  1.489
  13.876   .387   .4216  3.7814  4.1642   1.187   .074  1.493
  13.871   .387   .4235  3.7813  4.1622   1.188   .075  1.497
  13.867   .387   .4254  3.7811  4.1602   1.189   .075  1.501
  13.862   .388   .4273  3.7810  4.1582   1.190   .076  1.505
  13.858   .388   .4291  3.7809  4.1561   1.191   .076  1.509
  13.853   .388   .4310  3.7808  4.1541   1.192   .076  1.513
  13.849   .389   .4328  3.7806  4.1521   1.193   .077  1.518
  13.844   .389   .4346  3.7805  4.1500   1.194   .077  1.522
  13.840   .389   .4365  3.7803  4.1480   1.195   .077  1.526
  13.835   .390   .4384  3.7802  4.1458   1.196   .078  1.530
  13.830   .390   .4404  3.7800  4.1436   1.197   .078  1.535
  13.826   .390   .4425  3.7799  4.1413   1.198   .078  1.540
  13.821   .391   .4445  3.7797  4.1391   1.199   .079  1.544
  13.816   .391   .4466  3.7796  4.1367   1.200   .079  1.549
  13.811   .391   .4485  3.7795  4.1350   1.201   .080  1.553
  13.806   .391   .4504  3.7795  4.1332   1.202   .080  1.557
  13.802   .391   .4523  3.7794  4.1314   1.203   .080  1.561
  13.797   .392   .4542  3.7794  4.1296   1.204   .081  1.564
  13.792   .392   .4561  3.7793  4.1278   1.205   .081  1.568
  13.788   .392   .4580  3.7792  4.1260   1.206   .081  1.572
  13.783   .392   .4598  3.7791  4.1242   1.207   .082  1.576
  13.779   .392   .4617  3.7791  4.1224   1.208   .082  1.580
  13.774   .392   .4635  3.7790  4.1206   1.209   .082  1.584
  13.770   .393   .4653  3.7789  4.1188   1.210   .083  1.588
  13.765   .393   .4671  3.7788  4.1170   1.211   .083  1.592
  13.761   .393   .4689  3.7787  4.1151   1.212   .084  1.596
  13.755   .393   .4713  3.7787  4.1127   1.213   .084  1.601
  13.749   .393   .4737  3.7787  4.1104   1.214   .084  1.606
  13.743   .393   .4760  3.7786  4.1080   1.215   .085  1.611
  13.736   .393   .4790  3.7788  4.1056   1.216   .085  1.616
  13.723   .392   .4838  3.7793  4.1031   1.217   .085  1.622
  13.710   .390   .4886  3.7798  4.1006   1.218   .086  1.627
  13.697   .389   .4934  3.7804  4.0981   1.219   .086  1.632
  13.685   .388   .4982  3.7809  4.0956   1.220   .086  1.638
  13.672   .387   .5029  3.7814  4.0931   1.221   .087  1.643
  13.660   .385   .5076  3.7819  4.0906   1.222   .087  1.649
  13.647   .384   .5122  3.7824  4.0881   1.223   .087  1.654
  13.635   .383   .5169  3.7830  4.0857   1.224   .088  1.659
  13.590   .378   .5336  3.7851  4.0781   1.225   .088  1.675
  13.545   .373   .5506  3.7873  4.0704   1.226   .088  1.690
  13.501   .368   .5670  3.7894  4.0629   1.227   .089  1.705
  13.459   .363   .5828  3.7914  4.0558   1.228   .089  1.720
  13.359   .353   .6206  3.7961  4.0363   1.229   .090  1.760
  13.341   .354   .6281  3.7954  4.0270   1.230   .090  1.780
  13.333   .356   .6316  3.7945  4.0210   1.231   .090  1.793
  13.325   .358   .6350  3.7935  4.0151   1.232   .091  1.806
  13.318   .360   .6385  3.7926  4.0092   1.233   .091  1.819
  13.311   .362   .6415  3.7919  4.0041   1.234   .091  1.830
  13.306   .363   .6437  3.7915  4.0009   1.235   .092  1.838
  13.301   .364   .6458  3.7912  3.9977   1.236   .092  1.845
  13.296   .364   .6479  3.7909  3.9945   1.237   .092  1.853
  13.291   .365   .6501  3.7906  3.9913   1.238   .093  1.860
  13.286   .366   .6522  3.7902  3.9881   1.239   .093  1.868
  13.281   .367   .6543  3.7899  3.9850   1.240   .093  1.875
  13.276   .367   .6564  3.7896  3.9818   1.241   .094  1.883
  13.271   .368   .6585  3.7892  3.9786   1.242   .094  1.891
  13.267   .369   .6605  3.7889  3.9755   1.243   .094  1.898
  13.262   .370   .6626  3.7886  3.9724   1.244   .095  1.906
  13.257   .370   .6646  3.7883  3.9692   1.245   .095  1.913
  13.252   .371   .6667  3.7879  3.9661   1.246   .096  1.921
  13.248   .372   .6687  3.7876  3.9630   1.247   .096  1.929
  13.243   .373   .6707  3.7873  3.9599   1.248   .096  1.937
  13.239   .373   .6727  3.7869  3.9568   1.249   .097  1.944
  13.234   .374   .6747  3.7866  3.9537   1.250   .097  1.952
  13.229   .375   .6766  3.7862  3.9505   1.251   .097  1.960
  13.225   .376   .6786  3.7859  3.9474   1.252   .098  1.968
  13.221   .376   .6805  3.7855  3.9443   1.253   .098  1.975
  13.216   .377   .6825  3.7852  3.9412   1.254   .098  1.983
  13.204   .385   .6891  3.7817  3.9221   1.255   .099  2.028
  13.203   .390   .6906  3.7797  3.9132   1.256   .099  2.050
  13.205   .394   .6909  3.7781  3.9067   1.257   .099  2.066
  13.206   .397   .6914  3.7766  3.9003   1.258   .100  2.082
  13.207   .401   .6919  3.7751  3.8939   1.259   .100  2.099
  13.208   .404   .6926  3.7736  3.8876   1.260   .100  2.115
  13.208   .407   .6934  3.7721  3.8813   1.261   .101  2.131
  13.208   .410   .6943  3.7707  3.8750   1.262   .101  2.147
  13.208   .414   .6953  3.7694  3.8688   1.263   .101  2.164
  13.207   .416   .6965  3.7680  3.8626   1.264   .102  2.180
  13.207   .419   .6977  3.7667  3.8565   1.265   .102  2.196
  13.206   .422   .6990  3.7655  3.8504   1.266   .102  2.213
  13.204   .425   .7004  3.7643  3.8443   1.267   .103  2.229
  13.214   .430   .6986  3.7619  3.8369   1.268   .103  2.249
  13.223   .436   .6966  3.7595  3.8294   1.269   .103  2.269
  13.233   .441   .6948  3.7571  3.8221   1.270   .104  2.289
  13.242   .446   .6931  3.7548  3.8149   1.271   .104  2.309
  13.255   .452   .6902  3.7521  3.8074   1.272   .104  2.330
  13.269   .458   .6874  3.7495  3.7999   1.273   .105  2.351
  13.282   .464   .6845  3.7468  3.7925   1.274   .105  2.372
  13.296   .470   .6817  3.7441  3.7851   1.275   .106  2.394
  13.310   .476   .6789  3.7415  3.7778   1.276   .106  2.415
  13.324   .482   .6760  3.7389  3.7705   1.277   .106  2.436
  13.339   .488   .6732  3.7362  3.7633   1.278   .107  2.457
  13.366   .498   .6669  3.7322  3.7541   1.279   .107  2.485
  13.397   .508   .6597  3.7280  3.7450   1.280   .107  2.512
  13.431   .519   .6518  3.7238  3.7363   1.281   .108  2.538
  13.467   .529   .6434  3.7195  3.7280   1.282   .108  2.563
  13.506   .540   .6343  3.7151  3.7201   1.283   .108  2.588
  13.530   .550   .6306  3.7111  3.7077   1.284   .109  2.626
  13.556   .560   .6269  3.7070  3.6953   1.285   .109  2.665
  13.579   .570   .6242  3.7031  3.6825   1.286   .109  2.705
  13.562   .576   .6350  3.7009  3.6630   1.287   .110  2.768
  13.546   .582   .6455  3.6986  3.6437   1.288   .110  2.831
  13.531   .589   .6557  3.6963  3.6246   1.289   .110  2.895
  13.518   .595   .6655  3.6939  3.6057   1.290   .111  2.960
  13.489   .600   .6804  3.6922  3.5838   1.291   .111  3.037
  13.449   .604   .6984  3.6910  3.5603   1.292   .111  3.121
  13.402   .606   .7187  3.6902  3.5371   1.293   .112  3.207
  13.355   .609   .7391  3.6894  3.5143   1.294   .112  3.294
  13.309   .611   .7592  3.6886  3.4918   1.295   .112  3.381
  13.263   .614   .7790  3.6879  3.4696   1.296   .113  3.470
  13.217   .617   .7985  3.6871  3.4477   1.297   .113  3.560
  13.168   .619   .8196  3.6864  3.4241   1.298   .113  3.660
  13.110   .622   .8446  3.6856  3.3964   1.299   .114  3.780
  13.052   .625   .8691  3.6848  3.3690   1.300   .114  3.902
  13.004   .628   .8897  3.6841  3.3461   1.301   .114  4.008
  12.956   .630   .9104  3.6834  3.3230   1.302   .115  4.118
  12.907   .633   .9312  3.6827  3.2997   1.303   .115  4.231
  12.851   .636   .9552  3.6819  3.2729   1.304   .115  4.366
  12.786   .639   .9832  3.6810  3.2417   1.305   .116  4.527
  12.721   .643  1.0112  3.6801  3.2104   1.306   .116  4.695
  12.655   .647  1.0395  3.6791  3.1788   1.307   .116  4.871
  12.589   .650  1.0679  3.6781  3.1470   1.308   .117  5.054
  12.522   .654  1.0972  3.6771  3.1140   1.309   .117  5.252
  12.446   .659  1.1304  3.6757  3.0761   1.310   .117  5.489
  12.371   .664  1.1632  3.6744  3.0384   1.311   .118  5.734
  12.297   .668  1.1958  3.6731  3.0012   1.312   .118  5.987
  12.214   .674  1.2323  3.6717  2.9589   1.313   .118  6.289
  12.118   .680  1.2745  3.6699  2.9094   1.314   .119  6.660
  12.023   .687  1.3166  3.6682  2.8599   1.315   .119  7.053
  11.911   .695  1.3668  3.6659  2.8006   1.316   .119  7.554
  11.786   .705  1.4236  3.6631  2.7332   1.317   .120  8.166
  11.663   .715  1.4797  3.6605  2.6668   1.318   .120  8.819
  11.543   .725  1.5341  3.6580  2.6027   1.319   .120  9.498
  11.471   .731  1.5674  3.6563  2.5636   1.320   .121  9.939
  11.319   .747  1.6398  3.6522  2.4748   1.321   .121 11.013
  11.138   .767  1.7269  3.6471  2.3670   1.322   .121 12.473
  10.935   .790  1.8251  3.6415  2.2461   1.323   .122 14.341
  10.682   .821  1.9493  3.6342  2.0929   1.324   .122 17.114
  10.339   .871  2.1273  3.6223  1.8674   1.325   .122 22.195
   9.871   .963  2.3950  3.6024  1.5218   1.326   .123 33.056
   9.759  1.270  2.9346  3.5499   .7731   1.327   .123 78.298
