# [Fe/H] =    .010;  age =  4000.000 Myr;  distance =    850.00 pc;  E(b-y) =    .040 mag
#   V    (b-y)   log L   log T   log g    M/Mo   log M  R/Ro
  18.677   .926 -1.1795  3.5897  4.6993    .600  -.222   .573
  18.662   .924 -1.1762  3.5902  4.6988    .601  -.221   .574
  18.647   .922 -1.1729  3.5907  4.6983    .602  -.220   .575
  18.631   .920 -1.1696  3.5912  4.6978    .603  -.220   .576
  18.616   .918 -1.1663  3.5917  4.6972    .604  -.219   .576
  18.601   .916 -1.1630  3.5922  4.6967    .605  -.218   .577
  18.587   .914 -1.1597  3.5927  4.6962    .606  -.218   .578
  18.572   .912 -1.1564  3.5932  4.6957    .607  -.217   .579
  18.557   .910 -1.1532  3.5937  4.6952    .608  -.216   .580
  18.542   .908 -1.1499  3.5942  4.6947    .609  -.215   .581
  18.528   .906 -1.1466  3.5947  4.6942    .610  -.215   .581
  18.513   .904 -1.1434  3.5952  4.6936    .611  -.214   .582
  18.499   .902 -1.1401  3.5957  4.6931    .612  -.213   .583
  18.484   .900 -1.1369  3.5962  4.6926    .613  -.213   .584
  18.470   .898 -1.1337  3.5967  4.6921    .614  -.212   .585
  18.456   .896 -1.1304  3.5972  4.6916    .615  -.211   .585
  18.442   .894 -1.1272  3.5977  4.6911    .616  -.210   .586
  18.428   .892 -1.1240  3.5982  4.6906    .617  -.210   .587
  18.414   .890 -1.1207  3.5987  4.6901    .618  -.209   .588
  18.400   .888 -1.1175  3.5992  4.6896    .619  -.208   .589
  18.386   .886 -1.1143  3.5997  4.6891    .620  -.208   .590
  18.372   .884 -1.1111  3.6002  4.6886    .621  -.207   .590
  18.358   .882 -1.1079  3.6007  4.6881    .622  -.206   .591
  18.345   .880 -1.1047  3.6012  4.6876    .623  -.206   .592
  18.331   .878 -1.1015  3.6017  4.6871    .624  -.205   .593
  18.318   .876 -1.0984  3.6022  4.6866    .625  -.204   .594
  18.304   .874 -1.0952  3.6027  4.6861    .626  -.203   .594
  18.291   .872 -1.0920  3.6031  4.6856    .627  -.203   .595
  18.278   .870 -1.0888  3.6036  4.6851    .628  -.202   .596
  18.265   .868 -1.0857  3.6041  4.6846    .629  -.201   .597
  18.252   .866 -1.0825  3.6046  4.6841    .630  -.201   .598
  18.239   .864 -1.0794  3.6051  4.6836    .631  -.200   .599
  18.226   .862 -1.0762  3.6056  4.6831    .632  -.199   .599
  18.214   .860 -1.0731  3.6061  4.6826    .633  -.199   .600
  18.201   .859 -1.0699  3.6065  4.6821    .634  -.198   .601
  18.189   .857 -1.0668  3.6070  4.6816    .635  -.197   .602
  18.176   .855 -1.0637  3.6075  4.6811    .636  -.197   .603
  18.164   .853 -1.0605  3.6080  4.6806    .637  -.196   .603
  18.152   .851 -1.0574  3.6085  4.6801    .638  -.195   .604
  18.140   .849 -1.0543  3.6089  4.6796    .639  -.194   .605
  18.128   .847 -1.0512  3.6094  4.6791    .640  -.194   .606
  18.116   .845 -1.0481  3.6099  4.6786    .641  -.193   .607
  18.104   .843 -1.0450  3.6104  4.6782    .642  -.192   .608
  18.092   .842 -1.0419  3.6108  4.6777    .643  -.192   .608
  18.080   .840 -1.0388  3.6113  4.6772    .644  -.191   .609
  18.068   .838 -1.0357  3.6118  4.6767    .645  -.190   .610
  18.057   .836 -1.0326  3.6123  4.6762    .646  -.190   .611
  18.045   .834 -1.0296  3.6127  4.6757    .647  -.189   .612
  18.033   .832 -1.0265  3.6132  4.6752    .648  -.188   .612
  18.022   .830 -1.0234  3.6137  4.6748    .649  -.188   .613
  18.010   .829 -1.0204  3.6141  4.6743    .650  -.187   .614
  17.999   .827 -1.0173  3.6146  4.6738    .651  -.186   .615
  17.988   .825 -1.0142  3.6151  4.6733    .652  -.186   .616
  17.976   .823 -1.0112  3.6156  4.6728    .653  -.185   .616
  17.965   .821 -1.0081  3.6160  4.6724    .654  -.184   .617
  17.954   .820 -1.0051  3.6165  4.6719    .655  -.184   .618
  17.943   .818 -1.0021  3.6170  4.6714    .656  -.183   .619
  17.931   .816  -.9990  3.6174  4.6709    .657  -.182   .620
  17.920   .814  -.9960  3.6179  4.6704    .658  -.182   .621
  17.909   .812  -.9930  3.6183  4.6700    .659  -.181   .621
  17.898   .811  -.9900  3.6188  4.6695    .660  -.180   .622
  17.887   .809  -.9870  3.6193  4.6690    .661  -.180   .623
  17.876   .807  -.9840  3.6197  4.6685    .662  -.179   .624
  17.865   .805  -.9810  3.6202  4.6681    .663  -.178   .625
  17.854   .803  -.9780  3.6207  4.6676    .664  -.178   .625
  17.843   .802  -.9750  3.6211  4.6671    .665  -.177   .626
  17.832   .800  -.9720  3.6216  4.6666    .666  -.177   .627
  17.821   .798  -.9690  3.6220  4.6662    .667  -.176   .628
  17.810   .796  -.9660  3.6225  4.6657    .668  -.175   .629
  17.799   .795  -.9630  3.6229  4.6652    .669  -.175   .629
  17.788   .793  -.9600  3.6234  4.6648    .670  -.174   .630
  17.777   .791  -.9571  3.6239  4.6643    .671  -.173   .631
  17.766   .789  -.9541  3.6243  4.6638    .672  -.173   .632
  17.755   .788  -.9512  3.6248  4.6634    .673  -.172   .633
  17.744   .786  -.9482  3.6252  4.6629    .674  -.171   .633
  17.734   .784  -.9453  3.6257  4.6624    .675  -.171   .634
  17.723   .783  -.9423  3.6261  4.6620    .676  -.170   .635
  17.712   .781  -.9394  3.6266  4.6615    .677  -.169   .636
  17.701   .779  -.9364  3.6270  4.6610    .678  -.169   .637
  17.690   .778  -.9335  3.6275  4.6606    .679  -.168   .638
  17.679   .776  -.9306  3.6279  4.6601    .680  -.167   .638
  17.668   .774  -.9276  3.6284  4.6596    .681  -.167   .639
  17.657   .772  -.9247  3.6288  4.6592    .682  -.166   .640
  17.646   .771  -.9218  3.6293  4.6587    .683  -.166   .641
  17.635   .769  -.9189  3.6297  4.6583    .684  -.165   .642
  17.624   .767  -.9160  3.6302  4.6578    .685  -.164   .642
  17.613   .766  -.9131  3.6306  4.6573    .686  -.164   .643
  17.602   .764  -.9102  3.6311  4.6569    .687  -.163   .644
  17.591   .762  -.9073  3.6315  4.6564    .688  -.162   .645
  17.580   .760  -.9044  3.6319  4.6560    .689  -.162   .646
  17.570   .759  -.9015  3.6324  4.6555    .690  -.161   .646
  17.559   .757  -.8986  3.6328  4.6550    .691  -.161   .647
  17.548   .755  -.8957  3.6333  4.6546    .692  -.160   .648
  17.537   .754  -.8928  3.6337  4.6541    .693  -.159   .649
  17.527   .752  -.8900  3.6342  4.6537    .694  -.159   .650
  17.516   .750  -.8871  3.6346  4.6532    .695  -.158   .650
  17.505   .749  -.8842  3.6350  4.6528    .696  -.157   .651
  17.494   .747  -.8814  3.6355  4.6523    .697  -.157   .652
  17.484   .746  -.8785  3.6359  4.6519    .698  -.156   .653
  17.473   .744  -.8757  3.6364  4.6514    .699  -.156   .654
  17.463   .742  -.8728  3.6368  4.6510    .700  -.155   .655
  17.451   .741  -.8699  3.6373  4.6505    .701  -.154   .655
  17.440   .739  -.8669  3.6377  4.6500    .702  -.154   .656
  17.429   .737  -.8639  3.6382  4.6495    .703  -.153   .657
  17.418   .735  -.8610  3.6387  4.6491    .704  -.152   .658
  17.407   .734  -.8580  3.6391  4.6486    .705  -.152   .659
  17.396   .732  -.8551  3.6396  4.6481    .706  -.151   .659
  17.385   .730  -.8521  3.6401  4.6476    .707  -.151   .660
  17.374   .729  -.8492  3.6405  4.6472    .708  -.150   .661
  17.363   .727  -.8462  3.6410  4.6467    .709  -.149   .662
  17.352   .725  -.8433  3.6415  4.6462    .710  -.149   .663
  17.341   .724  -.8404  3.6419  4.6458    .711  -.148   .664
  17.330   .722  -.8374  3.6424  4.6453    .712  -.148   .664
  17.319   .720  -.8345  3.6429  4.6448    .713  -.147   .665
  17.308   .719  -.8316  3.6433  4.6444    .714  -.146   .666
  17.297   .717  -.8287  3.6438  4.6439    .715  -.146   .667
  17.286   .715  -.8258  3.6443  4.6434    .716  -.145   .668
  17.275   .714  -.8229  3.6447  4.6430    .717  -.144   .669
  17.264   .712  -.8200  3.6452  4.6425    .718  -.144   .669
  17.254   .710  -.8171  3.6456  4.6420    .719  -.143   .670
  17.243   .709  -.8142  3.6461  4.6416    .720  -.143   .671
  17.232   .707  -.8113  3.6466  4.6411    .721  -.142   .672
  17.221   .706  -.8084  3.6470  4.6406    .722  -.141   .673
  17.211   .704  -.8055  3.6475  4.6402    .723  -.141   .674
  17.200   .703  -.8026  3.6479  4.6397    .724  -.140   .674
  17.189   .701  -.7997  3.6484  4.6392    .725  -.140   .675
  17.179   .699  -.7969  3.6488  4.6388    .726  -.139   .676
  17.168   .698  -.7940  3.6493  4.6383    .727  -.138   .677
  17.158   .696  -.7911  3.6498  4.6379    .728  -.138   .678
  17.147   .695  -.7883  3.6502  4.6374    .729  -.137   .678
  17.136   .693  -.7854  3.6507  4.6370    .730  -.137   .679
  17.126   .692  -.7826  3.6511  4.6365    .731  -.136   .680
  17.115   .690  -.7797  3.6516  4.6360    .732  -.135   .681
  17.105   .689  -.7769  3.6520  4.6356    .733  -.135   .682
  17.095   .687  -.7740  3.6525  4.6351    .734  -.134   .683
  17.084   .686  -.7712  3.6529  4.6347    .735  -.134   .683
  17.074   .684  -.7684  3.6534  4.6342    .736  -.133   .684
  17.063   .683  -.7655  3.6538  4.6338    .737  -.133   .685
  17.053   .682  -.7627  3.6543  4.6333    .738  -.132   .686
  17.043   .680  -.7599  3.6547  4.6329    .739  -.131   .687
  17.032   .679  -.7571  3.6552  4.6324    .740  -.131   .687
  17.022   .678  -.7543  3.6556  4.6320    .741  -.130   .688
  17.012   .676  -.7514  3.6561  4.6315    .742  -.130   .689
  17.001   .675  -.7486  3.6565  4.6311    .743  -.129   .690
  16.991   .674  -.7458  3.6569  4.6306    .744  -.128   .691
  16.981   .672  -.7430  3.6574  4.6302    .745  -.128   .692
  16.971   .671  -.7402  3.6578  4.6297    .746  -.127   .692
  16.961   .670  -.7374  3.6583  4.6293    .747  -.127   .693
  16.951   .669  -.7347  3.6587  4.6288    .748  -.126   .694
  16.940   .667  -.7319  3.6592  4.6284    .749  -.126   .695
  16.930   .666  -.7291  3.6596  4.6279    .750  -.125   .696
  16.920   .665  -.7262  3.6601  4.6274    .751  -.124   .697
  16.909   .663  -.7231  3.6605  4.6269    .752  -.124   .697
  16.898   .662  -.7200  3.6610  4.6263    .753  -.123   .698
  16.887   .661  -.7170  3.6615  4.6257    .754  -.123   .699
  16.875   .659  -.7139  3.6620  4.6252    .755  -.122   .700
  16.864   .658  -.7109  3.6625  4.6246    .756  -.121   .701
  16.853   .657  -.7078  3.6630  4.6240    .757  -.121   .702
  16.842   .655  -.7048  3.6634  4.6234    .758  -.120   .703
  16.831   .654  -.7017  3.6639  4.6229    .759  -.120   .704
  16.820   .653  -.6987  3.6644  4.6223    .760  -.119   .705
  16.810   .651  -.6956  3.6649  4.6217    .761  -.119   .706
  16.799   .650  -.6926  3.6654  4.6212    .762  -.118   .707
  16.788   .649  -.6895  3.6659  4.6206    .763  -.117   .708
  16.777   .647  -.6865  3.6663  4.6200    .764  -.117   .709
  16.766   .646  -.6835  3.6668  4.6195    .765  -.116   .709
  16.755   .645  -.6804  3.6673  4.6189    .766  -.116   .710
  16.744   .644  -.6774  3.6678  4.6183    .767  -.115   .711
  16.733   .642  -.6744  3.6683  4.6178    .768  -.115   .712
  16.723   .641  -.6713  3.6687  4.6172    .769  -.114   .713
  16.712   .640  -.6683  3.6692  4.6167    .770  -.114   .714
  16.701   .639  -.6653  3.6697  4.6161    .771  -.113   .715
  16.690   .637  -.6623  3.6702  4.6155    .772  -.112   .716
  16.680   .636  -.6592  3.6707  4.6150    .773  -.112   .717
  16.669   .635  -.6562  3.6711  4.6144    .774  -.111   .718
  16.658   .634  -.6532  3.6716  4.6138    .775  -.111   .719
  16.648   .632  -.6502  3.6721  4.6133    .776  -.110   .720
  16.637   .631  -.6472  3.6726  4.6127    .777  -.110   .721
  16.626   .630  -.6442  3.6731  4.6122    .778  -.109   .722
  16.616   .629  -.6412  3.6735  4.6116    .779  -.108   .722
  16.605   .628  -.6382  3.6740  4.6110    .780  -.108   .723
  16.594   .626  -.6352  3.6745  4.6105    .781  -.107   .724
  16.584   .625  -.6322  3.6750  4.6099    .782  -.107   .725
  16.573   .624  -.6292  3.6754  4.6093    .783  -.106   .726
  16.563   .623  -.6262  3.6759  4.6088    .784  -.106   .727
  16.552   .622  -.6232  3.6764  4.6082    .785  -.105   .728
  16.542   .621  -.6202  3.6769  4.6077    .786  -.105   .729
  16.531   .619  -.6172  3.6773  4.6071    .787  -.104   .730
  16.521   .618  -.6142  3.6778  4.6065    .788  -.103   .731
  16.510   .617  -.6112  3.6783  4.6060    .789  -.103   .732
  16.500   .616  -.6082  3.6788  4.6054    .790  -.102   .733
  16.489   .615  -.6052  3.6793  4.6049    .791  -.102   .734
  16.479   .613  -.6023  3.6797  4.6043    .792  -.101   .735
  16.469   .612  -.5993  3.6802  4.6037    .793  -.101   .736
  16.458   .611  -.5963  3.6807  4.6032    .794  -.100   .737
  16.448   .610  -.5933  3.6812  4.6026    .795  -.100   .737
  16.437   .609  -.5904  3.6816  4.6021    .796  -.099   .738
  16.427   .608  -.5874  3.6821  4.6015    .797  -.099   .739
  16.417   .607  -.5844  3.6826  4.6009    .798  -.098   .740
  16.406   .605  -.5814  3.6831  4.6004    .799  -.097   .741
  16.396   .604  -.5785  3.6835  4.5998    .800  -.097   .742
  16.386   .603  -.5756  3.6840  4.5993    .801  -.096   .743
  16.376   .602  -.5727  3.6844  4.5987    .802  -.096   .744
  16.367   .601  -.5699  3.6849  4.5982    .803  -.095   .745
  16.357   .600  -.5670  3.6853  4.5977    .804  -.095   .746
  16.347   .599  -.5641  3.6858  4.5971    .805  -.094   .747
  16.337   .598  -.5613  3.6862  4.5966    .806  -.094   .748
  16.327   .597  -.5584  3.6867  4.5960    .807  -.093   .749
  16.318   .596  -.5555  3.6871  4.5955    .808  -.093   .750
  16.308   .595  -.5527  3.6876  4.5949    .809  -.092   .751
  16.298   .594  -.5498  3.6880  4.5944    .810  -.092   .751
  16.288   .593  -.5470  3.6885  4.5938    .811  -.091   .752
  16.279   .592  -.5442  3.6889  4.5933    .812  -.090   .753
  16.269   .591  -.5413  3.6893  4.5927    .813  -.090   .754
  16.260   .590  -.5385  3.6898  4.5922    .814  -.089   .755
  16.250   .588  -.5356  3.6902  4.5916    .815  -.089   .756
  16.240   .587  -.5328  3.6907  4.5911    .816  -.088   .757
  16.231   .586  -.5300  3.6911  4.5905    .817  -.088   .758
  16.221   .585  -.5271  3.6915  4.5900    .818  -.087   .759
  16.212   .584  -.5243  3.6920  4.5894    .819  -.087   .760
  16.202   .583  -.5215  3.6924  4.5889    .820  -.086   .761
  16.193   .582  -.5187  3.6929  4.5883    .821  -.086   .762
  16.183   .581  -.5159  3.6933  4.5878    .822  -.085   .763
  16.174   .580  -.5130  3.6937  4.5872    .823  -.085   .764
  16.164   .579  -.5102  3.6942  4.5867    .824  -.084   .765
  16.155   .579  -.5074  3.6946  4.5861    .825  -.084   .766
  16.146   .578  -.5046  3.6950  4.5856    .826  -.083   .767
  16.136   .577  -.5018  3.6955  4.5850    .827  -.082   .768
  16.127   .576  -.4990  3.6959  4.5845    .828  -.082   .768
  16.118   .575  -.4962  3.6963  4.5839    .829  -.081   .769
  16.108   .574  -.4934  3.6968  4.5834    .830  -.081   .770
  16.099   .573  -.4906  3.6972  4.5828    .831  -.080   .771
  16.090   .572  -.4878  3.6976  4.5823    .832  -.080   .772
  16.081   .571  -.4850  3.6981  4.5817    .833  -.079   .773
  16.071   .570  -.4822  3.6985  4.5812    .834  -.079   .774
  16.062   .569  -.4794  3.6989  4.5806    .835  -.078   .775
  16.053   .568  -.4766  3.6994  4.5801    .836  -.078   .776
  16.044   .567  -.4739  3.6998  4.5795    .837  -.077   .777
  16.035   .566  -.4711  3.7002  4.5790    .838  -.077   .778
  16.026   .565  -.4683  3.7006  4.5784    .839  -.076   .779
  16.017   .564  -.4655  3.7011  4.5778    .840  -.076   .780
  16.008   .563  -.4628  3.7015  4.5773    .841  -.075   .781
  15.998   .562  -.4600  3.7019  4.5767    .842  -.075   .782
  15.989   .561  -.4572  3.7023  4.5762    .843  -.074   .783
  15.980   .560  -.4544  3.7028  4.5756    .844  -.074   .784
  15.971   .560  -.4517  3.7032  4.5750    .845  -.073   .785
  15.962   .559  -.4489  3.7036  4.5745    .846  -.073   .786
  15.954   .558  -.4462  3.7040  4.5739    .847  -.072   .787
  15.945   .557  -.4434  3.7045  4.5734    .848  -.072   .788
  15.936   .556  -.4406  3.7049  4.5728    .849  -.071   .789
  15.927   .555  -.4379  3.7053  4.5722    .850  -.071   .790
  15.918   .554  -.4351  3.7057  4.5717    .851  -.070   .791
  15.909   .553  -.4324  3.7061  4.5711    .852  -.070   .792
  15.900   .552  -.4296  3.7066  4.5706    .853  -.069   .793
  15.891   .551  -.4269  3.7070  4.5700    .854  -.069   .794
  15.883   .551  -.4242  3.7074  4.5694    .855  -.068   .795
  15.874   .550  -.4214  3.7078  4.5689    .856  -.068   .796
  15.865   .549  -.4187  3.7082  4.5683    .857  -.067   .797
  15.856   .548  -.4159  3.7087  4.5677    .858  -.067   .798
  15.848   .547  -.4132  3.7091  4.5672    .859  -.066   .798
  15.839   .546  -.4105  3.7095  4.5666    .860  -.066   .799
  15.830   .545  -.4077  3.7099  4.5660    .861  -.065   .800
  15.821   .544  -.4050  3.7103  4.5655    .862  -.064   .801
  15.813   .544  -.4023  3.7107  4.5649    .863  -.064   .802
  15.804   .543  -.3995  3.7111  4.5643    .864  -.063   .803
  15.796   .542  -.3968  3.7116  4.5638    .865  -.063   .804
  15.787   .541  -.3941  3.7120  4.5632    .866  -.062   .805
  15.778   .540  -.3914  3.7124  4.5626    .867  -.062   .806
  15.770   .539  -.3887  3.7128  4.5620    .868  -.061   .807
  15.761   .538  -.3859  3.7132  4.5615    .869  -.061   .808
  15.753   .538  -.3832  3.7136  4.5609    .870  -.060   .809
  15.744   .537  -.3805  3.7140  4.5603    .871  -.060   .810
  15.736   .536  -.3778  3.7144  4.5597    .872  -.059   .811
  15.727   .535  -.3751  3.7148  4.5592    .873  -.059   .812
  15.719   .534  -.3724  3.7153  4.5586    .874  -.058   .813
  15.710   .533  -.3697  3.7157  4.5580    .875  -.058   .814
  15.702   .532  -.3670  3.7161  4.5574    .876  -.057   .815
  15.693   .532  -.3643  3.7165  4.5569    .877  -.057   .816
  15.685   .531  -.3616  3.7169  4.5563    .878  -.057   .817
  15.677   .530  -.3589  3.7173  4.5557    .879  -.056   .818
  15.668   .529  -.3562  3.7177  4.5551    .880  -.056   .819
  15.660   .528  -.3535  3.7181  4.5545    .881  -.055   .821
  15.652   .527  -.3508  3.7185  4.5540    .882  -.055   .822
  15.643   .527  -.3481  3.7189  4.5534    .883  -.054   .823
  15.635   .526  -.3454  3.7193  4.5528    .884  -.054   .824
  15.627   .525  -.3427  3.7197  4.5522    .885  -.053   .825
  15.618   .524  -.3400  3.7201  4.5516    .886  -.053   .826
  15.610   .523  -.3373  3.7205  4.5510    .887  -.052   .827
  15.602   .523  -.3346  3.7209  4.5504    .888  -.052   .828
  15.594   .522  -.3319  3.7213  4.5498    .889  -.051   .829
  15.585   .521  -.3293  3.7217  4.5493    .890  -.051   .830
  15.577   .520  -.3266  3.7221  4.5487    .891  -.050   .831
  15.569   .519  -.3239  3.7225  4.5481    .892  -.050   .832
  15.561   .518  -.3212  3.7229  4.5475    .893  -.049   .833
  15.553   .518  -.3185  3.7233  4.5469    .894  -.049   .834
  15.545   .517  -.3159  3.7237  4.5463    .895  -.048   .835
  15.537   .516  -.3132  3.7241  4.5457    .896  -.048   .836
  15.529   .515  -.3105  3.7245  4.5451    .897  -.047   .837
  15.521   .514  -.3078  3.7249  4.5445    .898  -.047   .838
  15.513   .514  -.3052  3.7253  4.5439    .899  -.046   .839
  15.505   .513  -.3025  3.7257  4.5433    .900  -.046   .840
  15.497   .512  -.2997  3.7260  4.5424    .901  -.045   .841
  15.489   .512  -.2970  3.7264  4.5416    .902  -.045   .843
  15.481   .511  -.2943  3.7267  4.5407    .903  -.044   .844
  15.473   .510  -.2915  3.7271  4.5398    .904  -.044   .845
  15.465   .509  -.2888  3.7274  4.5390    .905  -.043   .847
  15.457   .509  -.2861  3.7278  4.5381    .906  -.043   .848
  15.449   .508  -.2833  3.7281  4.5372    .907  -.042   .849
  15.441   .507  -.2806  3.7284  4.5363    .908  -.042   .851
  15.433   .507  -.2779  3.7288  4.5355    .909  -.041   .852
  15.425   .506  -.2752  3.7291  4.5346    .910  -.041   .853
  15.417   .505  -.2724  3.7295  4.5337    .911  -.040   .855
  15.410   .505  -.2697  3.7298  4.5329    .912  -.040   .856
  15.402   .504  -.2670  3.7301  4.5320    .913  -.040   .857
  15.394   .503  -.2643  3.7305  4.5311    .914  -.039   .859
  15.386   .503  -.2616  3.7308  4.5303    .915  -.039   .860
  15.378   .502  -.2589  3.7312  4.5294    .916  -.038   .861
  15.370   .501  -.2562  3.7315  4.5285    .917  -.038   .863
  15.363   .501  -.2535  3.7318  4.5277    .918  -.037   .864
  15.355   .500  -.2508  3.7322  4.5268    .919  -.037   .865
  15.347   .499  -.2481  3.7325  4.5259    .920  -.036   .867
  15.339   .499  -.2454  3.7329  4.5251    .921  -.036   .868
  15.332   .498  -.2426  3.7332  4.5242    .922  -.035   .869
  15.324   .497  -.2399  3.7335  4.5233    .923  -.035   .871
  15.316   .497  -.2371  3.7339  4.5224    .924  -.034   .872
  15.308   .496  -.2344  3.7342  4.5215    .925  -.034   .873
  15.300   .495  -.2316  3.7346  4.5206    .926  -.033   .875
  15.292   .495  -.2289  3.7349  4.5197    .927  -.033   .876
  15.285   .494  -.2261  3.7352  4.5188    .928  -.032   .878
  15.277   .493  -.2234  3.7356  4.5179    .929  -.032   .879
  15.269   .493  -.2207  3.7359  4.5170    .930  -.032   .880
  15.261   .492  -.2179  3.7362  4.5161    .931  -.031   .882
  15.253   .491  -.2152  3.7366  4.5152    .932  -.031   .883
  15.245   .491  -.2125  3.7369  4.5143    .933  -.030   .884
  15.238   .490  -.2097  3.7373  4.5133    .934  -.030   .886
  15.230   .489  -.2070  3.7376  4.5124    .935  -.029   .887
  15.222   .489  -.2043  3.7379  4.5115    .936  -.029   .889
  15.214   .488  -.2016  3.7383  4.5106    .937  -.028   .890
  15.207   .487  -.1988  3.7386  4.5097    .938  -.028   .891
  15.199   .487  -.1961  3.7389  4.5088    .939  -.027   .893
  15.191   .486  -.1934  3.7393  4.5079    .940  -.027   .894
  15.184   .485  -.1907  3.7396  4.5070    .941  -.026   .896
  15.176   .485  -.1880  3.7399  4.5061    .942  -.026   .897
  15.168   .484  -.1853  3.7403  4.5052    .943  -.025   .898
  15.160   .483  -.1825  3.7406  4.5043    .944  -.025   .900
  15.153   .483  -.1798  3.7409  4.5034    .945  -.025   .901
  15.145   .482  -.1771  3.7413  4.5025    .946  -.024   .903
  15.137   .481  -.1744  3.7416  4.5016    .947  -.024   .904
  15.130   .481  -.1717  3.7419  4.5007    .948  -.023   .906
  15.122   .480  -.1690  3.7423  4.4998    .949  -.023   .907
  15.114   .479  -.1663  3.7426  4.4989    .950  -.022   .908
  15.107   .479  -.1636  3.7429  4.4980    .951  -.022   .910
  15.099   .478  -.1609  3.7432  4.4970    .952  -.021   .911
  15.092   .477  -.1582  3.7436  4.4961    .953  -.021   .913
  15.084   .477  -.1555  3.7439  4.4952    .954  -.020   .914
  15.076   .476  -.1528  3.7442  4.4943    .955  -.020   .916
  15.069   .475  -.1502  3.7446  4.4934    .956  -.020   .917
  15.061   .475  -.1475  3.7449  4.4925    .957  -.019   .918
  15.054   .474  -.1448  3.7452  4.4916    .958  -.019   .920
  15.046   .474  -.1421  3.7455  4.4907    .959  -.018   .921
  15.039   .473  -.1394  3.7459  4.4898    .960  -.018   .923
  15.031   .472  -.1367  3.7462  4.4889    .961  -.017   .924
  15.024   .472  -.1341  3.7465  4.4880    .962  -.017   .926
  15.016   .471  -.1314  3.7468  4.4871    .963  -.016   .927
  15.009   .470  -.1287  3.7472  4.4861    .964  -.016   .929
  15.001   .470  -.1260  3.7475  4.4852    .965  -.015   .930
  14.994   .469  -.1234  3.7478  4.4843    .966  -.015   .932
  14.986   .468  -.1207  3.7481  4.4834    .967  -.015   .933
  14.979   .468  -.1180  3.7485  4.4825    .968  -.014   .934
  14.971   .467  -.1153  3.7488  4.4816    .969  -.014   .936
  14.964   .466  -.1127  3.7491  4.4807    .970  -.013   .937
  14.956   .466  -.1100  3.7494  4.4798    .971  -.013   .939
  14.949   .465  -.1073  3.7497  4.4789    .972  -.012   .940
  14.941   .464  -.1047  3.7501  4.4779    .973  -.012   .942
  14.934   .464  -.1020  3.7504  4.4770    .974  -.011   .943
  14.927   .463  -.0994  3.7507  4.4761    .975  -.011   .945
  14.919   .463  -.0967  3.7510  4.4752    .976  -.011   .946
  14.912   .462  -.0941  3.7513  4.4743    .977  -.010   .948
  14.904   .461  -.0914  3.7517  4.4734    .978  -.010   .949
  14.897   .461  -.0887  3.7520  4.4724    .979  -.009   .951
  14.890   .460  -.0861  3.7523  4.4715    .980  -.009   .952
  14.882   .459  -.0834  3.7526  4.4706    .981  -.008   .954
  14.875   .459  -.0808  3.7529  4.4697    .982  -.008   .955
  14.868   .458  -.0781  3.7532  4.4688    .983  -.007   .957
  14.860   .457  -.0755  3.7536  4.4679    .984  -.007   .958
  14.853   .457  -.0729  3.7539  4.4669    .985  -.007   .960
  14.846   .456  -.0702  3.7542  4.4660    .986  -.006   .961
  14.838   .455  -.0676  3.7545  4.4651    .987  -.006   .963
  14.831   .455  -.0649  3.7548  4.4642    .988  -.005   .964
  14.824   .454  -.0623  3.7551  4.4633    .989  -.005   .966
  14.816   .454  -.0596  3.7554  4.4623    .990  -.004   .967
  14.809   .453  -.0570  3.7558  4.4614    .991  -.004   .969
  14.802   .452  -.0544  3.7561  4.4605    .992  -.003   .970
  14.795   .452  -.0517  3.7564  4.4596    .993  -.003   .972
  14.787   .451  -.0491  3.7567  4.4586    .994  -.003   .973
  14.780   .450  -.0465  3.7570  4.4577    .995  -.002   .975
  14.773   .450  -.0438  3.7573  4.4568    .996  -.002   .976
  14.765   .449  -.0412  3.7576  4.4559    .997  -.001   .978
  14.758   .448  -.0386  3.7579  4.4549    .998  -.001   .979
  14.751   .448  -.0360  3.7583  4.4540    .999   .000   .981
  14.744   .447  -.0333  3.7586  4.4531   1.000   .000   .982
  14.737   .447  -.0307  3.7588  4.4519   1.001   .000   .984
  14.730   .446  -.0281  3.7591  4.4508   1.002   .001   .986
  14.723   .446  -.0255  3.7593  4.4497   1.003   .001   .988
  14.716   .445  -.0229  3.7596  4.4485   1.004   .002   .990
  14.709   .445  -.0203  3.7598  4.4474   1.005   .002   .991
  14.701   .444  -.0177  3.7601  4.4462   1.006   .003   .993
  14.694   .444  -.0151  3.7603  4.4451   1.007   .003   .995
  14.687   .443  -.0125  3.7606  4.4440   1.008   .003   .997
  14.680   .442  -.0099  3.7608  4.4428   1.009   .004   .999
  14.673   .442  -.0073  3.7611  4.4417   1.010   .004  1.000
  14.666   .441  -.0047  3.7614  4.4405   1.011   .005  1.002
  14.659   .441  -.0021  3.7616  4.4394   1.012   .005  1.004
  14.652   .440   .0005  3.7619  4.4382   1.013   .006  1.006
  14.645   .440   .0031  3.7621  4.4371   1.014   .006  1.008
  14.639   .439   .0057  3.7624  4.4359   1.015   .006  1.010
  14.632   .439   .0083  3.7626  4.4348   1.016   .007  1.011
  14.625   .438   .0108  3.7629  4.4336   1.017   .007  1.013
  14.618   .438   .0134  3.7631  4.4325   1.018   .008  1.015
  14.611   .437   .0160  3.7634  4.4313   1.019   .008  1.017
  14.604   .437   .0186  3.7636  4.4302   1.020   .009  1.019
  14.597   .436   .0211  3.7639  4.4290   1.021   .009  1.021
  14.590   .436   .0237  3.7641  4.4279   1.022   .009  1.022
  14.583   .435   .0263  3.7643  4.4267   1.023   .010  1.024
  14.576   .435   .0289  3.7646  4.4256   1.024   .010  1.026
  14.569   .434   .0314  3.7648  4.4244   1.025   .011  1.028
  14.562   .434   .0340  3.7651  4.4232   1.026   .011  1.030
  14.556   .433   .0366  3.7653  4.4221   1.027   .012  1.032
  14.549   .433   .0391  3.7656  4.4209   1.028   .012  1.034
  14.542   .432   .0417  3.7658  4.4198   1.029   .012  1.036
  14.535   .432   .0442  3.7661  4.4186   1.030   .013  1.037
  14.528   .431   .0468  3.7663  4.4174   1.031   .013  1.039
  14.521   .430   .0494  3.7666  4.4163   1.032   .014  1.041
  14.514   .430   .0519  3.7668  4.4151   1.033   .014  1.043
  14.508   .429   .0545  3.7670  4.4139   1.034   .015  1.045
  14.501   .429   .0570  3.7673  4.4128   1.035   .015  1.047
  14.494   .428   .0596  3.7675  4.4116   1.036   .015  1.049
  14.487   .428   .0621  3.7678  4.4104   1.037   .016  1.051
  14.480   .427   .0646  3.7680  4.4093   1.038   .016  1.053
  14.474   .427   .0672  3.7683  4.4081   1.039   .017  1.055
  14.467   .426   .0697  3.7685  4.4069   1.040   .017  1.057
  14.460   .426   .0723  3.7687  4.4057   1.041   .017  1.059
  14.453   .425   .0748  3.7690  4.4046   1.042   .018  1.061
  14.446   .425   .0773  3.7692  4.4034   1.043   .018  1.062
  14.440   .424   .0799  3.7695  4.4022   1.044   .019  1.064
  14.433   .424   .0824  3.7697  4.4010   1.045   .019  1.066
  14.426   .423   .0849  3.7699  4.3999   1.046   .020  1.068
  14.419   .423   .0875  3.7702  4.3987   1.047   .020  1.070
  14.413   .422   .0900  3.7704  4.3975   1.048   .020  1.072
  14.406   .422   .0925  3.7707  4.3963   1.049   .021  1.074
  14.399   .421   .0951  3.7709  4.3951   1.050   .021  1.076
  14.393   .421   .0976  3.7711  4.3939   1.051   .022  1.078
  14.386   .420   .1001  3.7714  4.3927   1.052   .022  1.080
  14.379   .420   .1026  3.7716  4.3916   1.053   .022  1.082
  14.372   .419   .1051  3.7718  4.3904   1.054   .023  1.084
  14.366   .419   .1077  3.7721  4.3892   1.055   .023  1.086
  14.359   .418   .1102  3.7723  4.3880   1.056   .024  1.088
  14.352   .418   .1127  3.7726  4.3868   1.057   .024  1.090
  14.346   .417   .1152  3.7728  4.3856   1.058   .024  1.092
  14.339   .417   .1177  3.7730  4.3844   1.059   .025  1.094
  14.332   .416   .1202  3.7733  4.3832   1.060   .025  1.096
  14.326   .416   .1227  3.7735  4.3820   1.061   .026  1.098
  14.319   .415   .1252  3.7737  4.3808   1.062   .026  1.100
  14.312   .415   .1277  3.7740  4.3796   1.063   .027  1.102
  14.306   .414   .1302  3.7742  4.3784   1.064   .027  1.104
  14.299   .414   .1327  3.7744  4.3772   1.065   .027  1.106
  14.293   .413   .1352  3.7747  4.3760   1.066   .028  1.109
  14.286   .413   .1377  3.7749  4.3748   1.067   .028  1.111
  14.279   .412   .1402  3.7751  4.3736   1.068   .029  1.113
  14.273   .411   .1427  3.7754  4.3724   1.069   .029  1.115
  14.266   .411   .1452  3.7756  4.3711   1.070   .029  1.117
  14.259   .410   .1477  3.7758  4.3699   1.071   .030  1.119
  14.253   .410   .1502  3.7761  4.3687   1.072   .030  1.121
  14.246   .409   .1527  3.7763  4.3675   1.073   .031  1.123
  14.240   .409   .1552  3.7765  4.3662   1.074   .031  1.125
  14.233   .408   .1577  3.7767  4.3649   1.075   .031  1.127
  14.226   .408   .1602  3.7770  4.3637   1.076   .032  1.130
  14.220   .407   .1627  3.7772  4.3624   1.077   .032  1.132
  14.213   .407   .1652  3.7774  4.3611   1.078   .033  1.134
  14.207   .406   .1677  3.7776  4.3598   1.079   .033  1.136
  14.200   .406   .1702  3.7779  4.3585   1.080   .033  1.138
  14.194   .406   .1726  3.7781  4.3573   1.081   .034  1.141
  14.187   .405   .1751  3.7783  4.3560   1.082   .034  1.143
  14.181   .404   .1775  3.7785  4.3547   1.083   .035  1.145
  14.174   .404   .1800  3.7787  4.3534   1.084   .035  1.147
  14.168   .403   .1824  3.7790  4.3521   1.085   .035  1.150
  14.162   .403   .1848  3.7792  4.3508   1.086   .036  1.152
  14.155   .403   .1875  3.7793  4.3491   1.087   .036  1.155
  14.148   .402   .1903  3.7794  4.3473   1.088   .037  1.158
  14.141   .402   .1930  3.7796  4.3455   1.089   .037  1.160
  14.133   .402   .1958  3.7797  4.3437   1.090   .037  1.163
  14.126   .402   .1985  3.7798  4.3419   1.091   .038  1.166
  14.119   .401   .2013  3.7799  4.3402   1.092   .038  1.169
  14.112   .401   .2040  3.7800  4.3384   1.093   .039  1.172
  14.105   .401   .2067  3.7802  4.3366   1.094   .039  1.175
  14.098   .400   .2094  3.7803  4.3349   1.095   .039  1.178
  14.091   .400   .2121  3.7804  4.3331   1.096   .040  1.181
  14.085   .400   .2148  3.7805  4.3314   1.097   .040  1.184
  14.078   .400   .2175  3.7806  4.3296   1.098   .041  1.187
  14.071   .399   .2202  3.7807  4.3279   1.099   .041  1.190
  14.064   .399   .2229  3.7808  4.3262   1.100   .041  1.193
  14.058   .399   .2253  3.7809  4.3246   1.101   .042  1.195
  14.052   .399   .2276  3.7810  4.3231   1.102   .042  1.198
  14.046   .398   .2300  3.7811  4.3215   1.103   .043  1.201
  14.040   .398   .2324  3.7812  4.3200   1.104   .043  1.203
  14.034   .398   .2347  3.7813  4.3184   1.105   .043  1.206
  14.028   .398   .2371  3.7814  4.3168   1.106   .044  1.209
  14.022   .398   .2394  3.7815  4.3153   1.107   .044  1.211
  14.016   .397   .2418  3.7816  4.3137   1.108   .045  1.214
  14.010   .397   .2441  3.7817  4.3122   1.109   .045  1.217
  14.004   .397   .2465  3.7818  4.3106   1.110   .045  1.220
  13.998   .397   .2488  3.7819  4.3090   1.111   .046  1.222
  13.992   .397   .2511  3.7820  4.3075   1.112   .046  1.225
  13.986   .396   .2535  3.7820  4.3059   1.113   .046  1.228
  13.980   .396   .2558  3.7821  4.3044   1.114   .047  1.231
  13.974   .396   .2581  3.7822  4.3028   1.115   .047  1.233
  13.968   .396   .2605  3.7823  4.3012   1.116   .048  1.236
  13.962   .396   .2628  3.7824  4.2997   1.117   .048  1.239
  13.956   .395   .2651  3.7825  4.2981   1.118   .048  1.242
  13.950   .395   .2674  3.7825  4.2965   1.119   .049  1.245
  13.944   .395   .2697  3.7826  4.2950   1.120   .049  1.247
  13.938   .395   .2720  3.7827  4.2934   1.121   .050  1.250
  13.933   .395   .2743  3.7828  4.2918   1.122   .050  1.253
  13.927   .394   .2766  3.7828  4.2903   1.123   .050  1.256
  13.921   .394   .2789  3.7829  4.2887   1.124   .051  1.259
  13.915   .394   .2812  3.7830  4.2871   1.125   .051  1.261
  13.909   .394   .2835  3.7831  4.2855   1.126   .052  1.264
  13.903   .394   .2857  3.7831  4.2840   1.127   .052  1.267
  13.898   .394   .2880  3.7832  4.2824   1.128   .052  1.270
  13.892   .393   .2903  3.7833  4.2808   1.129   .053  1.273
  13.886   .393   .2926  3.7833  4.2792   1.130   .053  1.276
  13.880   .393   .2948  3.7834  4.2777   1.131   .053  1.279
  13.874   .393   .2971  3.7835  4.2761   1.132   .054  1.282
  13.869   .393   .2994  3.7835  4.2745   1.133   .054  1.284
  13.863   .393   .3016  3.7836  4.2729   1.134   .055  1.287
  13.857   .392   .3039  3.7837  4.2713   1.135   .055  1.290
  13.852   .392   .3061  3.7837  4.2697   1.136   .055  1.293
  13.846   .392   .3084  3.7838  4.2682   1.137   .056  1.296
  13.840   .392   .3106  3.7838  4.2666   1.138   .056  1.299
  13.834   .392   .3128  3.7839  4.2650   1.139   .057  1.302
  13.829   .392   .3151  3.7840  4.2634   1.140   .057  1.305
  13.823   .392   .3173  3.7840  4.2618   1.141   .057  1.308
  13.817   .392   .3195  3.7841  4.2602   1.142   .058  1.311
  13.812   .391   .3217  3.7841  4.2586   1.143   .058  1.314
  13.806   .391   .3240  3.7842  4.2570   1.144   .058  1.317
  13.801   .391   .3262  3.7842  4.2554   1.145   .059  1.320
  13.795   .391   .3284  3.7843  4.2538   1.146   .059  1.323
  13.789   .391   .3306  3.7843  4.2522   1.147   .060  1.326
  13.784   .391   .3328  3.7843  4.2506   1.148   .060  1.329
  13.778   .391   .3350  3.7844  4.2490   1.149   .060  1.332
  13.773   .391   .3372  3.7844  4.2474   1.150   .061  1.335
  13.767   .391   .3394  3.7845  4.2458   1.151   .061  1.338
  13.762   .390   .3416  3.7845  4.2441   1.152   .061  1.341
  13.756   .390   .3438  3.7846  4.2425   1.153   .062  1.344
  13.751   .390   .3460  3.7846  4.2409   1.154   .062  1.347
  13.745   .390   .3481  3.7846  4.2393   1.155   .063  1.351
  13.740   .390   .3503  3.7847  4.2377   1.156   .063  1.354
  13.734   .390   .3525  3.7847  4.2360   1.157   .063  1.357
  13.729   .390   .3546  3.7847  4.2344   1.158   .064  1.360
  13.723   .390   .3568  3.7847  4.2328   1.159   .064  1.363
  13.718   .390   .3590  3.7848  4.2312   1.160   .064  1.366
  13.712   .390   .3611  3.7848  4.2295   1.161   .065  1.369
  13.707   .390   .3633  3.7848  4.2279   1.162   .065  1.373
  13.701   .390   .3654  3.7848  4.2262   1.163   .066  1.376
  13.696   .390   .3675  3.7848  4.2245   1.164   .066  1.379
  13.691   .390   .3696  3.7848  4.2227   1.165   .066  1.383
  13.686   .390   .3717  3.7848  4.2208   1.166   .067  1.386
  13.680   .390   .3738  3.7848  4.2190   1.167   .067  1.390
  13.675   .390   .3759  3.7847  4.2172   1.168   .067  1.393
  13.670   .390   .3780  3.7847  4.2153   1.169   .068  1.397
  13.665   .390   .3800  3.7847  4.2135   1.170   .068  1.400
  13.660   .390   .3821  3.7846  4.2117   1.171   .069  1.404
  13.655   .390   .3841  3.7846  4.2098   1.172   .069  1.407
  13.650   .390   .3862  3.7846  4.2080   1.173   .069  1.411
  13.645   .390   .3882  3.7845  4.2061   1.174   .070  1.415
  13.640   .390   .3903  3.7845  4.2042   1.175   .070  1.418
  13.635   .391   .3923  3.7844  4.2024   1.176   .070  1.422
  13.630   .391   .3943  3.7844  4.2005   1.177   .071  1.426
  13.625   .391   .3963  3.7843  4.1986   1.178   .071  1.429
  13.620   .391   .3983  3.7843  4.1967   1.179   .072  1.433
  13.615   .391   .4003  3.7842  4.1948   1.180   .072  1.437
  13.610   .391   .4023  3.7841  4.1930   1.181   .072  1.440
  13.605   .391   .4043  3.7841  4.1911   1.182   .073  1.444
  13.600   .391   .4063  3.7840  4.1892   1.183   .073  1.448
  13.595   .392   .4082  3.7839  4.1872   1.184   .073  1.452
  13.590   .392   .4102  3.7839  4.1853   1.185   .074  1.456
  13.585   .392   .4122  3.7838  4.1834   1.186   .074  1.459
  13.581   .392   .4141  3.7837  4.1815   1.187   .074  1.463
  13.576   .392   .4161  3.7836  4.1796   1.188   .075  1.467
  13.571   .393   .4180  3.7835  4.1776   1.189   .075  1.471
  13.566   .393   .4199  3.7834  4.1757   1.190   .076  1.475
  13.562   .393   .4218  3.7833  4.1737   1.191   .076  1.479
  13.557   .393   .4238  3.7832  4.1718   1.192   .076  1.483
  13.552   .393   .4257  3.7831  4.1698   1.193   .077  1.487
  13.548   .394   .4276  3.7830  4.1678   1.194   .077  1.491
  13.543   .394   .4294  3.7829  4.1659   1.195   .077  1.495
  13.539   .394   .4313  3.7828  4.1639   1.196   .078  1.499
  13.534   .394   .4332  3.7827  4.1619   1.197   .078  1.503
  13.530   .395   .4351  3.7826  4.1599   1.198   .078  1.507
  13.525   .395   .4369  3.7825  4.1579   1.199   .079  1.511
  13.521   .395   .4388  3.7823  4.1559   1.200   .079  1.515
  13.517   .395   .4404  3.7823  4.1543   1.201   .080  1.519
  13.513   .396   .4421  3.7822  4.1528   1.202   .080  1.522
  13.509   .396   .4437  3.7822  4.1512   1.203   .080  1.525
  13.505   .396   .4453  3.7821  4.1497   1.204   .081  1.529
  13.500   .396   .4470  3.7820  4.1482   1.205   .081  1.532
  13.496   .396   .4486  3.7820  4.1466   1.206   .081  1.535
  13.492   .396   .4503  3.7819  4.1451   1.207   .082  1.539
  13.488   .396   .4519  3.7819  4.1435   1.208   .082  1.542
  13.484   .396   .4536  3.7818  4.1420   1.209   .082  1.546
  13.480   .397   .4552  3.7817  4.1404   1.210   .083  1.549
  13.476   .397   .4569  3.7817  4.1389   1.211   .083  1.552
  13.472   .397   .4587  3.7816  4.1371   1.212   .084  1.556
  13.467   .397   .4606  3.7815  4.1353   1.213   .084  1.560
  13.462   .397   .4625  3.7814  4.1335   1.214   .084  1.564
  13.458   .397   .4643  3.7814  4.1317   1.215   .085  1.568
  13.453   .398   .4661  3.7813  4.1299   1.216   .085  1.572
  13.449   .398   .4680  3.7812  4.1280   1.217   .085  1.576
  13.445   .398   .4698  3.7811  4.1262   1.218   .086  1.580
  13.440   .398   .4716  3.7810  4.1244   1.219   .086  1.584
  13.436   .398   .4734  3.7809  4.1226   1.220   .086  1.588
  13.432   .399   .4752  3.7808  4.1207   1.221   .087  1.592
  13.427   .399   .4769  3.7807  4.1189   1.222   .087  1.596
  13.423   .399   .4787  3.7806  4.1171   1.223   .087  1.600
  13.419   .399   .4804  3.7805  4.1152   1.224   .088  1.604
  13.415   .400   .4822  3.7804  4.1134   1.225   .088  1.608
  13.410   .400   .4839  3.7803  4.1115   1.226   .088  1.612
  13.406   .400   .4856  3.7802  4.1097   1.227   .089  1.616
  13.402   .400   .4873  3.7800  4.1079   1.228   .089  1.620
  13.398   .401   .4892  3.7799  4.1058   1.229   .090  1.625
  13.392   .401   .4914  3.7799  4.1035   1.230   .090  1.629
  13.387   .401   .4935  3.7798  4.1012   1.231   .090  1.634
  13.382   .401   .4957  3.7797  4.0989   1.232   .091  1.639
  13.376   .401   .4978  3.7797  4.0967   1.233   .091  1.644
  13.371   .401   .4999  3.7796  4.0944   1.234   .091  1.649
  13.361   .401   .5038  3.7799  4.0920   1.235   .092  1.655
  13.348   .399   .5085  3.7805  4.0895   1.236   .092  1.660
  13.336   .398   .5131  3.7810  4.0870   1.237   .092  1.665
  13.324   .397   .5177  3.7815  4.0845   1.238   .093  1.671
  13.312   .396   .5223  3.7820  4.0821   1.239   .093  1.676
  13.300   .395   .5269  3.7825  4.0796   1.240   .093  1.682
  13.287   .394   .5314  3.7829  4.0772   1.241   .094  1.687
  13.259   .391   .5420  3.7843  4.0722   1.242   .094  1.697
  13.224   .387   .5551  3.7859  4.0662   1.243   .094  1.710
  13.190   .383   .5678  3.7875  4.0604   1.244   .095  1.722
  13.158   .379   .5801  3.7891  4.0548   1.245   .095  1.734
  13.126   .376   .5919  3.7906  4.0494   1.246   .096  1.745
  13.036   .365   .6256  3.7953  4.0351   1.247   .096  1.775
  12.968   .360   .6518  3.7976  4.0183   1.248   .096  1.811
  12.960   .362   .6552  3.7967  4.0125   1.249   .097  1.823
  12.953   .364   .6585  3.7957  4.0068   1.250   .097  1.836
  12.946   .366   .6619  3.7948  4.0010   1.251   .097  1.849
  12.940   .367   .6645  3.7942  3.9967   1.252   .098  1.859
  12.935   .368   .6665  3.7939  3.9936   1.253   .098  1.867
  12.930   .369   .6686  3.7935  3.9904   1.254   .098  1.874
  12.926   .370   .6706  3.7932  3.9872   1.255   .099  1.882
  12.921   .370   .6726  3.7928  3.9841   1.256   .099  1.889
  12.916   .371   .6746  3.7925  3.9809   1.257   .099  1.897
  12.912   .372   .6766  3.7921  3.9777   1.258   .100  1.905
  12.907   .373   .6785  3.7918  3.9746   1.259   .100  1.912
  12.903   .374   .6805  3.7914  3.9714   1.260   .100  1.920
  12.898   .374   .6824  3.7910  3.9683   1.261   .101  1.928
  12.894   .375   .6843  3.7907  3.9651   1.262   .101  1.936
  12.890   .376   .6862  3.7903  3.9619   1.263   .101  1.944
  12.885   .377   .6880  3.7899  3.9587   1.264   .102  1.951
  12.881   .378   .6899  3.7895  3.9556   1.265   .102  1.959
  12.877   .379   .6917  3.7891  3.9524   1.266   .102  1.967
  12.867   .386   .6972  3.7861  3.9358   1.267   .103  2.006
  12.862   .392   .7007  3.7835  3.9224   1.268   .103  2.038
  12.861   .395   .7017  3.7821  3.9161   1.269   .103  2.054
  12.861   .398   .7027  3.7807  3.9098   1.270   .104  2.069
  12.860   .401   .7038  3.7794  3.9036   1.271   .104  2.085
  12.859   .404   .7051  3.7781  3.8973   1.272   .104  2.101
  12.857   .407   .7064  3.7768  3.8912   1.273   .105  2.117
  12.855   .410   .7078  3.7756  3.8850   1.274   .105  2.133
  12.854   .413   .7094  3.7744  3.8789   1.275   .106  2.149
  12.851   .416   .7110  3.7732  3.8729   1.276   .106  2.164
  12.849   .418   .7127  3.7720  3.8669   1.277   .106  2.180
  12.846   .421   .7145  3.7709  3.8609   1.278   .107  2.196
  12.843   .423   .7164  3.7699  3.8550   1.279   .107  2.212
  12.842   .426   .7178  3.7686  3.8489   1.280   .107  2.229
  12.848   .430   .7170  3.7667  3.8421   1.281   .108  2.247
  12.853   .434   .7164  3.7648  3.8354   1.282   .108  2.265
  12.857   .438   .7161  3.7630  3.8289   1.283   .108  2.283
  12.868   .444   .7136  3.7605  3.8215   1.284   .109  2.303
  12.881   .450   .7108  3.7578  3.8141   1.285   .109  2.324
  12.893   .456   .7080  3.7551  3.8066   1.286   .109  2.345
  12.906   .462   .7052  3.7525  3.7993   1.287   .110  2.366
  12.919   .468   .7024  3.7499  3.7919   1.288   .110  2.387
  12.933   .474   .6996  3.7473  3.7846   1.289   .110  2.408
  12.946   .480   .6969  3.7447  3.7774   1.290   .111  2.429
  12.960   .485   .6941  3.7421  3.7702   1.291   .111  2.450
  12.986   .494   .6874  3.7385  3.7630   1.292   .111  2.472
  13.028   .505   .6760  3.7338  3.7562   1.293   .112  2.492
  13.073   .517   .6639  3.7290  3.7497   1.294   .112  2.512
  13.121   .529   .6512  3.7242  3.7436   1.295   .112  2.530
  13.171   .541   .6378  3.7193  3.7379   1.296   .113  2.548
  13.207   .552   .6302  3.7148  3.7278   1.297   .113  2.579
  13.239   .563   .6239  3.7105  3.7166   1.298   .113  2.613
  13.273   .574   .6174  3.7061  3.7056   1.299   .114  2.648
  13.270   .581   .6236  3.7032  3.6883   1.300   .114  2.702
  13.256   .585   .6319  3.7016  3.6738   1.301   .114  2.749
  13.242   .589   .6405  3.7000  3.6591   1.302   .115  2.796
  13.227   .594   .6492  3.6984  3.6443   1.303   .115  2.845
  13.212   .598   .6582  3.6968  3.6294   1.304   .115  2.896
  13.196   .602   .6674  3.6953  3.6143   1.305   .116  2.948
  13.180   .607   .6768  3.6938  3.5991   1.306   .116  3.001
  13.156   .610   .6887  3.6925  3.5823   1.307   .116  3.061
  13.123   .613   .7039  3.6916  3.5633   1.308   .117  3.130
  13.088   .616   .7195  3.6907  3.5439   1.309   .117  3.202
  13.050   .618   .7360  3.6899  3.5245   1.310   .117  3.275
  13.011   .621   .7530  3.6893  3.5055   1.311   .118  3.349
  12.971   .623   .7701  3.6887  3.4863   1.312   .118  3.425
  12.930   .625   .7875  3.6880  3.4669   1.313   .118  3.504
  12.890   .627   .8049  3.6874  3.4474   1.314   .119  3.585
  12.849   .629   .8225  3.6867  3.4276   1.315   .119  3.669
  12.808   .632   .8403  3.6861  3.4077   1.316   .119  3.755
  12.766   .634   .8582  3.6854  3.3876   1.317   .120  3.845
  12.724   .637   .8763  3.6848  3.3673   1.318   .120  3.937
  12.682   .639   .8946  3.6841  3.3468   1.319   .120  4.033
  12.634   .642   .9152  3.6834  3.3236   1.320   .121  4.143
  12.582   .645   .9377  3.6826  3.2983   1.321   .121  4.268
  12.529   .648   .9604  3.6818  3.2726   1.322   .121  4.397
  12.476   .651   .9834  3.6809  3.2467   1.323   .122  4.532
  12.422   .654  1.0066  3.6801  3.2205   1.324   .122  4.673
  12.368   .657  1.0300  3.6792  3.1939   1.325   .122  4.819
  12.313   .660  1.0537  3.6784  3.1671   1.326   .123  4.972
  12.245   .664  1.0833  3.6773  3.1337   1.327   .123  5.170
  12.176   .668  1.1136  3.6761  3.0994   1.328   .123  5.380
  12.105   .673  1.1442  3.6750  3.0648   1.329   .124  5.600
  12.035   .677  1.1750  3.6738  3.0300   1.330   .124  5.832
  11.965   .681  1.2056  3.6727  2.9952   1.331   .124  6.072
  11.898   .685  1.2348  3.6716  2.9621   1.332   .125  6.310
  11.832   .689  1.2635  3.6705  2.9295   1.333   .125  6.554
  11.759   .694  1.2953  3.6693  2.8930   1.334   .125  6.838
  11.665   .700  1.3372  3.6676  2.8437   1.335   .125  7.240
  11.571   .707  1.3792  3.6658  2.7944   1.336   .126  7.666
  11.443   .718  1.4375  3.6629  2.7250   1.337   .126  8.306
  11.313   .729  1.4968  3.6600  2.6544   1.338   .126  9.013
  11.181   .740  1.5573  3.6571  2.5822   1.339   .127  9.798
  11.054   .751  1.6163  3.6541  2.5119   1.340   .127 10.628
  10.910   .767  1.6858  3.6499  2.4269   1.341   .127 11.726
  10.706   .791  1.7843  3.6441  2.3044   1.342   .128 13.506
  10.486   .816  1.8915  3.6379  2.1718   1.343   .128 15.740
  10.203   .853  2.0340  3.6292  1.9949   1.344   .128 19.303
   9.810   .916  2.2423  3.6147  1.7287   1.345   .129 26.235
   9.297  1.063  2.5894  3.5860  1.2681   1.346   .129 44.598
