# [Fe/H] =    .000;  age =  4400.000 Myr;  distance =    830.00 pc;  E(b-y) =    .030 mag
#   V    (b-y)   log L   log T   log g    M/Mo   log M  R/Ro
  18.571   .914 -1.1782  3.5902  4.6998    .600  -.222   .573
  18.556   .912 -1.1749  3.5907  4.6993    .601  -.221   .574
  18.541   .909 -1.1715  3.5912  4.6988    .602  -.220   .574
  18.526   .907 -1.1682  3.5917  4.6983    .603  -.220   .575
  18.511   .905 -1.1649  3.5922  4.6977    .604  -.219   .576
  18.496   .903 -1.1617  3.5927  4.6972    .605  -.218   .577
  18.481   .901 -1.1584  3.5932  4.6967    .606  -.218   .578
  18.466   .899 -1.1551  3.5937  4.6962    .607  -.217   .579
  18.451   .897 -1.1518  3.5942  4.6957    .608  -.216   .579
  18.437   .895 -1.1485  3.5947  4.6952    .609  -.215   .580
  18.422   .893 -1.1453  3.5952  4.6947    .610  -.215   .581
  18.407   .891 -1.1420  3.5957  4.6941    .611  -.214   .582
  18.393   .889 -1.1388  3.5962  4.6936    .612  -.213   .583
  18.379   .887 -1.1355  3.5967  4.6931    .613  -.213   .583
  18.364   .885 -1.1323  3.5972  4.6926    .614  -.212   .584
  18.350   .883 -1.1290  3.5977  4.6921    .615  -.211   .585
  18.336   .881 -1.1258  3.5982  4.6916    .616  -.210   .586
  18.322   .879 -1.1226  3.5987  4.6911    .617  -.210   .587
  18.308   .877 -1.1194  3.5992  4.6906    .618  -.209   .588
  18.294   .875 -1.1161  3.5997  4.6901    .619  -.208   .588
  18.280   .873 -1.1129  3.6002  4.6896    .620  -.208   .589
  18.267   .871 -1.1097  3.6007  4.6891    .621  -.207   .590
  18.253   .869 -1.1065  3.6012  4.6886    .622  -.206   .591
  18.239   .867 -1.1033  3.6017  4.6881    .623  -.206   .592
  18.226   .865 -1.1001  3.6021  4.6876    .624  -.205   .592
  18.213   .863 -1.0970  3.6026  4.6871    .625  -.204   .593
  18.199   .861 -1.0938  3.6031  4.6866    .626  -.203   .594
  18.186   .859 -1.0906  3.6036  4.6861    .627  -.203   .595
  18.173   .857 -1.0874  3.6041  4.6856    .628  -.202   .596
  18.160   .855 -1.0843  3.6046  4.6851    .629  -.201   .597
  18.147   .853 -1.0811  3.6051  4.6846    .630  -.201   .597
  18.134   .852 -1.0779  3.6056  4.6841    .631  -.200   .598
  18.122   .850 -1.0748  3.6060  4.6836    .632  -.199   .599
  18.109   .848 -1.0716  3.6065  4.6831    .633  -.199   .600
  18.097   .846 -1.0685  3.6070  4.6826    .634  -.198   .601
  18.084   .844 -1.0654  3.6075  4.6821    .635  -.197   .601
  18.072   .842 -1.0622  3.6080  4.6816    .636  -.197   .602
  18.060   .840 -1.0591  3.6085  4.6811    .637  -.196   .603
  18.048   .838 -1.0560  3.6089  4.6806    .638  -.195   .604
  18.035   .836 -1.0529  3.6094  4.6801    .639  -.194   .605
  18.023   .834 -1.0498  3.6099  4.6796    .640  -.194   .606
  18.012   .833 -1.0466  3.6104  4.6791    .641  -.193   .606
  18.000   .831 -1.0435  3.6108  4.6786    .642  -.192   .607
  17.988   .829 -1.0404  3.6113  4.6782    .643  -.192   .608
  17.976   .827 -1.0374  3.6118  4.6777    .644  -.191   .609
  17.964   .825 -1.0343  3.6123  4.6772    .645  -.190   .610
  17.953   .823 -1.0312  3.6127  4.6767    .646  -.190   .610
  17.941   .821 -1.0281  3.6132  4.6762    .647  -.189   .611
  17.930   .820 -1.0250  3.6137  4.6757    .648  -.188   .612
  17.918   .818 -1.0220  3.6142  4.6752    .649  -.188   .613
  17.907   .816 -1.0189  3.6146  4.6748    .650  -.187   .614
  17.896   .814 -1.0158  3.6151  4.6743    .651  -.186   .614
  17.884   .812 -1.0128  3.6156  4.6738    .652  -.186   .615
  17.873   .810 -1.0097  3.6160  4.6733    .653  -.185   .616
  17.862   .809 -1.0067  3.6165  4.6728    .654  -.184   .617
  17.850   .807 -1.0036  3.6170  4.6724    .655  -.184   .618
  17.839   .805 -1.0006  3.6174  4.6719    .656  -.183   .619
  17.828   .803  -.9976  3.6179  4.6714    .657  -.182   .619
  17.817   .801  -.9945  3.6184  4.6709    .658  -.182   .620
  17.806   .800  -.9915  3.6188  4.6704    .659  -.181   .621
  17.795   .798  -.9885  3.6193  4.6700    .660  -.180   .622
  17.784   .796  -.9855  3.6198  4.6695    .661  -.180   .623
  17.773   .794  -.9825  3.6202  4.6690    .662  -.179   .623
  17.762   .793  -.9795  3.6207  4.6685    .663  -.178   .624
  17.751   .791  -.9765  3.6211  4.6681    .664  -.178   .625
  17.740   .789  -.9735  3.6216  4.6676    .665  -.177   .626
  17.729   .787  -.9705  3.6221  4.6671    .666  -.177   .627
  17.718   .785  -.9675  3.6225  4.6666    .667  -.176   .627
  17.707   .784  -.9645  3.6230  4.6662    .668  -.175   .628
  17.696   .782  -.9615  3.6234  4.6657    .669  -.175   .629
  17.685   .780  -.9585  3.6239  4.6652    .670  -.174   .630
  17.674   .778  -.9556  3.6243  4.6648    .671  -.173   .631
  17.663   .777  -.9526  3.6248  4.6643    .672  -.173   .632
  17.652   .775  -.9496  3.6253  4.6638    .673  -.172   .632
  17.641   .773  -.9467  3.6257  4.6634    .674  -.171   .633
  17.630   .772  -.9437  3.6262  4.6629    .675  -.171   .634
  17.619   .770  -.9408  3.6266  4.6624    .676  -.170   .635
  17.608   .768  -.9378  3.6271  4.6620    .677  -.169   .636
  17.598   .766  -.9349  3.6275  4.6615    .678  -.169   .636
  17.587   .765  -.9320  3.6280  4.6610    .679  -.168   .637
  17.576   .763  -.9290  3.6284  4.6606    .680  -.167   .638
  17.565   .761  -.9261  3.6289  4.6601    .681  -.167   .639
  17.554   .760  -.9232  3.6293  4.6596    .682  -.166   .640
  17.543   .758  -.9203  3.6298  4.6592    .683  -.166   .640
  17.532   .756  -.9173  3.6302  4.6587    .684  -.165   .641
  17.521   .754  -.9144  3.6307  4.6583    .685  -.164   .642
  17.510   .753  -.9115  3.6311  4.6578    .686  -.164   .643
  17.499   .751  -.9086  3.6316  4.6573    .687  -.163   .644
  17.488   .749  -.9057  3.6320  4.6569    .688  -.162   .644
  17.477   .748  -.9028  3.6324  4.6564    .689  -.162   .645
  17.467   .746  -.8999  3.6329  4.6560    .690  -.161   .646
  17.456   .744  -.8971  3.6333  4.6555    .691  -.161   .647
  17.445   .743  -.8942  3.6338  4.6551    .692  -.160   .648
  17.434   .741  -.8913  3.6342  4.6546    .693  -.159   .649
  17.423   .739  -.8884  3.6347  4.6541    .694  -.159   .649
  17.413   .738  -.8855  3.6351  4.6537    .695  -.158   .650
  17.402   .736  -.8827  3.6355  4.6532    .696  -.157   .651
  17.391   .734  -.8798  3.6360  4.6528    .697  -.157   .652
  17.381   .733  -.8770  3.6364  4.6523    .698  -.156   .653
  17.370   .731  -.8741  3.6369  4.6519    .699  -.156   .653
  17.360   .729  -.8713  3.6373  4.6514    .700  -.155   .654
  17.348   .728  -.8683  3.6378  4.6509    .701  -.154   .655
  17.337   .726  -.8653  3.6382  4.6505    .702  -.154   .656
  17.326   .724  -.8624  3.6387  4.6500    .703  -.153   .657
  17.315   .722  -.8594  3.6392  4.6495    .704  -.152   .657
  17.304   .721  -.8564  3.6396  4.6491    .705  -.152   .658
  17.293   .719  -.8535  3.6401  4.6486    .706  -.151   .659
  17.282   .717  -.8505  3.6406  4.6481    .707  -.151   .660
  17.271   .716  -.8476  3.6410  4.6476    .708  -.150   .661
  17.260   .714  -.8447  3.6415  4.6472    .709  -.149   .662
  17.249   .712  -.8417  3.6420  4.6467    .710  -.149   .662
  17.238   .711  -.8388  3.6424  4.6462    .711  -.148   .663
  17.227   .709  -.8359  3.6429  4.6458    .712  -.148   .664
  17.216   .707  -.8329  3.6434  4.6453    .713  -.147   .665
  17.205   .706  -.8300  3.6438  4.6448    .714  -.146   .666
  17.194   .704  -.8271  3.6443  4.6444    .715  -.146   .667
  17.183   .702  -.8242  3.6448  4.6439    .716  -.145   .667
  17.173   .701  -.8213  3.6452  4.6434    .717  -.144   .668
  17.162   .699  -.8184  3.6457  4.6430    .718  -.144   .669
  17.151   .698  -.8155  3.6461  4.6425    .719  -.143   .670
  17.140   .696  -.8126  3.6466  4.6420    .720  -.143   .671
  17.130   .694  -.8097  3.6471  4.6416    .721  -.142   .671
  17.119   .693  -.8068  3.6475  4.6411    .722  -.141   .672
  17.108   .691  -.8039  3.6480  4.6406    .723  -.141   .673
  17.098   .690  -.8011  3.6484  4.6402    .724  -.140   .674
  17.087   .688  -.7982  3.6489  4.6397    .725  -.140   .675
  17.076   .687  -.7953  3.6493  4.6393    .726  -.139   .676
  17.066   .685  -.7924  3.6498  4.6388    .727  -.138   .676
  17.055   .683  -.7896  3.6503  4.6384    .728  -.138   .677
  17.045   .682  -.7867  3.6507  4.6379    .729  -.137   .678
  17.033   .680  -.7837  3.6512  4.6374    .730  -.137   .679
  17.022   .679  -.7805  3.6517  4.6368    .731  -.136   .680
  17.010   .677  -.7774  3.6522  4.6362    .732  -.135   .681
  16.999   .676  -.7743  3.6527  4.6356    .733  -.135   .682
  16.988   .674  -.7712  3.6532  4.6351    .734  -.134   .683
  16.976   .672  -.7681  3.6536  4.6345    .735  -.134   .684
  16.965   .671  -.7650  3.6541  4.6339    .736  -.133   .684
  16.953   .669  -.7619  3.6546  4.6333    .737  -.133   .685
  16.942   .668  -.7588  3.6551  4.6328    .738  -.132   .686
  16.931   .667  -.7557  3.6556  4.6322    .739  -.131   .687
  16.919   .665  -.7526  3.6561  4.6316    .740  -.131   .688
  16.908   .664  -.7495  3.6566  4.6310    .741  -.130   .689
  16.897   .662  -.7464  3.6571  4.6305    .742  -.130   .690
  16.886   .661  -.7433  3.6576  4.6299    .743  -.129   .691
  16.874   .659  -.7402  3.6581  4.6293    .744  -.128   .692
  16.863   .658  -.7371  3.6585  4.6288    .745  -.128   .693
  16.852   .657  -.7340  3.6590  4.6282    .746  -.127   .694
  16.841   .655  -.7309  3.6595  4.6276    .747  -.127   .695
  16.830   .654  -.7279  3.6600  4.6271    .748  -.126   .695
  16.819   .652  -.7248  3.6605  4.6265    .749  -.126   .696
  16.808   .651  -.7217  3.6610  4.6259    .750  -.125   .697
  16.796   .650  -.7186  3.6615  4.6254    .751  -.124   .698
  16.785   .648  -.7156  3.6619  4.6248    .752  -.124   .699
  16.774   .647  -.7125  3.6624  4.6242    .753  -.123   .700
  16.763   .646  -.7095  3.6629  4.6237    .754  -.123   .701
  16.752   .644  -.7064  3.6634  4.6231    .755  -.122   .702
  16.741   .643  -.7033  3.6639  4.6225    .756  -.121   .703
  16.730   .642  -.7003  3.6644  4.6220    .757  -.121   .704
  16.719   .640  -.6972  3.6649  4.6214    .758  -.120   .705
  16.708   .639  -.6942  3.6653  4.6208    .759  -.120   .706
  16.697   .638  -.6911  3.6658  4.6203    .760  -.119   .707
  16.687   .636  -.6881  3.6663  4.6197    .761  -.119   .707
  16.676   .635  -.6851  3.6668  4.6191    .762  -.118   .708
  16.665   .634  -.6820  3.6673  4.6186    .763  -.117   .709
  16.654   .633  -.6790  3.6678  4.6180    .764  -.117   .710
  16.643   .631  -.6759  3.6682  4.6175    .765  -.116   .711
  16.632   .630  -.6729  3.6687  4.6169    .766  -.116   .712
  16.621   .629  -.6699  3.6692  4.6163    .767  -.115   .713
  16.611   .628  -.6669  3.6697  4.6158    .768  -.115   .714
  16.600   .626  -.6638  3.6702  4.6152    .769  -.114   .715
  16.589   .625  -.6608  3.6706  4.6147    .770  -.114   .716
  16.578   .624  -.6578  3.6711  4.6141    .771  -.113   .717
  16.568   .623  -.6548  3.6716  4.6135    .772  -.112   .718
  16.557   .621  -.6517  3.6721  4.6130    .773  -.112   .719
  16.546   .620  -.6487  3.6726  4.6124    .774  -.111   .719
  16.536   .619  -.6457  3.6730  4.6119    .775  -.111   .720
  16.525   .618  -.6427  3.6735  4.6113    .776  -.110   .721
  16.514   .617  -.6397  3.6740  4.6107    .777  -.110   .722
  16.504   .615  -.6367  3.6745  4.6102    .778  -.109   .723
  16.493   .614  -.6337  3.6750  4.6096    .779  -.108   .724
  16.483   .613  -.6307  3.6754  4.6091    .780  -.108   .725
  16.472   .612  -.6277  3.6759  4.6085    .781  -.107   .726
  16.461   .611  -.6247  3.6764  4.6079    .782  -.107   .727
  16.451   .610  -.6217  3.6769  4.6074    .783  -.106   .728
  16.440   .608  -.6187  3.6774  4.6068    .784  -.106   .729
  16.430   .607  -.6157  3.6778  4.6063    .785  -.105   .730
  16.419   .606  -.6127  3.6783  4.6057    .786  -.105   .731
  16.409   .605  -.6097  3.6788  4.6052    .787  -.104   .732
  16.399   .604  -.6067  3.6793  4.6046    .788  -.103   .733
  16.388   .602  -.6038  3.6797  4.6041    .789  -.103   .733
  16.378   .601  -.6008  3.6802  4.6035    .790  -.102   .734
  16.367   .600  -.5978  3.6807  4.6029    .791  -.102   .735
  16.357   .599  -.5948  3.6812  4.6024    .792  -.101   .736
  16.347   .598  -.5918  3.6817  4.6018    .793  -.101   .737
  16.336   .597  -.5889  3.6821  4.6013    .794  -.100   .738
  16.326   .595  -.5859  3.6826  4.6007    .795  -.100   .739
  16.316   .594  -.5829  3.6831  4.6002    .796  -.099   .740
  16.305   .593  -.5799  3.6836  4.5996    .797  -.099   .741
  16.295   .592  -.5770  3.6840  4.5991    .798  -.098   .742
  16.285   .591  -.5740  3.6845  4.5985    .799  -.097   .743
  16.274   .590  -.5710  3.6850  4.5979    .800  -.097   .744
  16.265   .589  -.5682  3.6854  4.5974    .801  -.096   .745
  16.255   .588  -.5653  3.6859  4.5968    .802  -.096   .746
  16.245   .587  -.5624  3.6863  4.5963    .803  -.095   .747
  16.235   .586  -.5596  3.6868  4.5957    .804  -.095   .748
  16.225   .584  -.5567  3.6872  4.5952    .805  -.094   .748
  16.216   .583  -.5538  3.6877  4.5946    .806  -.094   .749
  16.206   .582  -.5510  3.6881  4.5941    .807  -.093   .750
  16.196   .581  -.5481  3.6885  4.5935    .808  -.093   .751
  16.187   .580  -.5453  3.6890  4.5930    .809  -.092   .752
  16.177   .579  -.5424  3.6894  4.5924    .810  -.092   .753
  16.167   .578  -.5396  3.6899  4.5918    .811  -.091   .754
  16.158   .577  -.5367  3.6903  4.5913    .812  -.090   .755
  16.148   .576  -.5339  3.6908  4.5907    .813  -.090   .756
  16.139   .575  -.5310  3.6912  4.5902    .814  -.089   .757
  16.129   .574  -.5282  3.6916  4.5896    .815  -.089   .758
  16.120   .573  -.5254  3.6921  4.5891    .816  -.088   .759
  16.110   .572  -.5225  3.6925  4.5885    .817  -.088   .760
  16.101   .571  -.5197  3.6929  4.5880    .818  -.087   .761
  16.091   .570  -.5169  3.6934  4.5874    .819  -.087   .762
  16.082   .569  -.5141  3.6938  4.5868    .820  -.086   .763
  16.072   .568  -.5112  3.6942  4.5863    .821  -.086   .764
  16.063   .567  -.5084  3.6947  4.5857    .822  -.085   .765
  16.053   .566  -.5056  3.6951  4.5852    .823  -.085   .766
  16.044   .565  -.5028  3.6956  4.5846    .824  -.084   .767
  16.035   .564  -.5000  3.6960  4.5840    .825  -.084   .767
  16.025   .563  -.4972  3.6964  4.5835    .826  -.083   .768
  16.016   .562  -.4944  3.6968  4.5829    .827  -.082   .769
  16.007   .562  -.4916  3.6973  4.5824    .828  -.082   .770
  15.998   .561  -.4888  3.6977  4.5818    .829  -.081   .771
  15.988   .560  -.4860  3.6981  4.5812    .830  -.081   .772
  15.979   .559  -.4832  3.6986  4.5807    .831  -.080   .773
  15.970   .558  -.4804  3.6990  4.5801    .832  -.080   .774
  15.961   .557  -.4776  3.6994  4.5796    .833  -.079   .775
  15.952   .556  -.4748  3.6999  4.5790    .834  -.079   .776
  15.942   .555  -.4720  3.7003  4.5784    .835  -.078   .777
  15.933   .554  -.4692  3.7007  4.5779    .836  -.078   .778
  15.924   .553  -.4664  3.7011  4.5773    .837  -.077   .779
  15.915   .552  -.4637  3.7016  4.5767    .838  -.077   .780
  15.906   .551  -.4609  3.7020  4.5762    .839  -.076   .781
  15.897   .550  -.4581  3.7024  4.5756    .840  -.076   .782
  15.888   .549  -.4553  3.7028  4.5750    .841  -.075   .783
  15.879   .548  -.4526  3.7033  4.5745    .842  -.075   .784
  15.870   .548  -.4498  3.7037  4.5739    .843  -.074   .785
  15.861   .547  -.4470  3.7041  4.5733    .844  -.074   .786
  15.852   .546  -.4443  3.7045  4.5728    .845  -.073   .787
  15.843   .545  -.4415  3.7049  4.5722    .846  -.073   .788
  15.834   .544  -.4387  3.7054  4.5716    .847  -.072   .789
  15.825   .543  -.4360  3.7058  4.5711    .848  -.072   .790
  15.817   .542  -.4332  3.7062  4.5705    .849  -.071   .791
  15.808   .541  -.4305  3.7066  4.5699    .850  -.071   .792
  15.799   .540  -.4277  3.7070  4.5694    .851  -.070   .793
  15.790   .539  -.4250  3.7075  4.5688    .852  -.070   .794
  15.781   .539  -.4222  3.7079  4.5682    .853  -.069   .795
  15.772   .538  -.4195  3.7083  4.5676    .854  -.069   .796
  15.764   .537  -.4167  3.7087  4.5671    .855  -.068   .797
  15.755   .536  -.4140  3.7091  4.5665    .856  -.068   .798
  15.746   .535  -.4112  3.7095  4.5659    .857  -.067   .799
  15.738   .534  -.4085  3.7099  4.5653    .858  -.067   .800
  15.729   .533  -.4058  3.7104  4.5648    .859  -.066   .801
  15.720   .532  -.4030  3.7108  4.5642    .860  -.066   .802
  15.712   .532  -.4003  3.7112  4.5636    .861  -.065   .803
  15.703   .531  -.3976  3.7116  4.5630    .862  -.064   .804
  15.694   .530  -.3948  3.7120  4.5625    .863  -.064   .805
  15.686   .529  -.3921  3.7124  4.5619    .864  -.063   .806
  15.677   .528  -.3894  3.7128  4.5613    .865  -.063   .807
  15.669   .527  -.3867  3.7132  4.5607    .866  -.062   .808
  15.660   .526  -.3840  3.7136  4.5602    .867  -.062   .809
  15.651   .526  -.3812  3.7141  4.5596    .868  -.061   .810
  15.643   .525  -.3785  3.7145  4.5590    .869  -.061   .811
  15.634   .524  -.3758  3.7149  4.5584    .870  -.060   .812
  15.626   .523  -.3731  3.7153  4.5578    .871  -.060   .813
  15.618   .522  -.3704  3.7157  4.5572    .872  -.059   .814
  15.609   .521  -.3677  3.7161  4.5567    .873  -.059   .815
  15.601   .521  -.3650  3.7165  4.5561    .874  -.058   .816
  15.592   .520  -.3622  3.7169  4.5555    .875  -.058   .817
  15.584   .519  -.3595  3.7173  4.5549    .876  -.057   .818
  15.576   .518  -.3568  3.7177  4.5543    .877  -.057   .819
  15.567   .517  -.3541  3.7181  4.5537    .878  -.057   .820
  15.559   .516  -.3514  3.7185  4.5531    .879  -.056   .821
  15.550   .516  -.3487  3.7189  4.5525    .880  -.056   .822
  15.542   .515  -.3460  3.7193  4.5520    .881  -.055   .823
  15.534   .514  -.3433  3.7197  4.5514    .882  -.055   .824
  15.526   .513  -.3406  3.7201  4.5508    .883  -.054   .825
  15.517   .512  -.3379  3.7205  4.5502    .884  -.054   .826
  15.509   .511  -.3351  3.7209  4.5495    .885  -.053   .827
  15.500   .511  -.3322  3.7214  4.5488    .886  -.053   .828
  15.491   .510  -.3292  3.7218  4.5480    .887  -.052   .830
  15.482   .509  -.3262  3.7222  4.5472    .888  -.052   .831
  15.473   .508  -.3233  3.7226  4.5465    .889  -.051   .832
  15.464   .507  -.3203  3.7231  4.5457    .890  -.051   .833
  15.455   .506  -.3174  3.7235  4.5449    .891  -.050   .834
  15.446   .506  -.3144  3.7239  4.5442    .892  -.050   .836
  15.437   .505  -.3114  3.7243  4.5434    .893  -.049   .837
  15.428   .504  -.3085  3.7248  4.5426    .894  -.049   .838
  15.420   .503  -.3055  3.7252  4.5418    .895  -.048   .839
  15.411   .502  -.3026  3.7256  4.5410    .896  -.048   .840
  15.402   .501  -.2996  3.7260  4.5403    .897  -.047   .842
  15.393   .500  -.2966  3.7264  4.5395    .898  -.047   .843
  15.384   .500  -.2937  3.7269  4.5387    .899  -.046   .844
  15.376   .499  -.2907  3.7273  4.5379    .900  -.046   .845
  15.368   .498  -.2879  3.7276  4.5370    .901  -.045   .847
  15.359   .497  -.2851  3.7280  4.5360    .902  -.045   .848
  15.351   .497  -.2822  3.7283  4.5351    .903  -.044   .850
  15.343   .496  -.2794  3.7287  4.5341    .904  -.044   .851
  15.335   .495  -.2766  3.7290  4.5332    .905  -.043   .852
  15.327   .495  -.2738  3.7294  4.5323    .906  -.043   .854
  15.319   .494  -.2710  3.7297  4.5313    .907  -.042   .855
  15.311   .493  -.2681  3.7301  4.5304    .908  -.042   .856
  15.302   .493  -.2653  3.7304  4.5294    .909  -.041   .858
  15.294   .492  -.2625  3.7307  4.5285    .910  -.041   .859
  15.286   .491  -.2597  3.7311  4.5275    .911  -.040   .861
  15.278   .491  -.2569  3.7314  4.5266    .912  -.040   .862
  15.270   .490  -.2541  3.7318  4.5257    .913  -.040   .864
  15.262   .489  -.2513  3.7321  4.5247    .914  -.039   .865
  15.254   .489  -.2485  3.7325  4.5238    .915  -.039   .866
  15.246   .488  -.2457  3.7328  4.5228    .916  -.038   .868
  15.238   .487  -.2429  3.7331  4.5219    .917  -.038   .869
  15.230   .487  -.2401  3.7335  4.5209    .918  -.037   .871
  15.222   .486  -.2373  3.7338  4.5200    .919  -.037   .872
  15.214   .485  -.2345  3.7342  4.5191    .920  -.036   .873
  15.206   .485  -.2317  3.7345  4.5181    .921  -.036   .875
  15.198   .484  -.2289  3.7348  4.5172    .922  -.035   .876
  15.190   .483  -.2262  3.7352  4.5162    .923  -.035   .878
  15.183   .483  -.2234  3.7355  4.5153    .924  -.034   .879
  15.175   .482  -.2206  3.7358  4.5143    .925  -.034   .881
  15.167   .481  -.2178  3.7362  4.5134    .926  -.033   .882
  15.159   .481  -.2150  3.7365  4.5124    .927  -.033   .883
  15.151   .480  -.2123  3.7368  4.5115    .928  -.032   .885
  15.143   .479  -.2095  3.7372  4.5106    .929  -.032   .886
  15.135   .479  -.2067  3.7375  4.5096    .930  -.032   .888
  15.127   .478  -.2040  3.7379  4.5087    .931  -.031   .889
  15.120   .477  -.2012  3.7382  4.5077    .932  -.031   .891
  15.112   .477  -.1984  3.7385  4.5068    .933  -.030   .892
  15.104   .476  -.1957  3.7389  4.5058    .934  -.030   .894
  15.096   .475  -.1929  3.7392  4.5049    .935  -.029   .895
  15.088   .475  -.1901  3.7395  4.5039    .936  -.029   .896
  15.080   .474  -.1874  3.7399  4.5030    .937  -.028   .898
  15.073   .473  -.1846  3.7402  4.5020    .938  -.028   .899
  15.065   .473  -.1819  3.7405  4.5011    .939  -.027   .901
  15.057   .472  -.1791  3.7408  4.5001    .940  -.027   .902
  15.049   .471  -.1764  3.7412  4.4992    .941  -.026   .904
  15.041   .471  -.1736  3.7415  4.4983    .942  -.026   .905
  15.034   .470  -.1709  3.7418  4.4973    .943  -.025   .907
  15.026   .469  -.1681  3.7422  4.4964    .944  -.025   .908
  15.018   .469  -.1654  3.7425  4.4954    .945  -.025   .910
  15.010   .468  -.1626  3.7428  4.4945    .946  -.024   .911
  15.003   .467  -.1599  3.7431  4.4935    .947  -.024   .913
  14.995   .467  -.1571  3.7435  4.4926    .948  -.023   .914
  14.987   .466  -.1544  3.7438  4.4916    .949  -.023   .916
  14.980   .466  -.1517  3.7441  4.4907    .950  -.022   .917
  14.972   .465  -.1489  3.7445  4.4897    .951  -.022   .919
  14.964   .464  -.1462  3.7448  4.4888    .952  -.021   .920
  14.957   .464  -.1435  3.7451  4.4878    .953  -.021   .922
  14.949   .463  -.1407  3.7454  4.4869    .954  -.020   .923
  14.941   .462  -.1380  3.7458  4.4859    .955  -.020   .925
  14.934   .462  -.1353  3.7461  4.4849    .956  -.020   .926
  14.926   .461  -.1326  3.7464  4.4840    .957  -.019   .928
  14.918   .460  -.1298  3.7467  4.4830    .958  -.019   .929
  14.911   .460  -.1271  3.7470  4.4821    .959  -.018   .931
  14.903   .459  -.1244  3.7474  4.4811    .960  -.018   .932
  14.896   .458  -.1217  3.7477  4.4802    .961  -.017   .934
  14.888   .458  -.1190  3.7480  4.4792    .962  -.017   .935
  14.880   .457  -.1162  3.7483  4.4783    .963  -.016   .937
  14.873   .457  -.1135  3.7487  4.4773    .964  -.016   .938
  14.865   .456  -.1108  3.7490  4.4763    .965  -.015   .940
  14.858   .455  -.1081  3.7493  4.4754    .966  -.015   .941
  14.850   .455  -.1054  3.7496  4.4744    .967  -.015   .943
  14.843   .454  -.1027  3.7499  4.4735    .968  -.014   .944
  14.835   .453  -.1000  3.7503  4.4725    .969  -.014   .946
  14.827   .453  -.0973  3.7506  4.4716    .970  -.013   .947
  14.820   .452  -.0946  3.7509  4.4706    .971  -.013   .949
  14.812   .451  -.0919  3.7512  4.4696    .972  -.012   .950
  14.805   .451  -.0891  3.7515  4.4687    .973  -.012   .952
  14.797   .450  -.0864  3.7518  4.4677    .974  -.011   .953
  14.790   .449  -.0837  3.7522  4.4667    .975  -.011   .955
  14.783   .449  -.0810  3.7525  4.4658    .976  -.011   .957
  14.775   .448  -.0783  3.7528  4.4648    .977  -.010   .958
  14.768   .448  -.0757  3.7531  4.4638    .978  -.010   .960
  14.760   .447  -.0730  3.7534  4.4629    .979  -.009   .961
  14.753   .446  -.0703  3.7537  4.4619    .980  -.009   .963
  14.745   .446  -.0676  3.7540  4.4609    .981  -.008   .964
  14.738   .445  -.0649  3.7544  4.4600    .982  -.008   .966
  14.730   .444  -.0622  3.7547  4.4590    .983  -.007   .967
  14.723   .444  -.0595  3.7550  4.4580    .984  -.007   .969
  14.716   .443  -.0568  3.7553  4.4571    .985  -.007   .971
  14.708   .442  -.0541  3.7556  4.4561    .986  -.006   .972
  14.701   .442  -.0514  3.7559  4.4551    .987  -.006   .974
  14.693   .441  -.0487  3.7562  4.4542    .988  -.005   .975
  14.686   .441  -.0461  3.7565  4.4532    .989  -.005   .977
  14.679   .440  -.0434  3.7569  4.4522    .990  -.004   .979
  14.671   .439  -.0407  3.7572  4.4512    .991  -.004   .980
  14.664   .439  -.0380  3.7575  4.4503    .992  -.003   .982
  14.656   .438  -.0353  3.7578  4.4493    .993  -.003   .983
  14.649   .437  -.0327  3.7581  4.4483    .994  -.003   .985
  14.642   .437  -.0300  3.7584  4.4473    .995  -.002   .987
  14.634   .436  -.0273  3.7587  4.4463    .996  -.002   .988
  14.627   .436  -.0246  3.7590  4.4454    .997  -.001   .990
  14.620   .435  -.0219  3.7593  4.4444    .998  -.001   .991
  14.612   .434  -.0193  3.7596  4.4434    .999   .000   .993
  14.605   .434  -.0166  3.7599  4.4424   1.000   .000   .995
  14.598   .433  -.0140  3.7602  4.4413   1.001   .000   .996
  14.591   .433  -.0114  3.7604  4.4401   1.002   .001   .998
  14.584   .432  -.0088  3.7607  4.4390   1.003   .001  1.000
  14.577   .432  -.0062  3.7609  4.4378   1.004   .002  1.002
  14.570   .431  -.0036  3.7612  4.4366   1.005   .002  1.004
  14.563   .431  -.0010  3.7614  4.4355   1.006   .003  1.006
  14.556   .430   .0016  3.7617  4.4343   1.007   .003  1.007
  14.549   .429   .0042  3.7619  4.4332   1.008   .003  1.009
  14.542   .429   .0068  3.7622  4.4320   1.009   .004  1.011
  14.535   .428   .0093  3.7624  4.4309   1.010   .004  1.013
  14.528   .428   .0119  3.7627  4.4297   1.011   .005  1.015
  14.521   .427   .0145  3.7629  4.4285   1.012   .005  1.017
  14.514   .427   .0171  3.7632  4.4274   1.013   .006  1.019
  14.507   .426   .0197  3.7634  4.4262   1.014   .006  1.020
  14.501   .426   .0222  3.7637  4.4251   1.015   .006  1.022
  14.494   .425   .0248  3.7639  4.4239   1.016   .007  1.024
  14.487   .425   .0274  3.7642  4.4227   1.017   .007  1.026
  14.480   .424   .0299  3.7644  4.4216   1.018   .008  1.028
  14.473   .424   .0325  3.7647  4.4204   1.019   .008  1.030
  14.466   .423   .0351  3.7649  4.4192   1.020   .009  1.032
  14.459   .423   .0376  3.7652  4.4181   1.021   .009  1.034
  14.452   .422   .0402  3.7654  4.4169   1.022   .009  1.035
  14.445   .422   .0428  3.7657  4.4157   1.023   .010  1.037
  14.439   .421   .0453  3.7659  4.4146   1.024   .010  1.039
  14.432   .421   .0479  3.7661  4.4134   1.025   .011  1.041
  14.425   .420   .0504  3.7664  4.4122   1.026   .011  1.043
  14.418   .420   .0530  3.7666  4.4110   1.027   .012  1.045
  14.411   .419   .0555  3.7669  4.4099   1.028   .012  1.047
  14.404   .419   .0581  3.7671  4.4087   1.029   .012  1.049
  14.398   .418   .0606  3.7674  4.4075   1.030   .013  1.051
  14.391   .418   .0632  3.7676  4.4063   1.031   .013  1.053
  14.384   .417   .0657  3.7678  4.4052   1.032   .014  1.055
  14.377   .417   .0683  3.7681  4.4040   1.033   .014  1.057
  14.370   .416   .0708  3.7683  4.4028   1.034   .015  1.059
  14.364   .416   .0733  3.7686  4.4016   1.035   .015  1.061
  14.357   .415   .0759  3.7688  4.4004   1.036   .015  1.062
  14.350   .415   .0784  3.7690  4.3993   1.037   .016  1.064
  14.343   .414   .0810  3.7693  4.3981   1.038   .016  1.066
  14.337   .414   .0835  3.7695  4.3969   1.039   .017  1.068
  14.330   .413   .0860  3.7698  4.3957   1.040   .017  1.070
  14.323   .412   .0885  3.7700  4.3945   1.041   .017  1.072
  14.316   .412   .0911  3.7702  4.3933   1.042   .018  1.074
  14.310   .411   .0936  3.7705  4.3921   1.043   .018  1.076
  14.303   .411   .0961  3.7707  4.3909   1.044   .019  1.078
  14.296   .410   .0986  3.7710  4.3897   1.045   .019  1.080
  14.290   .410   .1012  3.7712  4.3885   1.046   .020  1.082
  14.283   .409   .1037  3.7714  4.3873   1.047   .020  1.084
  14.276   .409   .1063  3.7717  4.3860   1.048   .020  1.087
  14.269   .408   .1090  3.7719  4.3847   1.049   .021  1.089
  14.262   .408   .1116  3.7721  4.3834   1.050   .021  1.091
  14.255   .407   .1142  3.7724  4.3821   1.051   .022  1.093
  14.248   .407   .1167  3.7726  4.3807   1.052   .022  1.095
  14.241   .406   .1193  3.7728  4.3795   1.053   .022  1.097
  14.235   .406   .1219  3.7731  4.3782   1.054   .023  1.100
  14.228   .405   .1245  3.7733  4.3769   1.055   .023  1.102
  14.221   .405   .1270  3.7735  4.3756   1.056   .024  1.104
  14.214   .404   .1296  3.7738  4.3743   1.057   .024  1.106
  14.207   .404   .1321  3.7740  4.3730   1.058   .024  1.108
  14.201   .403   .1347  3.7742  4.3717   1.059   .025  1.110
  14.194   .403   .1372  3.7745  4.3704   1.060   .025  1.112
  14.187   .402   .1398  3.7747  4.3692   1.061   .026  1.115
  14.181   .402   .1423  3.7749  4.3679   1.062   .026  1.117
  14.174   .401   .1448  3.7752  4.3666   1.063   .027  1.119
  14.167   .401   .1473  3.7754  4.3654   1.064   .027  1.121
  14.161   .400   .1498  3.7756  4.3641   1.065   .027  1.123
  14.154   .400   .1523  3.7758  4.3628   1.066   .028  1.125
  14.147   .399   .1548  3.7761  4.3616   1.067   .028  1.128
  14.141   .399   .1573  3.7763  4.3603   1.068   .029  1.130
  14.134   .398   .1598  3.7765  4.3590   1.069   .029  1.132
  14.128   .398   .1623  3.7768  4.3578   1.070   .029  1.134
  14.121   .397   .1648  3.7770  4.3565   1.071   .030  1.136
  14.114   .397   .1675  3.7771  4.3548   1.072   .030  1.139
  14.107   .397   .1703  3.7773  4.3530   1.073   .031  1.142
  14.100   .396   .1731  3.7774  4.3513   1.074   .031  1.145
  14.093   .396   .1758  3.7776  4.3495   1.075   .031  1.148
  14.086   .396   .1786  3.7777  4.3478   1.076   .032  1.150
  14.078   .395   .1813  3.7778  4.3460   1.077   .032  1.153
  14.071   .395   .1841  3.7780  4.3443   1.078   .033  1.156
  14.064   .395   .1868  3.7781  4.3426   1.079   .033  1.159
  14.057   .395   .1896  3.7782  4.3408   1.080   .033  1.162
  14.050   .394   .1923  3.7784  4.3391   1.081   .034  1.165
  14.043   .394   .1950  3.7785  4.3373   1.082   .034  1.168
  14.036   .394   .1977  3.7786  4.3356   1.083   .035  1.170
  14.029   .393   .2005  3.7787  4.3339   1.084   .035  1.173
  14.022   .393   .2032  3.7789  4.3322   1.085   .035  1.176
  14.015   .393   .2059  3.7790  4.3305   1.086   .036  1.179
  14.008   .393   .2085  3.7791  4.3287   1.087   .036  1.182
  14.002   .392   .2112  3.7792  4.3270   1.088   .037  1.185
  13.995   .392   .2139  3.7793  4.3253   1.089   .037  1.188
  13.988   .392   .2166  3.7795  4.3236   1.090   .037  1.191
  13.981   .391   .2192  3.7796  4.3219   1.091   .038  1.193
  13.974   .391   .2219  3.7797  4.3202   1.092   .038  1.196
  13.967   .391   .2246  3.7798  4.3186   1.093   .039  1.199
  13.961   .391   .2272  3.7799  4.3169   1.094   .039  1.202
  13.954   .390   .2298  3.7800  4.3152   1.095   .039  1.205
  13.947   .390   .2325  3.7802  4.3135   1.096   .040  1.208
  13.940   .390   .2351  3.7803  4.3119   1.097   .040  1.211
  13.934   .390   .2377  3.7804  4.3102   1.098   .041  1.214
  13.927   .389   .2403  3.7805  4.3085   1.099   .041  1.216
  13.920   .389   .2429  3.7806  4.3069   1.100   .041  1.219
  13.914   .389   .2452  3.7807  4.3053   1.101   .042  1.222
  13.908   .389   .2476  3.7807  4.3037   1.102   .042  1.225
  13.903   .389   .2499  3.7808  4.3021   1.103   .043  1.228
  13.897   .388   .2522  3.7809  4.3005   1.104   .043  1.231
  13.891   .388   .2545  3.7810  4.2989   1.105   .043  1.233
  13.885   .388   .2568  3.7810  4.2973   1.106   .044  1.236
  13.879   .388   .2591  3.7811  4.2957   1.107   .044  1.239
  13.873   .388   .2614  3.7812  4.2941   1.108   .045  1.242
  13.867   .388   .2637  3.7812  4.2925   1.109   .045  1.245
  13.862   .387   .2660  3.7813  4.2909   1.110   .045  1.248
  13.856   .387   .2683  3.7814  4.2893   1.111   .046  1.250
  13.850   .387   .2706  3.7814  4.2877   1.112   .046  1.253
  13.844   .387   .2728  3.7815  4.2861   1.113   .046  1.256
  13.838   .387   .2751  3.7815  4.2845   1.114   .047  1.259
  13.833   .387   .2774  3.7816  4.2828   1.115   .047  1.262
  13.827   .387   .2797  3.7816  4.2812   1.116   .048  1.265
  13.821   .387   .2819  3.7817  4.2794   1.117   .048  1.268
  13.815   .386   .2842  3.7817  4.2777   1.118   .048  1.271
  13.810   .386   .2865  3.7817  4.2759   1.119   .049  1.274
  13.804   .386   .2887  3.7818  4.2741   1.120   .049  1.278
  13.798   .386   .2910  3.7818  4.2723   1.121   .050  1.281
  13.793   .386   .2932  3.7818  4.2706   1.122   .050  1.284
  13.787   .386   .2955  3.7818  4.2688   1.123   .050  1.287
  13.781   .386   .2977  3.7819  4.2670   1.124   .051  1.290
  13.776   .386   .2999  3.7819  4.2652   1.125   .051  1.294
  13.770   .386   .3021  3.7819  4.2634   1.126   .052  1.297
  13.765   .386   .3044  3.7819  4.2616   1.127   .052  1.300
  13.759   .386   .3066  3.7819  4.2598   1.128   .052  1.303
  13.753   .386   .3088  3.7819  4.2580   1.129   .053  1.307
  13.748   .386   .3110  3.7819  4.2562   1.130   .053  1.310
  13.742   .386   .3132  3.7820  4.2544   1.131   .053  1.313
  13.737   .386   .3154  3.7820  4.2526   1.132   .054  1.317
  13.731   .386   .3175  3.7820  4.2508   1.133   .054  1.320
  13.726   .386   .3197  3.7820  4.2490   1.134   .055  1.323
  13.721   .386   .3219  3.7820  4.2472   1.135   .055  1.327
  13.715   .386   .3241  3.7820  4.2454   1.136   .055  1.330
  13.710   .386   .3262  3.7820  4.2436   1.137   .056  1.333
  13.704   .386   .3284  3.7820  4.2418   1.138   .056  1.337
  13.699   .386   .3305  3.7819  4.2400   1.139   .057  1.340
  13.694   .386   .3327  3.7819  4.2381   1.140   .057  1.344
  13.688   .386   .3348  3.7819  4.2363   1.141   .057  1.347
  13.683   .386   .3369  3.7819  4.2345   1.142   .058  1.350
  13.678   .386   .3391  3.7819  4.2326   1.143   .058  1.354
  13.672   .386   .3412  3.7819  4.2308   1.144   .058  1.357
  13.667   .386   .3433  3.7818  4.2290   1.145   .059  1.361
  13.662   .386   .3454  3.7818  4.2271   1.146   .059  1.364
  13.657   .386   .3475  3.7818  4.2253   1.147   .060  1.368
  13.651   .386   .3496  3.7818  4.2234   1.148   .060  1.371
  13.646   .386   .3517  3.7817  4.2216   1.149   .060  1.375
  13.641   .386   .3538  3.7817  4.2197   1.150   .061  1.378
  13.636   .386   .3558  3.7817  4.2179   1.151   .061  1.382
  13.631   .386   .3579  3.7816  4.2160   1.152   .061  1.385
  13.625   .387   .3600  3.7816  4.2142   1.153   .062  1.389
  13.620   .387   .3620  3.7816  4.2123   1.154   .062  1.393
  13.615   .387   .3641  3.7815  4.2104   1.155   .063  1.396
  13.610   .387   .3661  3.7815  4.2085   1.156   .063  1.400
  13.605   .387   .3682  3.7814  4.2067   1.157   .063  1.403
  13.600   .387   .3702  3.7814  4.2048   1.158   .064  1.407
  13.595   .387   .3722  3.7813  4.2029   1.159   .064  1.411
  13.590   .387   .3743  3.7812  4.2010   1.160   .064  1.414
  13.585   .387   .3763  3.7812  4.1991   1.161   .065  1.418
  13.580   .388   .3783  3.7811  4.1972   1.162   .065  1.422
  13.575   .388   .3803  3.7811  4.1953   1.163   .066  1.426
  13.570   .388   .3823  3.7810  4.1934   1.164   .066  1.429
  13.566   .388   .3843  3.7809  4.1915   1.165   .066  1.433
  13.561   .388   .3862  3.7808  4.1895   1.166   .067  1.437
  13.556   .388   .3882  3.7808  4.1876   1.167   .067  1.441
  13.551   .389   .3902  3.7807  4.1857   1.168   .067  1.445
  13.546   .389   .3922  3.7806  4.1837   1.169   .068  1.448
  13.541   .389   .3941  3.7805  4.1818   1.170   .068  1.452
  13.537   .389   .3961  3.7804  4.1799   1.171   .069  1.456
  13.532   .389   .3980  3.7803  4.1779   1.172   .069  1.460
  13.527   .390   .3999  3.7802  4.1759   1.173   .069  1.464
  13.522   .390   .4019  3.7801  4.1740   1.174   .070  1.468
  13.518   .390   .4038  3.7800  4.1720   1.175   .070  1.472
  13.513   .390   .4057  3.7799  4.1700   1.176   .070  1.476
  13.509   .391   .4076  3.7798  4.1681   1.177   .071  1.480
  13.504   .391   .4095  3.7797  4.1661   1.178   .071  1.484
  13.499   .391   .4115  3.7796  4.1639   1.179   .072  1.488
  13.494   .391   .4135  3.7795  4.1618   1.180   .072  1.492
  13.489   .392   .4156  3.7793  4.1597   1.181   .072  1.497
  13.484   .392   .4176  3.7792  4.1575   1.182   .073  1.501
  13.479   .392   .4196  3.7791  4.1554   1.183   .073  1.505
  13.475   .392   .4216  3.7790  4.1532   1.184   .073  1.510
  13.470   .393   .4237  3.7788  4.1510   1.185   .074  1.514
  13.465   .393   .4257  3.7787  4.1489   1.186   .074  1.519
  13.460   .393   .4277  3.7786  4.1467   1.187   .074  1.523
  13.455   .394   .4298  3.7784  4.1444   1.188   .075  1.528
  13.450   .394   .4318  3.7783  4.1422   1.189   .075  1.532
  13.445   .394   .4339  3.7781  4.1400   1.190   .076  1.537
  13.440   .395   .4359  3.7780  4.1377   1.191   .076  1.542
  13.435   .395   .4380  3.7778  4.1354   1.192   .076  1.546
  13.430   .395   .4400  3.7777  4.1331   1.193   .077  1.551
  13.425   .396   .4421  3.7775  4.1308   1.194   .077  1.556
  13.420   .396   .4442  3.7774  4.1285   1.195   .077  1.561
  13.415   .396   .4463  3.7772  4.1261   1.196   .078  1.566
  13.409   .397   .4488  3.7771  4.1234   1.197   .078  1.571
  13.401   .397   .4519  3.7772  4.1203   1.198   .078  1.577
  13.388   .396   .4570  3.7776  4.1168   1.199   .079  1.584
  13.369   .394   .4641  3.7784  4.1132   1.200   .079  1.592
  13.356   .392   .4691  3.7790  4.1106   1.201   .080  1.597
  13.342   .391   .4740  3.7795  4.1081   1.202   .080  1.602
  13.329   .390   .4789  3.7801  4.1055   1.203   .080  1.608
  13.316   .388   .4838  3.7807  4.1030   1.204   .081  1.613
  13.303   .387   .4886  3.7812  4.1005   1.205   .081  1.618
  13.291   .386   .4935  3.7817  4.0980   1.206   .081  1.624
  13.278   .385   .4983  3.7823  4.0955   1.207   .082  1.629
  13.231   .379   .5157  3.7845  4.0875   1.208   .082  1.645
  13.168   .372   .5391  3.7876  4.0770   1.209   .082  1.666
  13.108   .366   .5616  3.7905  4.0669   1.210   .083  1.686
  13.025   .357   .5933  3.7943  4.0499   1.211   .083  1.720
  13.008   .359   .6006  3.7931  4.0388   1.212   .084  1.743
  13.000   .361   .6040  3.7922  4.0328   1.213   .084  1.756
  12.992   .363   .6074  3.7913  4.0268   1.214   .084  1.768
  12.985   .366   .6109  3.7904  4.0208   1.215   .085  1.781
  12.977   .368   .6143  3.7895  4.0149   1.216   .085  1.794
  12.970   .370   .6176  3.7887  4.0092   1.217   .085  1.807
  12.965   .370   .6198  3.7883  4.0059   1.218   .086  1.814
  12.960   .371   .6220  3.7880  4.0027   1.219   .086  1.822
  12.955   .372   .6243  3.7877  3.9995   1.220   .086  1.829
  12.949   .372   .6265  3.7874  3.9963   1.221   .087  1.837
  12.944   .373   .6286  3.7871  3.9931   1.222   .087  1.844
  12.939   .374   .6308  3.7868  3.9899   1.223   .087  1.852
  12.934   .375   .6330  3.7864  3.9867   1.224   .088  1.859
  12.929   .375   .6352  3.7861  3.9835   1.225   .088  1.867
  12.924   .376   .6373  3.7858  3.9804   1.226   .088  1.875
  12.919   .377   .6395  3.7855  3.9772   1.227   .089  1.882
  12.914   .377   .6416  3.7852  3.9741   1.228   .089  1.890
  12.909   .378   .6437  3.7849  3.9709   1.229   .090  1.897
  12.904   .379   .6458  3.7846  3.9678   1.230   .090  1.905
  12.899   .380   .6480  3.7842  3.9647   1.231   .090  1.913
  12.895   .380   .6501  3.7839  3.9616   1.232   .091  1.920
  12.890   .381   .6522  3.7836  3.9585   1.233   .091  1.928
  12.885   .382   .6542  3.7833  3.9554   1.234   .091  1.936
  12.880   .383   .6563  3.7830  3.9523   1.235   .092  1.943
  12.875   .383   .6584  3.7827  3.9492   1.236   .092  1.951
  12.871   .384   .6604  3.7823  3.9462   1.237   .092  1.959
  12.866   .385   .6625  3.7820  3.9431   1.238   .093  1.966
  12.861   .385   .6645  3.7817  3.9400   1.239   .093  1.974
  12.857   .386   .6665  3.7814  3.9370   1.240   .093  1.982
  12.852   .387   .6685  3.7811  3.9339   1.241   .094  1.990
  12.848   .388   .6705  3.7808  3.9309   1.242   .094  1.997
  12.839   .393   .6753  3.7783  3.9176   1.243   .094  2.029
  12.838   .399   .6773  3.7759  3.9071   1.244   .095  2.055
  12.842   .403   .6769  3.7741  3.9005   1.245   .095  2.071
  12.845   .407   .6766  3.7723  3.8939   1.246   .096  2.088
  12.848   .411   .6765  3.7706  3.8874   1.247   .096  2.104
  12.851   .414   .6765  3.7689  3.8810   1.248   .096  2.121
  12.854   .418   .6767  3.7673  3.8745   1.249   .097  2.137
  12.856   .422   .6769  3.7657  3.8682   1.250   .097  2.154
  12.858   .425   .6773  3.7641  3.8618   1.251   .097  2.171
  12.860   .429   .6778  3.7626  3.8555   1.252   .098  2.187
  12.861   .432   .6784  3.7612  3.8493   1.253   .098  2.204
  12.862   .435   .6791  3.7597  3.8431   1.254   .098  2.221
  12.865   .439   .6792  3.7580  3.8365   1.255   .099  2.238
  12.879   .445   .6762  3.7553  3.8285   1.256   .099  2.260
  12.892   .451   .6735  3.7525  3.8206   1.257   .099  2.282
  12.905   .457   .6708  3.7499  3.8127   1.258   .100  2.303
  12.917   .463   .6683  3.7473  3.8050   1.259   .100  2.325
  12.931   .469   .6657  3.7446  3.7973   1.260   .100  2.346
  12.945   .475   .6629  3.7419  3.7897   1.261   .101  2.368
  12.959   .481   .6602  3.7392  3.7821   1.262   .101  2.390
  12.973   .488   .6575  3.7365  3.7746   1.263   .101  2.411
  12.988   .494   .6547  3.7338  3.7671   1.264   .102  2.433
  13.002   .500   .6520  3.7312  3.7597   1.265   .102  2.455
  13.020   .509   .6493  3.7276  3.7488   1.266   .102  2.487
  13.040   .518   .6460  3.7239  3.7377   1.267   .103  2.520
  13.063   .528   .6422  3.7202  3.7269   1.268   .103  2.552
  13.088   .537   .6378  3.7163  3.7165   1.269   .103  2.584
  13.115   .547   .6328  3.7125  3.7064   1.270   .104  2.615
  13.136   .556   .6304  3.7087  3.6941   1.271   .104  2.654
  13.153   .565   .6293  3.7050  3.6804   1.272   .104  2.697
  13.173   .575   .6278  3.7013  3.6670   1.273   .105  2.740
  13.154   .581   .6392  3.6992  3.6476   1.274   .105  2.803
  13.133   .586   .6515  3.6972  3.6276   1.275   .106  2.869
  13.112   .592   .6636  3.6952  3.6078   1.276   .106  2.937
  13.092   .598   .6753  3.6931  3.5882   1.277   .106  3.005
  13.066   .603   .6893  3.6913  3.5671   1.278   .107  3.080
  13.020   .606   .7097  3.6902  3.5421   1.279   .107  3.171
  12.974   .609   .7303  3.6892  3.5172   1.280   .107  3.265
  12.923   .612   .7523  3.6883  3.4926   1.281   .108  3.360
  12.872   .615   .7739  3.6875  3.4683   1.282   .108  3.457
  12.823   .618   .7953  3.6867  3.4444   1.283   .108  3.555
  12.774   .621   .8164  3.6860  3.4208   1.284   .109  3.654
  12.726   .623   .8371  3.6852  3.3975   1.285   .109  3.755
  12.663   .627   .8638  3.6843  3.3677   1.286   .109  3.887
  12.601   .630   .8904  3.6834  3.3380   1.287   .110  4.024
  12.540   .633   .9166  3.6826  3.3088   1.288   .110  4.163
  12.480   .636   .9424  3.6817  3.2801   1.289   .110  4.305
  12.399   .640   .9770  3.6806  3.2415   1.290   .111  4.502
  12.314   .645  1.0134  3.6794  3.2009   1.291   .111  4.719
  12.230   .649  1.0495  3.6783  3.1608   1.292   .111  4.944
  12.132   .655  1.0919  3.6767  3.1126   1.293   .112  5.228
  12.027   .662  1.1380  3.6748  3.0597   1.294   .112  5.559
  11.922   .669  1.1846  3.6729  3.0062   1.295   .112  5.915
  11.792   .677  1.2415  3.6706  2.9391   1.296   .113  6.392
  11.663   .686  1.2982  3.6684  2.8724   1.297   .113  6.905
  11.499   .699  1.3725  3.6648  2.7845   1.298   .113  7.643
  11.342   .711  1.4436  3.6615  2.7008   1.299   .114  8.419
  11.236   .718  1.4906  3.6597  2.6468   1.300   .114  8.962
  11.170   .724  1.5207  3.6582  2.6115   1.301   .114  9.338
  11.015   .739  1.5939  3.6542  2.5221   1.302   .115 10.354
  10.851   .757  1.6725  3.6496  2.4250   1.303   .115 11.583
  10.648   .779  1.7695  3.6442  2.3067   1.304   .115 13.278
  10.394   .808  1.8932  3.6371  2.1542   1.305   .116 15.834
  10.071   .854  2.0596  3.6261  1.9441   1.306   .116 20.174
   9.597   .932  2.3123  3.6089  1.6238   1.307   .116 29.181
   9.199  1.175  2.7819  3.5653   .9827   1.308   .117 61.067
