# [Fe/H] =    .020;  age =  5000.000 Myr;  distance = ********* pc;  E(b-y) =    .000 mag
#   V    (b-y)   log L   log T   log g    M/Mo   log M  R/Ro
  33.862   .888 -1.1793  3.5896  4.6986    .600  -.222   .574
  33.847   .886 -1.1760  3.5901  4.6980    .601  -.221   .574
  33.832   .884 -1.1727  3.5906  4.6975    .602  -.220   .575
  33.817   .882 -1.1694  3.5911  4.6970    .603  -.220   .576
  33.802   .880 -1.1661  3.5916  4.6965    .604  -.219   .577
  33.787   .878 -1.1628  3.5921  4.6960    .605  -.218   .578
  33.772   .876 -1.1595  3.5926  4.6954    .606  -.218   .579
  33.757   .874 -1.1562  3.5931  4.6949    .607  -.217   .579
  33.742   .872 -1.1530  3.5936  4.6944    .608  -.216   .580
  33.728   .870 -1.1497  3.5941  4.6939    .609  -.215   .581
  33.713   .867 -1.1464  3.5946  4.6934    .610  -.215   .582
  33.699   .865 -1.1432  3.5951  4.6929    .611  -.214   .583
  33.684   .863 -1.1399  3.5956  4.6924    .612  -.213   .584
  33.670   .861 -1.1367  3.5961  4.6918    .613  -.213   .584
  33.656   .859 -1.1335  3.5966  4.6913    .614  -.212   .585
  33.641   .857 -1.1302  3.5971  4.6908    .615  -.211   .586
  33.627   .855 -1.1270  3.5976  4.6903    .616  -.210   .587
  33.613   .853 -1.1238  3.5981  4.6898    .617  -.210   .588
  33.599   .851 -1.1206  3.5986  4.6893    .618  -.209   .588
  33.585   .849 -1.1173  3.5991  4.6888    .619  -.208   .589
  33.571   .847 -1.1141  3.5996  4.6883    .620  -.208   .590
  33.557   .845 -1.1109  3.6001  4.6878    .621  -.207   .591
  33.544   .843 -1.1077  3.6005  4.6873    .622  -.206   .592
  33.530   .841 -1.1045  3.6010  4.6868    .623  -.206   .593
  33.517   .839 -1.1014  3.6015  4.6863    .624  -.205   .593
  33.503   .837 -1.0982  3.6020  4.6858    .625  -.204   .594
  33.490   .835 -1.0950  3.6025  4.6853    .626  -.203   .595
  33.476   .833 -1.0918  3.6030  4.6848    .627  -.203   .596
  33.463   .831 -1.0887  3.6035  4.6843    .628  -.202   .597
  33.450   .830 -1.0855  3.6040  4.6838    .629  -.201   .597
  33.437   .828 -1.0823  3.6044  4.6833    .630  -.201   .598
  33.424   .826 -1.0792  3.6049  4.6828    .631  -.200   .599
  33.412   .824 -1.0760  3.6054  4.6823    .632  -.199   .600
  33.399   .822 -1.0729  3.6059  4.6818    .633  -.199   .601
  33.386   .820 -1.0698  3.6064  4.6813    .634  -.198   .602
  33.374   .818 -1.0666  3.6069  4.6808    .635  -.197   .602
  33.361   .816 -1.0635  3.6073  4.6803    .636  -.197   .603
  33.349   .814 -1.0604  3.6078  4.6798    .637  -.196   .604
  33.337   .812 -1.0573  3.6083  4.6793    .638  -.195   .605
  33.325   .811 -1.0541  3.6088  4.6788    .639  -.194   .606
  33.312   .809 -1.0510  3.6092  4.6783    .640  -.194   .606
  33.300   .807 -1.0479  3.6097  4.6778    .641  -.193   .607
  33.289   .805 -1.0448  3.6102  4.6773    .642  -.192   .608
  33.277   .803 -1.0417  3.6107  4.6769    .643  -.192   .609
  33.265   .801 -1.0386  3.6111  4.6764    .644  -.191   .610
  33.253   .799 -1.0356  3.6116  4.6759    .645  -.190   .611
  33.241   .798 -1.0325  3.6121  4.6754    .646  -.190   .611
  33.230   .796 -1.0294  3.6126  4.6749    .647  -.189   .612
  33.218   .794 -1.0263  3.6130  4.6744    .648  -.188   .613
  33.207   .792 -1.0233  3.6135  4.6739    .649  -.188   .614
  33.195   .790 -1.0202  3.6140  4.6734    .650  -.187   .615
  33.184   .788 -1.0171  3.6144  4.6730    .651  -.186   .615
  33.172   .787 -1.0141  3.6149  4.6725    .652  -.186   .616
  33.161   .785 -1.0110  3.6154  4.6720    .653  -.185   .617
  33.150   .783 -1.0080  3.6159  4.6715    .654  -.184   .618
  33.138   .781 -1.0050  3.6163  4.6710    .655  -.184   .619
  33.127   .779 -1.0019  3.6168  4.6706    .656  -.183   .619
  33.116   .777  -.9989  3.6172  4.6701    .657  -.182   .620
  33.105   .776  -.9959  3.6177  4.6696    .658  -.182   .621
  33.094   .774  -.9929  3.6182  4.6691    .659  -.181   .622
  33.082   .772  -.9898  3.6186  4.6686    .660  -.180   .623
  33.071   .770  -.9868  3.6191  4.6682    .661  -.180   .624
  33.060   .769  -.9838  3.6196  4.6677    .662  -.179   .624
  33.049   .767  -.9808  3.6200  4.6672    .663  -.178   .625
  33.038   .765  -.9778  3.6205  4.6667    .664  -.178   .626
  33.027   .763  -.9748  3.6209  4.6663    .665  -.177   .627
  33.016   .761  -.9718  3.6214  4.6658    .666  -.177   .628
  33.005   .760  -.9689  3.6219  4.6653    .667  -.176   .628
  32.994   .758  -.9659  3.6223  4.6648    .668  -.175   .629
  32.983   .756  -.9629  3.6228  4.6644    .669  -.175   .630
  32.972   .755  -.9599  3.6232  4.6639    .670  -.174   .631
  32.962   .753  -.9570  3.6237  4.6634    .671  -.173   .632
  32.951   .751  -.9540  3.6241  4.6630    .672  -.173   .633
  32.940   .749  -.9510  3.6246  4.6625    .673  -.172   .633
  32.929   .748  -.9481  3.6250  4.6620    .674  -.171   .634
  32.918   .746  -.9451  3.6255  4.6616    .675  -.171   .635
  32.907   .744  -.9422  3.6260  4.6611    .676  -.170   .636
  32.896   .742  -.9392  3.6264  4.6606    .677  -.169   .637
  32.885   .741  -.9363  3.6269  4.6602    .678  -.169   .637
  32.874   .739  -.9334  3.6273  4.6597    .679  -.168   .638
  32.863   .737  -.9304  3.6278  4.6592    .680  -.167   .639
  32.852   .736  -.9275  3.6282  4.6588    .681  -.167   .640
  32.841   .734  -.9246  3.6286  4.6583    .682  -.166   .641
  32.830   .732  -.9217  3.6291  4.6578    .683  -.166   .641
  32.819   .731  -.9188  3.6295  4.6574    .684  -.165   .642
  32.808   .729  -.9159  3.6300  4.6569    .685  -.164   .643
  32.797   .727  -.9130  3.6304  4.6565    .686  -.164   .644
  32.786   .726  -.9101  3.6309  4.6560    .687  -.163   .645
  32.776   .724  -.9072  3.6313  4.6555    .688  -.162   .645
  32.765   .722  -.9043  3.6318  4.6551    .689  -.162   .646
  32.754   .720  -.9014  3.6322  4.6546    .690  -.161   .647
  32.743   .719  -.8985  3.6327  4.6542    .691  -.161   .648
  32.732   .717  -.8956  3.6331  4.6537    .692  -.160   .649
  32.721   .715  -.8928  3.6335  4.6533    .693  -.159   .650
  32.711   .714  -.8899  3.6340  4.6528    .694  -.159   .650
  32.700   .712  -.8870  3.6344  4.6523    .695  -.158   .651
  32.689   .711  -.8842  3.6349  4.6519    .696  -.157   .652
  32.679   .709  -.8813  3.6353  4.6514    .697  -.157   .653
  32.668   .707  -.8784  3.6357  4.6510    .698  -.156   .654
  32.657   .706  -.8756  3.6362  4.6505    .699  -.156   .654
  32.647   .704  -.8727  3.6366  4.6501    .700  -.155   .655
  32.635   .702  -.8698  3.6371  4.6496    .701  -.154   .656
  32.624   .701  -.8668  3.6375  4.6491    .702  -.154   .657
  32.613   .699  -.8638  3.6380  4.6486    .703  -.153   .658
  32.601   .697  -.8606  3.6385  4.6481    .704  -.152   .659
  32.589   .695  -.8574  3.6390  4.6475    .705  -.152   .659
  32.577   .693  -.8542  3.6395  4.6469    .706  -.151   .660
  32.565   .691  -.8510  3.6400  4.6463    .707  -.151   .661
  32.553   .690  -.8478  3.6405  4.6457    .708  -.150   .662
  32.541   .688  -.8446  3.6410  4.6452    .709  -.149   .663
  32.529   .686  -.8414  3.6415  4.6446    .710  -.149   .664
  32.517   .684  -.8383  3.6420  4.6440    .711  -.148   .665
  32.505   .682  -.8351  3.6425  4.6434    .712  -.148   .666
  32.494   .681  -.8319  3.6430  4.6428    .713  -.147   .667
  32.482   .679  -.8287  3.6435  4.6423    .714  -.146   .668
  32.470   .677  -.8255  3.6440  4.6417    .715  -.146   .669
  32.458   .675  -.8224  3.6445  4.6411    .716  -.145   .670
  32.446   .674  -.8192  3.6450  4.6405    .717  -.144   .670
  32.435   .672  -.8160  3.6455  4.6399    .718  -.144   .671
  32.423   .670  -.8129  3.6460  4.6394    .719  -.143   .672
  32.411   .668  -.8097  3.6465  4.6388    .720  -.143   .673
  32.399   .667  -.8066  3.6470  4.6382    .721  -.142   .674
  32.388   .665  -.8034  3.6475  4.6376    .722  -.141   .675
  32.376   .663  -.8003  3.6480  4.6371    .723  -.141   .676
  32.364   .662  -.7971  3.6485  4.6365    .724  -.140   .677
  32.353   .660  -.7940  3.6490  4.6359    .725  -.140   .678
  32.341   .658  -.7908  3.6495  4.6353    .726  -.139   .679
  32.330   .657  -.7877  3.6500  4.6348    .727  -.138   .680
  32.318   .655  -.7846  3.6505  4.6342    .728  -.138   .681
  32.306   .653  -.7814  3.6510  4.6336    .729  -.137   .681
  32.295   .652  -.7783  3.6515  4.6330    .730  -.137   .682
  32.283   .650  -.7752  3.6520  4.6325    .731  -.136   .683
  32.272   .648  -.7721  3.6525  4.6319    .732  -.135   .684
  32.260   .647  -.7689  3.6530  4.6313    .733  -.135   .685
  32.249   .645  -.7658  3.6535  4.6308    .734  -.134   .686
  32.238   .644  -.7627  3.6540  4.6302    .735  -.134   .687
  32.226   .642  -.7596  3.6545  4.6296    .736  -.133   .688
  32.215   .641  -.7565  3.6550  4.6290    .737  -.133   .689
  32.203   .639  -.7534  3.6554  4.6285    .738  -.132   .690
  32.192   .638  -.7503  3.6559  4.6279    .739  -.131   .691
  32.181   .636  -.7472  3.6564  4.6273    .740  -.131   .692
  32.169   .635  -.7441  3.6569  4.6268    .741  -.130   .692
  32.158   .634  -.7410  3.6574  4.6262    .742  -.130   .693
  32.147   .632  -.7379  3.6579  4.6256    .743  -.129   .694
  32.136   .631  -.7348  3.6584  4.6251    .744  -.128   .695
  32.124   .629  -.7317  3.6589  4.6245    .745  -.128   .696
  32.113   .628  -.7286  3.6594  4.6239    .746  -.127   .697
  32.102   .627  -.7256  3.6599  4.6234    .747  -.127   .698
  32.091   .625  -.7225  3.6603  4.6228    .748  -.126   .699
  32.080   .624  -.7194  3.6608  4.6222    .749  -.126   .700
  32.069   .622  -.7163  3.6613  4.6217    .750  -.125   .701
  32.057   .621  -.7133  3.6618  4.6211    .751  -.124   .702
  32.046   .620  -.7102  3.6623  4.6206    .752  -.124   .703
  32.035   .618  -.7071  3.6628  4.6200    .753  -.123   .703
  32.024   .617  -.7041  3.6633  4.6194    .754  -.123   .704
  32.013   .616  -.7010  3.6637  4.6189    .755  -.122   .705
  32.002   .614  -.6980  3.6642  4.6183    .756  -.121   .706
  31.991   .613  -.6949  3.6647  4.6177    .757  -.121   .707
  31.980   .612  -.6919  3.6652  4.6172    .758  -.120   .708
  31.969   .610  -.6888  3.6657  4.6166    .759  -.120   .709
  31.958   .609  -.6858  3.6662  4.6161    .760  -.119   .710
  31.947   .608  -.6827  3.6667  4.6155    .761  -.119   .711
  31.936   .606  -.6797  3.6671  4.6149    .762  -.118   .712
  31.926   .605  -.6766  3.6676  4.6144    .763  -.117   .713
  31.915   .604  -.6736  3.6681  4.6138    .764  -.117   .714
  31.904   .603  -.6706  3.6686  4.6133    .765  -.116   .715
  31.893   .601  -.6675  3.6691  4.6127    .766  -.116   .716
  31.882   .600  -.6645  3.6696  4.6122    .767  -.115   .716
  31.871   .599  -.6615  3.6700  4.6116    .768  -.115   .717
  31.861   .598  -.6585  3.6705  4.6110    .769  -.114   .718
  31.850   .596  -.6554  3.6710  4.6105    .770  -.114   .719
  31.839   .595  -.6524  3.6715  4.6099    .771  -.113   .720
  31.828   .594  -.6494  3.6720  4.6094    .772  -.112   .721
  31.818   .593  -.6464  3.6725  4.6088    .773  -.112   .722
  31.807   .591  -.6434  3.6729  4.6083    .774  -.111   .723
  31.796   .590  -.6403  3.6734  4.6077    .775  -.111   .724
  31.786   .589  -.6373  3.6739  4.6071    .776  -.110   .725
  31.775   .588  -.6343  3.6744  4.6066    .777  -.110   .726
  31.764   .587  -.6313  3.6749  4.6060    .778  -.109   .727
  31.754   .585  -.6283  3.6753  4.6055    .779  -.108   .728
  31.743   .584  -.6253  3.6758  4.6049    .780  -.108   .729
  31.733   .583  -.6223  3.6763  4.6044    .781  -.107   .729
  31.722   .582  -.6193  3.6768  4.6038    .782  -.107   .730
  31.712   .581  -.6163  3.6773  4.6033    .783  -.106   .731
  31.701   .579  -.6133  3.6777  4.6027    .784  -.106   .732
  31.691   .578  -.6103  3.6782  4.6021    .785  -.105   .733
  31.680   .577  -.6073  3.6787  4.6016    .786  -.105   .734
  31.670   .576  -.6043  3.6792  4.6010    .787  -.104   .735
  31.659   .575  -.6014  3.6797  4.6005    .788  -.103   .736
  31.649   .574  -.5984  3.6801  4.5999    .789  -.103   .737
  31.638   .572  -.5954  3.6806  4.5994    .790  -.102   .738
  31.628   .571  -.5924  3.6811  4.5988    .791  -.102   .739
  31.617   .570  -.5894  3.6816  4.5983    .792  -.101   .740
  31.607   .569  -.5864  3.6821  4.5977    .793  -.101   .741
  31.597   .568  -.5835  3.6825  4.5972    .794  -.100   .742
  31.586   .567  -.5805  3.6830  4.5966    .795  -.100   .743
  31.576   .565  -.5775  3.6835  4.5961    .796  -.099   .744
  31.566   .564  -.5745  3.6840  4.5955    .797  -.099   .744
  31.555   .563  -.5716  3.6844  4.5950    .798  -.098   .745
  31.545   .562  -.5686  3.6849  4.5944    .799  -.097   .746
  31.535   .561  -.5656  3.6854  4.5939    .800  -.097   .747
  31.525   .560  -.5627  3.6858  4.5933    .801  -.096   .748
  31.515   .559  -.5599  3.6863  4.5927    .802  -.096   .749
  31.505   .558  -.5570  3.6867  4.5922    .803  -.095   .750
  31.496   .557  -.5541  3.6872  4.5916    .804  -.095   .751
  31.486   .556  -.5513  3.6876  4.5910    .805  -.094   .752
  31.476   .555  -.5484  3.6881  4.5905    .806  -.094   .753
  31.467   .554  -.5455  3.6885  4.5899    .807  -.093   .754
  31.457   .553  -.5427  3.6889  4.5893    .808  -.093   .755
  31.447   .552  -.5398  3.6894  4.5888    .809  -.092   .756
  31.438   .551  -.5370  3.6898  4.5882    .810  -.092   .757
  31.428   .550  -.5341  3.6903  4.5876    .811  -.091   .758
  31.418   .549  -.5313  3.6907  4.5871    .812  -.090   .759
  31.409   .548  -.5284  3.6911  4.5865    .813  -.090   .760
  31.399   .547  -.5256  3.6916  4.5859    .814  -.089   .761
  31.390   .546  -.5228  3.6920  4.5854    .815  -.089   .762
  31.380   .545  -.5199  3.6924  4.5848    .816  -.088   .763
  31.371   .544  -.5171  3.6929  4.5842    .817  -.088   .764
  31.361   .543  -.5143  3.6933  4.5837    .818  -.087   .765
  31.352   .542  -.5114  3.6937  4.5831    .819  -.087   .766
  31.342   .541  -.5086  3.6942  4.5825    .820  -.086   .766
  31.333   .540  -.5058  3.6946  4.5820    .821  -.086   .767
  31.324   .539  -.5030  3.6950  4.5814    .822  -.085   .768
  31.314   .538  -.5001  3.6955  4.5808    .823  -.085   .769
  31.305   .537  -.4973  3.6959  4.5803    .824  -.084   .770
  31.296   .536  -.4945  3.6963  4.5797    .825  -.084   .771
  31.286   .535  -.4917  3.6968  4.5791    .826  -.083   .772
  31.277   .534  -.4889  3.6972  4.5785    .827  -.082   .773
  31.268   .533  -.4861  3.6976  4.5780    .828  -.082   .774
  31.259   .532  -.4833  3.6980  4.5774    .829  -.081   .775
  31.249   .531  -.4805  3.6985  4.5768    .830  -.081   .776
  31.240   .530  -.4777  3.6989  4.5763    .831  -.080   .777
  31.231   .529  -.4749  3.6993  4.5757    .832  -.080   .778
  31.222   .528  -.4721  3.6997  4.5751    .833  -.079   .779
  31.213   .527  -.4693  3.7002  4.5745    .834  -.079   .780
  31.203   .526  -.4665  3.7006  4.5740    .835  -.078   .781
  31.194   .525  -.4637  3.7010  4.5734    .836  -.078   .782
  31.185   .525  -.4609  3.7014  4.5728    .837  -.077   .783
  31.176   .524  -.4581  3.7019  4.5722    .838  -.077   .784
  31.167   .523  -.4554  3.7023  4.5717    .839  -.076   .785
  31.158   .522  -.4526  3.7027  4.5711    .840  -.076   .786
  31.149   .521  -.4498  3.7031  4.5705    .841  -.075   .787
  31.140   .520  -.4470  3.7035  4.5699    .842  -.075   .788
  31.131   .519  -.4443  3.7040  4.5694    .843  -.074   .789
  31.122   .518  -.4415  3.7044  4.5688    .844  -.074   .790
  31.113   .517  -.4387  3.7048  4.5682    .845  -.073   .791
  31.104   .516  -.4360  3.7052  4.5676    .846  -.073   .792
  31.095   .515  -.4332  3.7056  4.5670    .847  -.072   .793
  31.087   .515  -.4304  3.7061  4.5665    .848  -.072   .794
  31.078   .514  -.4277  3.7065  4.5659    .849  -.071   .795
  31.069   .513  -.4249  3.7069  4.5653    .850  -.071   .796
  31.060   .512  -.4222  3.7073  4.5647    .851  -.070   .797
  31.051   .511  -.4194  3.7077  4.5641    .852  -.070   .798
  31.042   .510  -.4166  3.7081  4.5636    .853  -.069   .799
  31.034   .509  -.4139  3.7085  4.5630    .854  -.069   .800
  31.025   .508  -.4111  3.7090  4.5624    .855  -.068   .801
  31.016   .508  -.4084  3.7094  4.5618    .856  -.068   .802
  31.007   .507  -.4057  3.7098  4.5612    .857  -.067   .803
  30.999   .506  -.4029  3.7102  4.5606    .858  -.067   .804
  30.990   .505  -.4001  3.7106  4.5600    .859  -.066   .805
  30.981   .504  -.3971  3.7110  4.5593    .860  -.066   .806
  30.971   .503  -.3941  3.7115  4.5585    .861  -.065   .807
  30.962   .502  -.3911  3.7119  4.5578    .862  -.064   .809
  30.952   .501  -.3882  3.7123  4.5571    .863  -.064   .810
  30.943   .500  -.3852  3.7128  4.5563    .864  -.063   .811
  30.934   .500  -.3822  3.7132  4.5556    .865  -.063   .812
  30.924   .499  -.3792  3.7136  4.5548    .866  -.062   .813
  30.915   .498  -.3762  3.7141  4.5541    .867  -.062   .814
  30.906   .497  -.3732  3.7145  4.5534    .868  -.061   .816
  30.897   .496  -.3702  3.7149  4.5526    .869  -.061   .817
  30.887   .495  -.3673  3.7154  4.5519    .870  -.060   .818
  30.878   .494  -.3643  3.7158  4.5511    .871  -.060   .819
  30.869   .493  -.3613  3.7162  4.5504    .872  -.059   .820
  30.860   .492  -.3583  3.7166  4.5496    .873  -.059   .821
  30.851   .492  -.3553  3.7171  4.5488    .874  -.058   .823
  30.841   .491  -.3524  3.7175  4.5481    .875  -.058   .824
  30.832   .490  -.3494  3.7179  4.5473    .876  -.057   .825
  30.823   .489  -.3464  3.7184  4.5466    .877  -.057   .826
  30.814   .488  -.3434  3.7188  4.5458    .878  -.057   .827
  30.805   .487  -.3405  3.7192  4.5450    .879  -.056   .829
  30.796   .486  -.3375  3.7196  4.5443    .880  -.056   .830
  30.787   .485  -.3345  3.7201  4.5435    .881  -.055   .831
  30.778   .485  -.3315  3.7205  4.5427    .882  -.055   .832
  30.769   .484  -.3286  3.7209  4.5420    .883  -.054   .833
  30.760   .483  -.3256  3.7213  4.5412    .884  -.054   .835
  30.751   .482  -.3226  3.7218  4.5404    .885  -.053   .836
  30.742   .481  -.3197  3.7222  4.5396    .886  -.053   .837
  30.733   .480  -.3167  3.7226  4.5388    .887  -.052   .838
  30.724   .479  -.3137  3.7230  4.5381    .888  -.052   .840
  30.715   .479  -.3108  3.7234  4.5373    .889  -.051   .841
  30.706   .478  -.3078  3.7239  4.5365    .890  -.051   .842
  30.697   .477  -.3048  3.7243  4.5357    .891  -.050   .843
  30.688   .476  -.3019  3.7247  4.5349    .892  -.050   .844
  30.680   .475  -.2989  3.7251  4.5341    .893  -.049   .846
  30.671   .474  -.2959  3.7256  4.5333    .894  -.049   .847
  30.662   .473  -.2930  3.7260  4.5325    .895  -.048   .848
  30.653   .473  -.2900  3.7264  4.5317    .896  -.048   .849
  30.644   .472  -.2871  3.7268  4.5309    .897  -.047   .851
  30.636   .471  -.2841  3.7272  4.5301    .898  -.047   .852
  30.627   .470  -.2811  3.7277  4.5293    .899  -.046   .853
  30.618   .469  -.2782  3.7281  4.5285    .900  -.046   .855
  30.610   .469  -.2753  3.7284  4.5275    .901  -.045   .856
  30.601   .468  -.2724  3.7288  4.5265    .902  -.045   .857
  30.593   .467  -.2696  3.7291  4.5255    .903  -.044   .859
  30.585   .467  -.2667  3.7294  4.5245    .904  -.044   .860
  30.577   .466  -.2638  3.7298  4.5235    .905  -.043   .862
  30.569   .465  -.2610  3.7301  4.5225    .906  -.043   .863
  30.560   .465  -.2581  3.7305  4.5215    .907  -.042   .865
  30.552   .464  -.2553  3.7308  4.5205    .908  -.042   .866
  30.544   .463  -.2524  3.7311  4.5195    .909  -.041   .868
  30.536   .462  -.2495  3.7315  4.5185    .910  -.041   .869
  30.528   .462  -.2467  3.7318  4.5175    .911  -.040   .871
  30.520   .461  -.2438  3.7322  4.5165    .912  -.040   .872
  30.511   .460  -.2410  3.7325  4.5156    .913  -.040   .874
  30.503   .460  -.2381  3.7328  4.5146    .914  -.039   .875
  30.495   .459  -.2353  3.7332  4.5136    .915  -.039   .877
  30.487   .458  -.2325  3.7335  4.5126    .916  -.038   .878
  30.479   .458  -.2296  3.7338  4.5116    .917  -.038   .880
  30.471   .457  -.2268  3.7342  4.5106    .918  -.037   .881
  30.463   .456  -.2239  3.7345  4.5096    .919  -.037   .883
  30.455   .456  -.2211  3.7348  4.5086    .920  -.036   .884
  30.447   .455  -.2183  3.7352  4.5076    .921  -.036   .886
  30.439   .454  -.2154  3.7355  4.5066    .922  -.035   .887
  30.431   .454  -.2126  3.7359  4.5056    .923  -.035   .889
  30.423   .453  -.2098  3.7362  4.5046    .924  -.034   .890
  30.415   .452  -.2069  3.7365  4.5036    .925  -.034   .892
  30.407   .452  -.2041  3.7368  4.5026    .926  -.033   .893
  30.399   .451  -.2013  3.7372  4.5015    .927  -.033   .895
  30.391   .451  -.1985  3.7375  4.5005    .928  -.032   .896
  30.383   .450  -.1957  3.7378  4.4995    .929  -.032   .898
  30.375   .449  -.1928  3.7382  4.4985    .930  -.032   .899
  30.367   .449  -.1900  3.7385  4.4975    .931  -.031   .901
  30.359   .448  -.1872  3.7388  4.4965    .932  -.031   .902
  30.351   .447  -.1844  3.7392  4.4955    .933  -.030   .904
  30.343   .447  -.1816  3.7395  4.4945    .934  -.030   .905
  30.335   .446  -.1788  3.7398  4.4935    .935  -.029   .907
  30.327   .445  -.1760  3.7401  4.4925    .936  -.029   .908
  30.319   .445  -.1732  3.7405  4.4915    .937  -.028   .910
  30.311   .444  -.1704  3.7408  4.4905    .938  -.028   .911
  30.303   .443  -.1675  3.7411  4.4895    .939  -.027   .913
  30.295   .443  -.1647  3.7415  4.4885    .940  -.027   .915
  30.287   .442  -.1619  3.7418  4.4875    .941  -.026   .916
  30.280   .441  -.1591  3.7421  4.4865    .942  -.026   .918
  30.272   .441  -.1563  3.7424  4.4854    .943  -.025   .919
  30.264   .440  -.1536  3.7427  4.4844    .944  -.025   .921
  30.256   .439  -.1508  3.7431  4.4834    .945  -.025   .922
  30.248   .439  -.1480  3.7434  4.4824    .946  -.024   .924
  30.240   .438  -.1452  3.7437  4.4814    .947  -.024   .925
  30.232   .437  -.1424  3.7440  4.4804    .948  -.023   .927
  30.225   .437  -.1396  3.7444  4.4794    .949  -.023   .929
  30.217   .436  -.1368  3.7447  4.4784    .950  -.022   .930
  30.209   .436  -.1340  3.7450  4.4773    .951  -.022   .932
  30.201   .435  -.1312  3.7453  4.4763    .952  -.021   .933
  30.193   .434  -.1284  3.7456  4.4753    .953  -.021   .935
  30.186   .434  -.1257  3.7460  4.4743    .954  -.020   .936
  30.178   .433  -.1229  3.7463  4.4733    .955  -.020   .938
  30.170   .432  -.1201  3.7466  4.4723    .956  -.020   .940
  30.162   .432  -.1173  3.7469  4.4712    .957  -.019   .941
  30.155   .431  -.1145  3.7472  4.4702    .958  -.019   .943
  30.147   .430  -.1118  3.7476  4.4692    .959  -.018   .944
  30.139   .430  -.1090  3.7479  4.4682    .960  -.018   .946
  30.131   .429  -.1062  3.7482  4.4672    .961  -.017   .948
  30.124   .429  -.1034  3.7485  4.4661    .962  -.017   .949
  30.116   .428  -.1007  3.7488  4.4651    .963  -.016   .951
  30.108   .427  -.0979  3.7491  4.4641    .964  -.016   .952
  30.101   .427  -.0951  3.7495  4.4631    .965  -.015   .954
  30.093   .426  -.0924  3.7498  4.4620    .966  -.015   .956
  30.085   .425  -.0896  3.7501  4.4610    .967  -.015   .957
  30.078   .425  -.0868  3.7504  4.4600    .968  -.014   .959
  30.070   .424  -.0841  3.7507  4.4589    .969  -.014   .961
  30.062   .423  -.0813  3.7510  4.4579    .970  -.013   .962
  30.055   .423  -.0785  3.7513  4.4569    .971  -.013   .964
  30.047   .422  -.0758  3.7517  4.4558    .972  -.012   .966
  30.039   .422  -.0730  3.7520  4.4548    .973  -.012   .967
  30.032   .421  -.0703  3.7523  4.4538    .974  -.011   .969
  30.024   .420  -.0675  3.7526  4.4527    .975  -.011   .970
  30.016   .420  -.0647  3.7529  4.4517    .976  -.011   .972
  30.009   .419  -.0620  3.7532  4.4507    .977  -.010   .974
  30.001   .418  -.0592  3.7535  4.4496    .978  -.010   .975
  29.994   .418  -.0565  3.7538  4.4486    .979  -.009   .977
  29.986   .417  -.0537  3.7541  4.4476    .980  -.009   .979
  29.978   .416  -.0510  3.7544  4.4465    .981  -.008   .980
  29.971   .416  -.0482  3.7548  4.4455    .982  -.008   .982
  29.963   .415  -.0455  3.7551  4.4444    .983  -.007   .984
  29.956   .415  -.0427  3.7554  4.4434    .984  -.007   .986
  29.948   .414  -.0399  3.7557  4.4423    .985  -.007   .987
  29.941   .413  -.0372  3.7560  4.4413    .986  -.006   .989
  29.933   .413  -.0344  3.7563  4.4402    .987  -.006   .991
  29.926   .412  -.0317  3.7566  4.4392    .988  -.005   .992
  29.918   .411  -.0289  3.7569  4.4381    .989  -.005   .994
  29.910   .411  -.0262  3.7572  4.4371    .990  -.004   .996
  29.903   .410  -.0235  3.7575  4.4360    .991  -.004   .997
  29.895   .410  -.0207  3.7578  4.4350    .992  -.003   .999
  29.888   .409  -.0180  3.7581  4.4339    .993  -.003  1.001
  29.880   .408  -.0152  3.7584  4.4329    .994  -.003  1.003
  29.873   .408  -.0125  3.7587  4.4318    .995  -.002  1.004
  29.865   .407  -.0097  3.7590  4.4307    .996  -.002  1.006
  29.858   .406  -.0070  3.7593  4.4297    .997  -.001  1.008
  29.850   .406  -.0042  3.7596  4.4286    .998  -.001  1.010
  29.843   .405  -.0015  3.7599  4.4276    .999   .000  1.011
  29.835   .405   .0013  3.7602  4.4265   1.000   .000  1.013
  29.828   .404   .0038  3.7605  4.4253   1.001   .000  1.015
  29.822   .404   .0064  3.7607  4.4242   1.002   .001  1.017
  29.815   .403   .0090  3.7610  4.4230   1.003   .001  1.019
  29.808   .402   .0115  3.7612  4.4218   1.004   .002  1.020
  29.801   .402   .0141  3.7615  4.4207   1.005   .002  1.022
  29.794   .401   .0167  3.7617  4.4195   1.006   .003  1.024
  29.787   .401   .0193  3.7620  4.4182   1.007   .003  1.026
  29.779   .400   .0221  3.7622  4.4168   1.008   .003  1.028
  29.772   .400   .0248  3.7625  4.4154   1.009   .004  1.031
  29.765   .399   .0275  3.7627  4.4141   1.010   .004  1.033
  29.757   .399   .0302  3.7629  4.4127   1.011   .005  1.035
  29.750   .398   .0330  3.7632  4.4114   1.012   .005  1.037
  29.743   .398   .0357  3.7634  4.4100   1.013   .006  1.039
  29.736   .397   .0384  3.7637  4.4087   1.014   .006  1.041
  29.729   .397   .0410  3.7639  4.4073   1.015   .006  1.043
  29.721   .396   .0437  3.7642  4.4060   1.016   .007  1.045
  29.714   .396   .0464  3.7644  4.4046   1.017   .007  1.048
  29.707   .395   .0491  3.7646  4.4033   1.018   .008  1.050
  29.700   .395   .0517  3.7649  4.4020   1.019   .008  1.052
  29.693   .394   .0544  3.7651  4.4006   1.020   .009  1.054
  29.686   .394   .0571  3.7654  4.3993   1.021   .009  1.056
  29.679   .393   .0597  3.7656  4.3980   1.022   .009  1.058
  29.672   .393   .0624  3.7658  4.3967   1.023   .010  1.060
  29.665   .392   .0650  3.7661  4.3953   1.024   .010  1.063
  29.658   .392   .0676  3.7663  4.3940   1.025   .011  1.065
  29.651   .391   .0702  3.7665  4.3927   1.026   .011  1.067
  29.644   .391   .0729  3.7668  4.3914   1.027   .012  1.069
  29.637   .390   .0755  3.7670  4.3901   1.028   .012  1.071
  29.630   .390   .0781  3.7672  4.3888   1.029   .012  1.073
  29.623   .389   .0807  3.7675  4.3875   1.030   .013  1.075
  29.616   .389   .0833  3.7677  4.3862   1.031   .013  1.077
  29.609   .388   .0859  3.7680  4.3849   1.032   .014  1.080
  29.602   .388   .0884  3.7682  4.3837   1.033   .014  1.082
  29.595   .387   .0910  3.7684  4.3824   1.034   .015  1.084
  29.588   .387   .0936  3.7687  4.3811   1.035   .015  1.086
  29.581   .386   .0961  3.7689  4.3798   1.036   .015  1.088
  29.575   .386   .0987  3.7691  4.3786   1.037   .016  1.090
  29.568   .385   .1013  3.7693  4.3773   1.038   .016  1.092
  29.561   .385   .1038  3.7696  4.3760   1.039   .017  1.094
  29.554   .384   .1063  3.7698  4.3748   1.040   .017  1.096
  29.548   .384   .1089  3.7700  4.3735   1.041   .017  1.099
  29.541   .383   .1114  3.7703  4.3722   1.042   .018  1.101
  29.534   .383   .1139  3.7705  4.3710   1.043   .018  1.103
  29.528   .382   .1164  3.7707  4.3697   1.044   .019  1.105
  29.521   .382   .1189  3.7709  4.3685   1.045   .019  1.107
  29.514   .381   .1214  3.7712  4.3672   1.046   .020  1.109
  29.508   .381   .1239  3.7714  4.3660   1.047   .020  1.111
  29.501   .380   .1264  3.7716  4.3647   1.048   .020  1.113
  29.494   .380   .1292  3.7718  4.3630   1.049   .021  1.116
  29.487   .380   .1319  3.7719  4.3614   1.050   .021  1.119
  29.480   .379   .1347  3.7721  4.3597   1.051   .022  1.122
  29.472   .379   .1374  3.7723  4.3580   1.052   .022  1.124
  29.465   .379   .1401  3.7724  4.3563   1.053   .022  1.127
  29.458   .378   .1429  3.7726  4.3546   1.054   .023  1.130
  29.451   .378   .1456  3.7727  4.3529   1.055   .023  1.132
  29.444   .377   .1483  3.7729  4.3513   1.056   .024  1.135
  29.437   .377   .1510  3.7730  4.3496   1.057   .024  1.138
  29.430   .377   .1537  3.7732  4.3479   1.058   .024  1.141
  29.423   .377   .1564  3.7733  4.3462   1.059   .025  1.143
  29.416   .376   .1591  3.7735  4.3445   1.060   .025  1.146
  29.409   .376   .1618  3.7736  4.3429   1.061   .026  1.149
  29.402   .376   .1645  3.7738  4.3412   1.062   .026  1.152
  29.395   .375   .1672  3.7739  4.3395   1.063   .027  1.154
  29.388   .375   .1699  3.7740  4.3378   1.064   .027  1.157
  29.381   .375   .1725  3.7742  4.3362   1.065   .027  1.160
  29.374   .374   .1752  3.7743  4.3345   1.066   .028  1.163
  29.368   .374   .1779  3.7744  4.3329   1.067   .028  1.166
  29.361   .374   .1805  3.7746  4.3312   1.068   .029  1.168
  29.354   .374   .1832  3.7747  4.3295   1.069   .029  1.171
  29.347   .373   .1858  3.7748  4.3279   1.070   .029  1.174
  29.340   .373   .1885  3.7750  4.3262   1.071   .030  1.177
  29.333   .373   .1911  3.7751  4.3246   1.072   .030  1.179
  29.327   .372   .1937  3.7752  4.3229   1.073   .031  1.182
  29.320   .372   .1964  3.7753  4.3213   1.074   .031  1.185
  29.313   .372   .1990  3.7754  4.3196   1.075   .031  1.188
  29.306   .372   .2016  3.7756  4.3180   1.076   .032  1.191
  29.300   .371   .2042  3.7757  4.3164   1.077   .032  1.193
  29.293   .371   .2068  3.7758  4.3147   1.078   .033  1.196
  29.286   .371   .2094  3.7759  4.3131   1.079   .033  1.199
  29.280   .371   .2120  3.7760  4.3115   1.080   .033  1.202
  29.273   .370   .2146  3.7761  4.3095   1.081   .034  1.205
  29.266   .370   .2172  3.7762  4.3075   1.082   .034  1.208
  29.260   .370   .2198  3.7762  4.3055   1.083   .035  1.212
  29.253   .370   .2224  3.7763  4.3036   1.084   .035  1.215
  29.246   .370   .2250  3.7763  4.3016   1.085   .035  1.218
  29.240   .370   .2276  3.7764  4.2996   1.086   .036  1.222
  29.233   .370   .2302  3.7764  4.2976   1.087   .036  1.225
  29.227   .369   .2328  3.7765  4.2957   1.088   .037  1.228
  29.220   .369   .2354  3.7766  4.2937   1.089   .037  1.232
  29.214   .369   .2379  3.7766  4.2917   1.090   .037  1.235
  29.207   .369   .2405  3.7767  4.2898   1.091   .038  1.238
  29.201   .369   .2431  3.7767  4.2878   1.092   .038  1.242
  29.194   .369   .2456  3.7768  4.2858   1.093   .039  1.245
  29.188   .369   .2482  3.7768  4.2839   1.094   .039  1.249
  29.181   .369   .2507  3.7769  4.2819   1.095   .039  1.252
  29.175   .368   .2532  3.7769  4.2800   1.096   .040  1.255
  29.168   .368   .2558  3.7770  4.2780   1.097   .040  1.259
  29.162   .368   .2583  3.7771  4.2761   1.098   .041  1.262
  29.156   .368   .2608  3.7771  4.2741   1.099   .041  1.266
  29.149   .368   .2633  3.7772  4.2722   1.100   .041  1.269
  29.144   .368   .2655  3.7772  4.2704   1.101   .042  1.272
  29.138   .368   .2677  3.7772  4.2686   1.102   .042  1.275
  29.133   .368   .2699  3.7772  4.2668   1.103   .043  1.279
  29.127   .368   .2721  3.7772  4.2650   1.104   .043  1.282
  29.122   .368   .2743  3.7772  4.2632   1.105   .043  1.285
  29.116   .368   .2765  3.7772  4.2614   1.106   .044  1.288
  29.111   .368   .2787  3.7772  4.2596   1.107   .044  1.292
  29.105   .368   .2809  3.7772  4.2577   1.108   .045  1.295
  29.100   .368   .2830  3.7772  4.2559   1.109   .045  1.298
  29.094   .368   .2852  3.7772  4.2541   1.110   .045  1.302
  29.089   .368   .2874  3.7772  4.2523   1.111   .046  1.305
  29.084   .368   .2895  3.7772  4.2505   1.112   .046  1.308
  29.078   .368   .2917  3.7772  4.2487   1.113   .046  1.312
  29.073   .368   .2938  3.7771  4.2468   1.114   .047  1.315
  29.067   .368   .2959  3.7771  4.2450   1.115   .047  1.318
  29.062   .368   .2981  3.7771  4.2432   1.116   .048  1.322
  29.057   .368   .3002  3.7771  4.2414   1.117   .048  1.325
  29.052   .368   .3023  3.7771  4.2395   1.118   .048  1.328
  29.046   .368   .3044  3.7771  4.2377   1.119   .049  1.332
  29.041   .368   .3066  3.7770  4.2359   1.120   .049  1.335
  29.036   .368   .3087  3.7770  4.2340   1.121   .050  1.339
  29.031   .368   .3108  3.7770  4.2322   1.122   .050  1.342
  29.025   .368   .3129  3.7769  4.2303   1.123   .050  1.345
  29.020   .368   .3149  3.7769  4.2285   1.124   .051  1.349
  29.015   .369   .3170  3.7769  4.2267   1.125   .051  1.352
  29.010   .369   .3191  3.7768  4.2248   1.126   .052  1.356
  29.005   .369   .3211  3.7767  4.2228   1.127   .052  1.360
  29.000   .369   .3232  3.7767  4.2208   1.128   .052  1.363
  28.995   .369   .3252  3.7766  4.2188   1.129   .053  1.367
  28.990   .369   .3272  3.7765  4.2168   1.130   .053  1.371
  28.985   .370   .3293  3.7764  4.2148   1.131   .053  1.375
  28.980   .370   .3313  3.7763  4.2128   1.132   .054  1.378
  28.975   .370   .3333  3.7762  4.2108   1.133   .054  1.382
  28.970   .370   .3354  3.7761  4.2088   1.134   .055  1.386
  28.965   .370   .3374  3.7760  4.2068   1.135   .055  1.390
  28.960   .371   .3394  3.7759  4.2048   1.136   .055  1.394
  28.955   .371   .3415  3.7758  4.2028   1.137   .056  1.398
  28.950   .371   .3435  3.7757  4.2007   1.138   .056  1.401
  28.946   .371   .3455  3.7756  4.1987   1.139   .057  1.405
  28.941   .372   .3476  3.7755  4.1967   1.140   .057  1.409
  28.936   .372   .3496  3.7754  4.1947   1.141   .057  1.413
  28.931   .372   .3516  3.7753  4.1927   1.142   .058  1.417
  28.926   .372   .3536  3.7752  4.1907   1.143   .058  1.421
  28.921   .372   .3557  3.7751  4.1886   1.144   .058  1.425
  28.916   .373   .3577  3.7750  4.1866   1.145   .059  1.429
  28.911   .373   .3597  3.7749  4.1846   1.146   .059  1.433
  28.906   .373   .3617  3.7748  4.1826   1.147   .060  1.437
  28.901   .373   .3638  3.7747  4.1805   1.148   .060  1.441
  28.896   .374   .3658  3.7746  4.1785   1.149   .060  1.445
  28.891   .374   .3678  3.7745  4.1765   1.150   .061  1.449
  28.887   .374   .3698  3.7744  4.1744   1.151   .061  1.453
  28.882   .374   .3719  3.7743  4.1724   1.152   .061  1.457
  28.877   .374   .3739  3.7742  4.1703   1.153   .062  1.461
  28.872   .375   .3759  3.7741  4.1683   1.154   .062  1.465
  28.867   .375   .3779  3.7740  4.1662   1.155   .063  1.469
  28.862   .375   .3799  3.7739  4.1641   1.156   .063  1.473
  28.857   .375   .3820  3.7738  4.1621   1.157   .063  1.477
  28.852   .376   .3842  3.7737  4.1599   1.158   .064  1.482
  28.846   .376   .3867  3.7737  4.1576   1.159   .064  1.486
  28.839   .376   .3891  3.7736  4.1553   1.160   .064  1.491
  28.833   .376   .3915  3.7736  4.1530   1.161   .065  1.496
  28.827   .376   .3940  3.7736  4.1506   1.162   .065  1.500
  28.821   .376   .3964  3.7736  4.1483   1.163   .066  1.505
  28.815   .376   .3989  3.7735  4.1460   1.164   .066  1.510
  28.801   .375   .4043  3.7741  4.1428   1.165   .066  1.516
  28.782   .373   .4113  3.7749  4.1391   1.166   .067  1.523
  28.763   .371   .4182  3.7757  4.1355   1.167   .067  1.530
  28.744   .369   .4252  3.7765  4.1318   1.168   .067  1.537
  28.726   .367   .4322  3.7773  4.1282   1.169   .068  1.544
  28.689   .364   .4458  3.7789  4.1215   1.170   .068  1.557
  28.641   .359   .4636  3.7811  4.1130   1.171   .069  1.573
  28.592   .353   .4822  3.7834  4.1042   1.172   .069  1.589
  28.540   .348   .5014  3.7858  4.0950   1.173   .069  1.607
  28.486   .343   .5220  3.7877  4.0819   1.174   .070  1.632
  28.450   .344   .5368  3.7873  4.0658   1.175   .070  1.663
  28.440   .347   .5414  3.7859  4.0565   1.176   .070  1.682
  28.430   .351   .5460  3.7845  4.0473   1.177   .071  1.701
  28.420   .354   .5506  3.7830  4.0382   1.178   .071  1.719
  28.411   .357   .5552  3.7816  4.0292   1.179   .072  1.738
  28.404   .359   .5583  3.7809  4.0235   1.180   .072  1.750
  28.397   .360   .5613  3.7803  4.0184   1.181   .072  1.761
  28.391   .362   .5642  3.7797  4.0132   1.182   .073  1.772
  28.385   .363   .5672  3.7791  4.0080   1.183   .073  1.784
  28.378   .365   .5701  3.7784  4.0028   1.184   .073  1.795
  28.372   .366   .5730  3.7778  3.9976   1.185   .074  1.807
  28.365   .367   .5759  3.7772  3.9924   1.186   .074  1.818
  28.359   .369   .5789  3.7765  3.9872   1.187   .074  1.830
  28.353   .370   .5818  3.7759  3.9820   1.188   .075  1.842
  28.346   .372   .5847  3.7753  3.9768   1.189   .075  1.854
  28.340   .373   .5876  3.7746  3.9715   1.190   .076  1.866
  28.334   .375   .5905  3.7740  3.9663   1.191   .076  1.878
  28.328   .376   .5934  3.7733  3.9611   1.192   .076  1.890
  28.321   .377   .5962  3.7727  3.9558   1.193   .077  1.902
  28.315   .379   .5991  3.7720  3.9506   1.194   .077  1.915
  28.309   .380   .6020  3.7714  3.9453   1.195   .077  1.927
  28.303   .382   .6049  3.7707  3.9401   1.196   .078  1.939
  28.297   .383   .6077  3.7701  3.9348   1.197   .078  1.952
  28.291   .385   .6106  3.7694  3.9296   1.198   .078  1.965
  28.285   .386   .6134  3.7688  3.9243   1.199   .079  1.977
  28.279   .388   .6163  3.7681  3.9191   1.200   .079  1.990
  28.274   .388   .6184  3.7678  3.9160   1.201   .080  1.998
  28.269   .389   .6206  3.7675  3.9130   1.202   .080  2.006
  28.264   .390   .6227  3.7672  3.9100   1.203   .080  2.014
  28.260   .390   .6249  3.7670  3.9070   1.204   .081  2.022
  28.255   .391   .6270  3.7667  3.9040   1.205   .081  2.029
  28.250   .392   .6291  3.7664  3.9010   1.206   .081  2.037
  28.245   .392   .6313  3.7661  3.8980   1.207   .082  2.045
  28.245   .396   .6324  3.7645  3.8922   1.208   .082  2.060
  28.251   .401   .6319  3.7622  3.8852   1.209   .082  2.077
  28.263   .407   .6290  3.7597  3.8782   1.210   .083  2.095
  28.275   .412   .6263  3.7572  3.8713   1.211   .083  2.112
  28.287   .418   .6237  3.7548  3.8644   1.212   .084  2.130
  28.298   .423   .6213  3.7524  3.8576   1.213   .084  2.148
  28.309   .428   .6191  3.7501  3.8508   1.214   .084  2.166
  28.320   .433   .6170  3.7478  3.8441   1.215   .085  2.183
  28.331   .438   .6151  3.7456  3.8374   1.216   .085  2.201
  28.341   .443   .6133  3.7434  3.8307   1.217   .085  2.219
  28.350   .448   .6116  3.7413  3.8241   1.218   .086  2.237
  28.364   .454   .6090  3.7387  3.8165   1.219   .086  2.257
  28.386   .462   .6043  3.7352  3.8074   1.220   .086  2.282
  28.407   .471   .5998  3.7318  3.7982   1.221   .087  2.307
  28.429   .479   .5953  3.7284  3.7892   1.222   .087  2.332
  28.450   .487   .5910  3.7250  3.7803   1.223   .087  2.357
  28.472   .495   .5868  3.7217  3.7714   1.224   .088  2.383
  28.485   .502   .5855  3.7189  3.7624   1.225   .088  2.408
  28.499   .509   .5841  3.7161  3.7535   1.226   .088  2.434
  28.509   .516   .5842  3.7134  3.7433   1.227   .089  2.464
  28.502   .522   .5910  3.7109  3.7269   1.228   .089  2.512
  28.496   .529   .5974  3.7084  3.7108   1.229   .090  2.560
  28.491   .535   .6033  3.7058  3.6950   1.230   .090  2.608
  28.489   .542   .6088  3.7032  3.6794   1.231   .090  2.656
  28.488   .549   .6138  3.7005  3.6641   1.232   .091  2.705
  28.486   .556   .6195  3.6979  3.6484   1.233   .091  2.755
  28.474   .562   .6285  3.6957  3.6303   1.234   .091  2.814
  28.464   .569   .6371  3.6934  3.6125   1.235   .092  2.874
  28.431   .573   .6527  3.6920  3.5915   1.236   .092  2.945
  28.393   .576   .6701  3.6908  3.5698   1.237   .092  3.021
  28.357   .580   .6872  3.6895  3.5482   1.238   .093  3.098
  28.321   .584   .7040  3.6883  3.5268   1.239   .093  3.177
  28.286   .588   .7206  3.6870  3.5055   1.240   .093  3.257
  28.234   .591   .7434  3.6859  3.4790   1.241   .094  3.359
  28.177   .595   .7680  3.6850  3.4510   1.242   .094  3.471
  28.120   .598   .7924  3.6841  3.4231   1.243   .094  3.585
  28.058   .601   .8191  3.6832  3.3930   1.244   .095  3.713
  27.994   .605   .8468  3.6822  3.3619   1.245   .095  3.850
  27.931   .608   .8741  3.6813  3.3314   1.246   .096  3.990
  27.868   .612   .9009  3.6803  3.3013   1.247   .096  4.132
  27.799   .616   .9306  3.6793  3.2678   1.248   .096  4.296
  27.720   .620   .9650  3.6780  3.2291   1.249   .097  4.494
  27.642   .625   .9988  3.6768  3.1910   1.250   .097  4.697
  27.565   .629  1.0325  3.6756  3.1531   1.251   .097  4.908
  27.462   .635  1.0769  3.6740  3.1024   1.252   .098  5.206
  27.361   .641  1.1209  3.6724  3.0523   1.253   .098  5.517
  27.252   .648  1.1689  3.6706  2.9973   1.254   .098  5.880
  27.127   .656  1.2239  3.6684  2.9337   1.255   .099  6.329
  27.002   .665  1.2793  3.6660  2.8693   1.256   .099  6.819
  26.875   .675  1.3365  3.6635  2.8018   1.257   .099  7.373
  26.753   .683  1.3912  3.6612  2.7378   1.258   .100  7.939
  26.602   .695  1.4595  3.6581  2.6571   1.259   .100  8.716
  26.464   .707  1.5225  3.6552  2.5825   1.260   .100  9.502
  26.273   .726  1.6131  3.6502  2.4741   1.261   .101 10.768
  26.013   .754  1.7381  3.6431  2.3197   1.262   .101 12.869
  25.662   .797  1.9114  3.6328  2.1048   1.263   .101 16.488
  25.131   .877  2.1885  3.6143  1.7550   1.264   .102 24.675
  24.607  1.166  2.7772  3.5617   .9581   1.265   .102 61.778
